n_interc	
0	
0	
0	
0	
0	
0	
0	
0	
0	
0	
0	
0	
0	
0	
0	
0	
0	
0	
0	
0	
0	
0	
0	
0	
0	
0	
0	
0	
0	
0	
0	
0	
0	
0	
0	
0	
0	
0	
0	
0	
0	
0	
0	
0	
0	
0	
0	
0	
0	
0	
0	
0	
0	
0	
0	
0	
0	
0	
0	
0	
0	
0	
0	
0	
0	
0	
0	
0	
0	
0	
0	
1	
1	
1	
1	
1	
1	
1	
1	
2	
2	
2	
2	
2	
2	
2	
4	
4	
5	
5	
5	
5	
5	
5	
5	
5	
5	
5	
5	
5	
52	
54	
56	
56	
57	
58	
59	
61	
61	
63	
64	
68	
69	
70	
73	
76	
77	
80	
83	
84	
84	
87	
88	
91	
91	
95	
98	
99	
104	
105	
107	
109	
111	
112	
114	
116	
117	
117	
122	
124	
124	
127	
128	
129	
132	
134	
137	
139	
139	
140	
143	
145	
147	
149	
151	
152	
152	
155	
156	
158	
160	
160	
164	
165	
165	
169	
171	
173	
174	
176	
180	
180	
181	
183	
185	
186	
187	
189	
193	
193	
194	
199	
201	
202	
204	
206	
206	
208	
211	
212	
215	
216	
216	
222	
222	
224	
226	
227	
229	
229	
498	
500	
506	
508	
512	
517	
522	
525	
529	
532	
534	
537	
541	
546	
548	
553	
557	
561	
565	
570	
571	
575	
578	
579	
589	
591	
597	
601	
609	
611	
614	
619	
622	
626	
630	
635	
638	
642	
642	
646	
651	
655	
657	
662	
666	
667	
672	
675	
678	
680	
682	
683	
685	
686	
690	
695	
701	
703	
705	
707	
709	
712	
712	
716	
720	
721	
724	
726	
727	
728	
730	
733	
734	
737	
737	
739	
742	
744	
744	
748	
749	
750	
751	
754	
755	
756	
757	
759	
760	
761	
763	
763	
764	
765	
767	
767	
768	
770	
771	
772	
3210	
3216	
3220	
3224	
3227	
3233	
3234	
3240	
3246	
3253	
3255	
3262	
3269	
3275	
3279	
3285	
3288	
3291	
3297	
3299	
3301	
3310	
3312	
3317	
3319	
3322	
3327	
3330	
3334	
3339	
3341	
3344	
3349	
3355	
3361	
3365	
3366	
3370	
3371	
3376	
3378	
3382	
3385	
3392	
3392	
3393	
3397	
3399	
3401	
3407	
3408	
3409	
3410	
3412	
3415	
3417	
3420	
3421	
3426	
3429	
3432	
3436	
3440	
3441	
3444	
3446	
3450	
3452	
3453	
3454	
3458	
3459	
3461	
3462	
3464	
3469	
3474	
3475	
3483	
3484	
3487	
3493	
3496	
3497	
3498	
3501	
3505	
3506	
3509	
3509	
3513	
3518	
3520	
3523	
3525	
3525	
3526	
3529	
3533	
3533	
3010	
3014	
3017	
3019	
3022	
3022	
3025	
3029	
3030	
3031	
3034	
3035	
3037	
3037	
3037	
3040	
3041	
3043	
3043	
3044	
3046	
3046	
3049	
3052	
3054	
3057	
3061	
3062	
3065	
3066	
3067	
3067	
3068	
3068	
3071	
3072	
3075	
3076	
3076	
3079	
3084	
3085	
3087	
3089	
3091	
3094	
3096	
3097	
3100	
3101	
3103	
3103	
3105	
3105	
3108	
3108	
3109	
3112	
3114	
3115	
3115	
3118	
3118	
3119	
3120	
3122	
3124	
3129	
3130	
3132	
3134	
3136	
3136	
3137	
3138	
3138	
3141	
3141	
3142	
3142	
3144	
3145	
3146	
3147	
3148	
3150	
3153	
3155	
3156	
3157	
3158	
3158	
3159	
3162	
3162	
3163	
3164	
3164	
3166	
3168	
