id	x	y	type	qual	N	n_links	count	acc	
1	0.5290865972208558	0.08782825570975693	STD	0.12047975316972015	0	18	0	0.8098379946364795	
2	0.5301822646847826	0.10720123054485474	STD	0.6713709229842948	0	18	23	0.9628817149500017	
3	0.5333754021576235	0.11316317727647134	STD	0.447036706420199	0	18	14	0.9071934349038488	
4	0.5228257638719125	0.1527978029111725	STD	0.7894709691711936	0	17	112	0.9042488648348842	
5	0.5110057050013014	0.18322738970304364	STD	0.9324973518770543	5	19	934	0.9554354149963714	
6	0.46055093200691144	0.23803676739353677	STD	0.14582906338922852	0	15	0	0.8410068533561574	
7	0.49049816672070146	0.0769888854245772	STD	0.13760635028702617	0	16	3	0.8154081533871367	
8	0.5243639373822653	0.14811813155714765	STD	0.8161475598960792	0	18	123	0.863817925579113	
9	0.4372574223741947	0.2995079543610299	STD	0.4249793221180156	0	16	1	0.8670096227377789	
10	0.41937970228563354	0.33373740205414487	STD	0.10777197709731468	0	15	1	0.7806222126067732	
11	0.4998163145722239	0.3654513890156738	STD	0.5188259817986844	0	15	1	0.9227359790487585	
12	0.515877597084288	0.3934792280858458	STD	0.8959200116376627	0	12	0	0.8787850666385492	
13	0.527761674424959	0.4273044524055435	STD	0.08944116121979806	0	11	0	0.7303005684596805	
14	0.5279485391483765	0.45960239084181165	STD	0.9160588455810037	0	12	0	0.9616353017071297	
15	0.5178388115657108	0.47324318956320754	STD	0.8115696420130358	0	12	0	0.8958803497084541	
16	0.4983862803694047	0.5086814241359012	STD	0.11005425962240922	0	11	0	0.7530455989868131	
17	0.19045354636733625	0.002995199780724391	STD	0.6141190986252578	0	4	0	0.9724568680051788	
18	0.260845314655781	0.09852695010641736	STD	0.8090279525369009	0	7	0	0.915924409630291	
19	0.23158108780837086	0.14021317238405023	STD	0.015366672187379748	0	8	0	0.7316018220843843	
20	0.2801200648305022	0.15889412442380177	STD	0.4836941058485593	0	8	3	0.9286463505135905	
21	0.23191891500510464	0.15860984189908572	STD	0.878426402188478	0	8	0	0.9208655659934413	
22	0.24223756772992455	0.18442460012929646	STD	0.7226595891025582	2	8	769	0.9175050046379917	
23	0.368004880062751	0.2085094845428714	STD	0.16838708600217345	0	17	84	0.7971352719314508	
24	0.3719839740227433	0.2215652327591495	STD	0.4854631494663677	0	17	531	0.9294420237133254	
25	0.3455553328417463	0.2744769879628167	STD	0.4011944267064995	9	15	603	0.9169555124886706	
26	0.44093575929207557	0.3712978642887976	STD	0.6098625094865879	0	15	0	0.9650171264090849	
27	0.36967671375721445	0.41015518237073767	STD	0.04053564107981322	0	14	6	0.7722867579029435	
28	0.1573274485692997	0.4835700453482871	STD	0.6396129133153445	0	3	82	0.9018258672223295	
29	0.36716528647906305	0.4179604961228007	STD	0.4856246506717514	0	13	5	0.9430671667331072	
30	0.22100419841716157	0.4019146525885682	STD	0.12731118420953225	0	6	460	0.7658472264616628	
31	0.47787268628758284	0.5480021666943438	STD	0.70608748917167	0	11	0	0.915330565347228	
32	0.46676331894608003	0.6284350713290916	STD	0.9674120881741459	0	7	0	0.8306879360602553	
33	0.4608416104655608	0.7277137825604496	STD	0.8718509431674308	0	7	0	0.8294393473319659	
34	0.4626107695368043	0.8130296791693479	STD	0.987690280107314	0	15	3614	0.9425059761093039	
35	0.41096732927400903	0.7751332799821633	STD	0.7049642353759646	0	12	2	0.9715240791262497	
36	0.28631860993830643	0.7727157794916976	STD	0.7938291984774613	0	9	78	0.9555472114570811	
37	0.2593266062207844	0.7914395937162324	STD	0.23087884032199923	5	8	214	0.9759359467197456	
38	0.22221233076092273	0.8261440423391756	STD	0.884578048202163	13	9	787	0.9804278432616299	
39	0.1527652674630883	0.8358499459600879	STD	0.48797678467974603	32	9	1279	0.9782699367073131	
40	0.28962421229098206	0.869035900942634	STD	0.6172408499295683	19	11	1647	0.9801018656061099	
41	0.3153375768362312	0.8870629299068465	STD	0.8466631154764857	1	11	2112	0.9801766331529675	
42	0.38914135655596416	0.9106268739207488	STD	0.5746574535413103	0	13	14	0.9548145456163646	
43	0.48046327153884866	0.8968259831074697	STD	0.6165180126992131	0	13	28	0.9394110305152652	
44	0.49826819224557845	0.9044854921625778	STD	0.7160290156352607	0	14	181	0.9713353728094355	
45	0.530170585639569	0.9121028717198222	STD	0.6477991710336539	0	15	2	0.9642928208204082	
46	0.4847793275811146	0.9204492747618408	STD	0.9401090542445534	0	10	0	0.9483918682761759	
47	0.5764771347969846	0.9306369200322399	STD	0.3139706355027092	0	15	0	0.9042196875167309	
48	0.6001695919630531	0.9436531031548717	STD	0.1332924434646483	0	15	0	0.852952919250831	
49	0.5600944622629316	0.9598293649607524	STD	0.4445396036776188	0	13	0	0.915862004323608	
50	0.676757136993029	0.9547977108106617	STD	0.922297227993147	0	12	0	0.9529148222947345	
51	0.7136194046106153	0.9998054959685726	STD	0.9684371626188695	0	9	0	0.911811989437564	
52	0.7111205214921377	0.9245728367440629	STD	0.5930727908325766	0	11	0	0.9548973723557319	
53	0.7026486286056469	0.8985914288740412	STD	0.4358226104018159	0	13	0	0.7882539797116861	
54	0.6841337084613773	0.8734880730081942	STD	0.9778354469368824	0	15	0	0.7875275563314682	
55	0.7487391586823343	0.8203755982229649	STD	0.05320206670592231	0	12	0	0.7584043343377909	
56	0.6913128608098928	0.8026145346104842	STD	0.33988911616606665	0	18	0	0.8684351826000742	
57	0.7062995413951377	0.7555676817559628	STD	0.6251171780337086	0	15	0	0.8857020511758077	
58	0.6946833467470882	0.6969819624143379	STD	0.9884207109290986	0	14	0	0.8740506396671198	
59	0.7445355675199029	0.6959235961593058	STD	0.10988051306134627	0	8	0	0.7575709567331999	
60	0.7473714992321001	0.650423921638075	STD	0.49981913471024475	0	7	0	0.9081064981007592	
61	0.7721569420072685	0.624518859745052	STD	0.3053656649707266	0	11	0	0.8917934673623467	
62	0.8472347325369116	0.5978493123203564	STD	0.28400150236374255	0	8	0	0.8510492555555285	
63	0.6209223901931383	0.862215538216282	EXIT	0.9103420144537626	0	11	3733	0.9644951395492968	
64	0.6867054774731324	0.6640745017298447	EXIT	0.6819201729499094	0	8	0	0.9020994603928446	
65	0.7439150209175545	0.6185191430027415	EXIT	0.5780411582044505	0	8	0	0.8729307748486608	
66	0.8022264606500168	0.6031697550197176	EXIT	0.029383247317402716	0	7	0	0.7259203969515755	
67	0.7063966504933027	0.6299630166307487	EXIT	0.7901123166623754	0	8	0	0.9676867867833543	
68	0.6461870198678478	0.09215924135885288	EXIT	0.015954524669786974	0	16	2	0.6584990389722316	
69	0.6634258961832257	0.1619477070633198	EXIT	0.6865145381895472	0	16	1023	0.9523410390266097	
70	0.7037625067289622	0.06778424955955283	EXIT	0.9873286959904726	0	12	28	0.8339737488588738	
71	0.6987624479386872	0.18315924981954215	EXIT	0.564878656414497	0	13	123	0.9255173368447555	
72	0.6538685441834395	0.0001945040314274314	STD	0.39970681450522627	0	11	0	0.9405621057496928	
73	0.559825411665789	0.03740877169667725	STD	0.3582070993601554	0	16	0	0.917161933007049	
74	0.576153581988845	0.000263010258388662	STD	0.48938947906194197	0	16	0	0.9549942409511468	
75	0.6133145736295614	0.024517878037257763	STD	0.6620106464642237	0	17	0	0.9611582690514936	
76	0.6463688669273957	0.03557925245900701	STD	0.9125592985784168	0	16	0	0.8437922744373159	
77	0.6875197664588574	0.02368811010106969	STD	0.08104302879388259	0	13	0	0.7623973494085724	
78	0.7032177008976098	0.0027391257024041026	STD	0.9624848820705836	0	11	0	0.8591714878793016	
79	0.0	0.9620241176422757	ENTRY	0.0	1	3	1028	0.850671655431784	
80	0.0	0.9522512971618908	ENTRY	0.0	0	3	1022	0.8501913113625339	
81	0.0	0.9209525094373472	ENTRY	0.0	1	3	1050	0.7736616048219328	
82	0.0	0.6143917028414643	ENTRY	0.0	1	3	1047	0.7157454168835654	
83	0.0	0.38018542291867075	ENTRY	0.0	1	3	1038	0.620429221088063	
