n_interc	
0	
0	
0	
0	
0	
0	
0	
0	
0	
0	
0	
0	
0	
0	
0	
0	
0	
0	
0	
0	
0	
0	
0	
0	
0	
0	
0	
0	
0	
0	
0	
0	
0	
0	
0	
0	
0	
0	
0	
0	
0	
0	
0	
0	
0	
0	
0	
0	
0	
0	
0	
0	
0	
0	
0	
0	
0	
0	
0	
0	
0	
0	
0	
1	
1	
1	
1	
1	
1	
1	
1	
1	
1	
1	
1	
2	
2	
2	
2	
2	
3	
3	
3	
3	
3	
3	
3	
3	
3	
3	
3	
5	
5	
5	
5	
5	
5	
5	
5	
6	
58	
59	
63	
64	
65	
67	
68	
70	
72	
73	
74	
76	
77	
79	
80	
83	
84	
86	
88	
89	
91	
92	
95	
97	
99	
100	
104	
107	
108	
110	
111	
112	
115	
116	
118	
120	
123	
124	
125	
128	
130	
132	
133	
135	
136	
138	
142	
143	
145	
147	
149	
150	
152	
153	
155	
157	
159	
162	
164	
166	
167	
168	
170	
172	
174	
175	
177	
178	
180	
181	
184	
186	
188	
190	
191	
194	
196	
197	
198	
200	
204	
205	
207	
210	
212	
213	
215	
217	
219	
220	
222	
222	
225	
226	
229	
231	
233	
235	
237	
239	
520	
525	
529	
532	
535	
539	
545	
548	
551	
554	
557	
560	
564	
568	
572	
578	
582	
585	
588	
591	
594	
598	
601	
605	
608	
611	
615	
618	
622	
627	
630	
635	
637	
642	
646	
649	
652	
657	
659	
662	
665	
669	
672	
675	
678	
683	
685	
687	
691	
693	
698	
700	
705	
708	
711	
714	
716	
719	
723	
726	
727	
729	
733	
735	
737	
741	
744	
745	
748	
750	
753	
754	
756	
757	
759	
760	
764	
765	
767	
768	
771	
773	
774	
776	
777	
780	
781	
782	
784	
784	
786	
786	
788	
789	
790	
790	
792	
793	
793	
794	
3291	
3294	
3297	
3301	
3307	
3310	
3315	
3318	
3321	
3324	
3327	
3334	
3336	
3341	
3346	
3347	
3351	
3356	
3356	
3359	
3362	
3366	
3369	
3372	
3377	
3379	
3383	
3387	
3391	
3394	
3395	
3398	
3403	
3408	
3414	
3417	
3418	
3421	
3427	
3430	
3433	
3438	
3439	
3442	
3442	
3445	
3448	
3449	
3450	
3454	
3454	
3457	
3462	
3467	
3468	
3469	
3470	
3470	
3473	
3475	
3477	
3478	
3479	
3482	
3487	
3490	
3498	
3502	
3504	
3507	
3511	
3512	
3514	
3517	
3520	
3522	
3524	
3528	
3531	
3533	
3537	
3539	
3540	
3542	
3545	
3548	
3552	
3554	
3557	
3560	
3562	
3563	
3568	
3568	
3571	
3574	
3574	
3577	
3577	
3577	
3048	
3049	
3049	
3052	
3054	
3056	
3057	
3058	
3061	
3061	
3062	
3062	
3064	
3065	
3066	
3069	
3071	
3072	
3073	
3075	
3079	
3079	
3082	
3083	
3083	
3084	
3085	
3086	
3089	
3089	
3090	
3093	
3096	
3100	
3103	
3107	
3108	
3109	
3110	
3111	
3112	
3115	
3118	
3118	
3119	
3121	
3123	
3123	
3123	
3127	
3130	
3131	
3132	
3133	
3135	
3137	
3137	
3137	
3138	
3140	
3142	
3143	
3144	
3146	
3147	
3149	
3150	
3151	
3153	
3155	
3158	
3158	
3160	
3160	
3161	
3162	
3165	
3167	
3169	
3170	
3170	
3171	
3171	
3174	
3175	
3176	
3179	
3180	
3181	
3183	
3183	
3184	
3188	
3188	
3188	
3191	
3193	
3196	
3198	
3199	
