n_interc	
0	
0	
0	
0	
0	
0	
0	
0	
0	
0	
0	
0	
0	
0	
0	
0	
0	
0	
0	
0	
0	
0	
0	
0	
0	
0	
0	
0	
0	
0	
0	
0	
0	
0	
0	
0	
0	
0	
0	
0	
0	
0	
0	
0	
0	
0	
0	
0	
0	
0	
0	
0	
0	
0	
0	
0	
0	
0	
0	
0	
0	
0	
0	
0	
0	
0	
0	
0	
0	
1	
1	
1	
2	
2	
2	
2	
2	
2	
3	
3	
3	
4	
4	
4	
5	
5	
5	
6	
6	
6	
6	
6	
8	
8	
8	
8	
8	
8	
8	
8	
69	
70	
71	
73	
75	
76	
78	
79	
82	
84	
87	
89	
91	
93	
97	
97	
98	
100	
101	
104	
106	
109	
109	
111	
112	
115	
116	
118	
119	
120	
121	
123	
126	
127	
131	
131	
133	
133	
136	
136	
140	
141	
142	
143	
145	
147	
148	
149	
152	
154	
154	
158	
162	
163	
164	
165	
166	
168	
170	
172	
174	
175	
176	
178	
179	
181	
183	
184	
187	
188	
190	
191	
192	
194	
197	
199	
201	
202	
205	
207	
208	
210	
211	
214	
215	
218	
219	
220	
222	
223	
226	
227	
231	
232	
234	
236	
237	
241	
241	
243	
532	
535	
539	
544	
548	
552	
556	
561	
567	
569	
574	
577	
581	
584	
587	
591	
595	
600	
605	
607	
611	
613	
617	
621	
625	
630	
632	
637	
639	
644	
650	
654	
659	
662	
666	
669	
672	
677	
681	
684	
687	
688	
692	
696	
699	
700	
705	
708	
710	
712	
716	
719	
723	
728	
729	
735	
736	
737	
740	
742	
744	
744	
747	
748	
751	
755	
756	
758	
760	
761	
763	
764	
765	
765	
766	
767	
769	
769	
771	
773	
774	
776	
778	
778	
779	
779	
781	
784	
784	
786	
786	
787	
787	
791	
791	
792	
793	
795	
795	
796	
3305	
3310	
3316	
3319	
3324	
3326	
3332	
3336	
3339	
3343	
3348	
3352	
3353	
3360	
3365	
3369	
3373	
3377	
3379	
3385	
3386	
3389	
3392	
3392	
3393	
3398	
3404	
3407	
3409	
3415	
3420	
3422	
3425	
3428	
3432	
3435	
3439	
3444	
3444	
3448	
3450	
3454	
3455	
3457	
3459	
3462	
3468	
3472	
3476	
3480	
3483	
3484	
3488	
3490	
3492	
3495	
3497	
3498	
3501	
3502	
3505	
3508	
3509	
3512	
3515	
3518	
3520	
3523	
3527	
3529	
3530	
3531	
3534	
3534	
3537	
3542	
3544	
3547	
3548	
3551	
3553	
3557	
3560	
3563	
3565	
3567	
3567	
3570	
3571	
3574	
3576	
3578	
3578	
3581	
3582	
3583	
3586	
3587	
3591	
3594	
3061	
3062	
3064	
3066	
3067	
3071	
3073	
3076	
3076	
3076	
3076	
3080	
3084	
3087	
3089	
3091	
3094	
3097	
3099	
3102	
3103	
3105	
3107	
3108	
3111	
3111	
3114	
3115	
3116	
3118	
3119	
3120	
3122	
3124	
3126	
3126	
3127	
3130	
3130	
3132	
3134	
3135	
3137	
3139	
3139	
3142	
3143	
3145	
3147	
3148	
3150	
3153	
3154	
3154	
3156	
3156	
3159	
3161	
3162	
3164	
3166	
3167	
3168	
3168	
3170	
3170	
3171	
3173	
3174	
3175	
3176	
3176	
3179	
3180	
3182	
3182	
3184	
3185	
3186	
3188	
3189	
3190	
3190	
3193	
3193	
3194	
3196	
3198	
3199	
3200	
3202	
3204	
3207	
3210	
3212	
3214	
3216	
3220	
3221	
3222	
