id	type	l1	l2	friction	risk	count	acc	
1	FAST	1	2	0.02151630826214646	0.0	0	77.39038771378513	
2	FAST	1	3	0.027987052819351734	0.0	0	58.72655246157603	
3	FAST	1	4	0.07302656972007415	0.0	0	20.55540522401609	
4	FAST	1	5	0.10800269310982086	0.0	0	13.12459400703441	
5	FAST	1	6	0.2005826597473596	0.0	0	6.748766595486439	
6	FAST	1	7	0.05791240055316788	0.0	0	36.086730158504416	
7	FAST	1	8	0.06855335822514483	0.0	0	23.306011228812316	
8	FAST	1	68	0.36490858423453987	0.048	0	8.238231323910538	
9	FAST	1	69	0.40115801759656244	0.048	0	5.939723608848308	
10	FAST	1	70	0.423550267947518	0.048	0	4.750068702986528	
11	FAST	1	71	0.44235053412726005	0.048	0	4.258566464052819	
12	FAST	1	72	0.28733633203502157	0.0	0	6.8220494148243995	
13	FAST	1	73	0.1906077266698771	0.0	0	20.983214376695784	
14	FAST	1	74	0.20210142113627694	0.0	0	11.540190042128176	
15	FAST	1	75	0.2630703980821981	0.0	0	10.510191195284227	
16	FAST	1	76	0.3008008736105855	0.0	0	7.989659113964967	
17	FAST	1	77	0.3450902934942693	0.0	0	5.163394958008087	
18	FAST	1	78	0.36284036573475764	0.0	0	4.734975556814237	
19	FAST	2	3	0.007516752227496343	0.0	0	204.86377592230926	
20	FAST	2	4	0.05255626523813813	0.0	0	29.992485481965886	
21	FAST	2	5	0.08753238084772358	0.0	0	15.768318065041866	
22	FAST	2	6	0.18130277439888826	0.0	0	7.492139426599615	
23	FAST	2	7	0.06458409111532147	0.0	0	25.96512479047428	
24	FAST	2	8	0.04808305763328943	0.0	0	35.731725784078385	
25	FAST	2	23	0.24993272053144797	0.0	8	5.05498302982136	
26	FAST	2	68	0.36470401260312413	0.048	7	8.210543721640471	
27	FAST	2	69	0.391780317504476	0.048	0	6.446087140738472	
28	FAST	2	70	0.4257275325971185	0.048	1	5.06517771740492	
29	FAST	2	71	0.43263050137245695	0.048	0	4.565548867651449	
30	FAST	2	72	0.3002858035948819	0.0	0	6.171739870302054	
31	FAST	2	73	0.2035572098999793	0.0	0	15.189779282170083	
32	FAST	2	74	0.21505090436637914	0.0	0	10.003554263494802	
33	FAST	2	75	0.2760198696420584	0.0	0	9.051474913881364	
34	FAST	2	76	0.3137503451704458	0.0	0	7.621081866757504	
35	FAST	2	77	0.3580397650541296	0.0	0	5.845504500870174	
36	FAST	3	4	0.04596140765847902	0.0	0	34.22752115378598	
37	FAST	3	5	0.08093752715814509	0.0	0	17.020555227280227	
38	FAST	3	6	0.18231210638901338	0.0	1	8.030454645350202	
39	FAST	3	7	0.06852057262560743	0.0	0	24.113212715444373	
40	FAST	3	8	0.04148820394371095	0.0	0	38.70376880062332	
41	FAST	3	23	0.253869190371492	0.0	15	5.294202269913005	
42	FAST	3	68	0.3624783762095865	0.048	14	8.656034588791504	
43	FAST	3	69	0.3866275625916361	0.048	0	6.619606841771962	
44	FAST	3	70	0.424054534998753	0.048	2	5.160835513053713	
45	FAST	3	71	0.42731742112785376	0.048	0	4.402634427527867	
46	FAST	3	72	0.30422229677540974	0.0	0	6.181140275294299	
47	FAST	3	73	0.20749369141026527	0.0	0	14.251128665793985	
48	FAST	3	74	0.2189873742064232	0.0	0	9.55855525083214	
49	FAST	3	75	0.27995636282258624	0.0	0	9.003052005790012	
50	FAST	3	76	0.3176868383509737	0.0	0	7.833567880136445	
51	FAST	3	77	0.36197625823465746	0.0	0	5.327716465301754	
52	FAST	4	5	0.03612179881582182	0.0	0	43.32166485937258	
53	FAST	4	6	0.131309053093839	0.0	0	11.6024891296791	
54	FAST	4	7	0.11268187659387058	0.0	0	15.129142106720394	
55	FAST	4	8	0.007503043583361338	0.0	0	283.99696309143604	
56	FAST	4	9	0.19906910328632327	0.0	1	6.6976543257194585	
57	FAST	4	23	0.20219244902298494	0.0	2	6.712401220944861	
58	FAST	4	24	0.1883962275027891	0.0	2	6.868893887687876	
59	FAST	4	68	0.38518730849483807	0.048	5	6.755900795171856	
60	FAST	4	69	0.38862564188147486	0.048	0	7.033083114321183	
61	FAST	4	71	0.42626530464684514	0.048	0	4.594035850871883	
62	FAST	4	73	0.25165497981820595	0.0	0	9.265102898322679	
63	FAST	4	74	0.26314868595484764	0.0	0	6.761953148441368	
64	FAST	4	75	0.32411765123052694	0.0	0	6.224159863542231	
65	FAST	4	76	0.36184812675891437	0.0	0	5.625641874786824	
66	FAST	5	6	0.09695465406038882	0.0	0	17.339662909876346	
67	FAST	5	7	0.1480079633072034	0.0	0	10.921621392968664	
68	FAST	5	8	0.04282913807685543	0.0	0	36.47632536143071	
69	FAST	5	9	0.1647147042528731	0.0	0	8.913990626185123	
70	FAST	5	10	0.20580158024837855	0.0	51	5.943034699266153	
71	FAST	5	11	0.315176425388388	0.0	0	5.183032399526801	
72	FAST	5	23	0.1678380499895348	0.0	2	8.0484023104385	
73	FAST	5	24	0.1540418323594195	0.0	0	7.50220374717333	
74	FAST	5	25	0.21818540685428356	0.0	1382	3.85314052640869	
75	FAST	5	68	0.41072317596004826	0.048	1429	3.539531937312062	
76	FAST	5	69	0.4016265693558544	0.048	3	6.040456179513127	
77	FAST	5	71	0.4354848530175842	0.048	0	4.599814495376135	
78	FAST	5	73	0.2869810937621032	0.0	0	6.815268642012798	
79	FAST	5	74	0.2984747765582611	0.0	0	4.873020572747894	
80	FAST	5	75	0.3594437418339404	0.0	0	4.7486102225938875	
81	FAST	6	7	0.22348282140222536	0.0	0	6.36862897486155	
82	FAST	6	8	0.1367366608602571	0.0	0	10.820071754670275	
83	FAST	6	9	0.07023925303818712	0.0	0	20.42543330630503	
84	FAST	6	10	0.11132612125353132	0.0	0	11.822878773274939	
85	FAST	6	11	0.2207009547232989	0.0	0	7.97744143290332	
86	FAST	6	12	0.25762382228263525	0.0	1	6.113855367229175	
87	FAST	6	23	0.1142018866986697	0.0	0	12.932507657699263	
88	FAST	6	24	0.1001154807239066	0.0	0	13.816230638968346	
89	FAST	6	25	0.16454923189317652	0.0	0	10.07108724235211	
90	FAST	6	26	0.15947391760864105	0.0	0	8.668454829491704	
91	FAST	7	8	0.10798518774699241	0.0	0	16.205458134382134	
92	FAST	7	23	0.2485729428477388	0.0	2325	3.444783546550496	
93	FAST	7	24	0.2631165461086946	0.0	236	5.225307535058944	
94	FAST	7	68	0.40415430617655823	0.048	2554	1.974267671458428	
95	FAST	7	69	0.4403988038214797	0.048	0	4.301406176881398	
96	FAST	7	72	0.25068690991330783	0.0	0	6.041237683283193	
97	FAST	7	73	0.15395831621840525	0.0	0	15.183000358354086	
98	FAST	7	74	0.16545201068480506	0.0	0	10.57581139069695	
99	FAST	7	75	0.22642097596048436	0.0	0	8.226793096597541	
100	FAST	7	76	0.26415145148887176	0.0	0	6.882602943719406	
101	FAST	8	9	0.20593583471103105	0.0	6	6.051828307878866	
102	FAST	8	23	0.20905918044769273	0.0	55	6.113323618698618	
103	FAST	8	24	0.19526296281757746	0.0	30	6.347886975293066	
104	FAST	8	68	0.381788758681206	0.048	90	6.75129511280381	
105	FAST	8	69	0.3874760334580042	0.048	1	6.473837158627525	
106	FAST	8	71	0.4256121061407696	0.048	0	4.731890039291054	
107	FAST	8	72	0.34401116178742613	0.0	0	4.4958233530206435	
108	FAST	8	73	0.2472825797627654	0.0	0	9.617153733300874	
109	FAST	8	74	0.25877625866884274	0.0	0	6.365455022381624	
110	FAST	8	75	0.3197452278346027	0.0	0	6.041040877029542	
111	FAST	8	76	0.3574757033629901	0.0	0	5.14339682713736	
112	FAST	9	10	0.042910483552879006	0.0	0	36.94425352553888	
113	FAST	9	11	0.15228532869288847	0.0	0	13.205152960330146	
114	FAST	9	12	0.18920818458198294	0.0	0	8.853030408039086	
115	FAST	9	13	0.22995744825989792	0.0	0	6.88378903034816	
116	FAST	9	14	0.25331769753086336	0.0	0	5.362442708701028	
117	FAST	9	15	0.24757465090643752	0.0	0	5.2549542348862	
118	FAST	9	23	0.17921559053844677	0.0	0	10.862549522662755	
119	FAST	9	24	0.16512918067360308	0.0	0	11.731196640546928	
120	FAST	9	25	0.17977600333395677	0.0	0	11.9708507229732	
121	FAST	9	26	0.09105827990798876	0.0	0	18.945448359139274	
122	FAST	9	27	0.17848346569391205	0.0	0	8.753172017140129	
123	FAST	9	29	0.1855811706559399	0.0	7	8.321612197990115	
124	FAST	10	11	0.10937484514000945	0.0	0	14.816961162439389	
125	FAST	10	12	0.1462977010291039	0.0	0	10.700316417768265	
126	FAST	10	13	0.18704696470701887	0.0	0	7.334812005801129	
127	FAST	10	14	0.21040721786806496	0.0	0	6.973157456289275	
128	FAST	10	15	0.2046641673535585	0.0	0	6.484096734734714	
129	FAST	10	16	0.20323672949747695	0.0	0	5.447768678216726	
130	FAST	10	23	0.213153638132304	0.0	0	8.46583537581219	
131	FAST	10	24	0.199016878953885	0.0	0	9.402986652255224	
132	FAST	10	25	0.13705416535107862	0.0	0	13.371748939060147	
133	FAST	10	26	0.04814779635510974	0.0	0	32.37315368486842	
134	FAST	10	27	0.1355729938112749	0.0	1	13.677822675743563	
135	FAST	10	29	0.14267068710306088	0.0	50	11.96793641622527	
136	FAST	11	12	0.0364924262477068	0.0	0	41.99973510137307	
137	FAST	11	13	0.07678160230952209	0.0	0	19.81100466496533	
138	FAST	11	14	0.1121667443368769	0.0	0	12.934699806989936	
139	FAST	11	15	0.13120902745063714	0.0	0	11.236987185756718	
140	FAST	11	16	0.21670056307836655	0.0	0	7.724733277432406	
141	FAST	11	24	0.31300570982660975	0.0	0	4.823196968866839	
142	FAST	11	25	0.2510430001138839	0.0	0	5.4690242672524425	
143	FAST	11	26	0.0629029032998397	0.0	0	22.76433562240059	
144	FAST	11	27	0.15032809297584365	0.0	0	8.676427711460928	
145	FAST	11	29	0.1574258018279521	0.0	0	7.8745620881783935	
146	FAST	11	31	0.2612748846871239	0.0	0	5.391609294590521	
147	FAST	12	13	0.041186765485885346	0.0	0	39.540682815925486	
148	FAST	12	14	0.0765719114033208	0.0	0	19.545230441617196	
149	FAST	12	15	0.09561419451708102	0.0	0	15.477345001377136	
150	FAST	12	16	0.14372326122945295	0.0	0	11.01415456896182	
151	FAST	12	26	0.09403059326424705	0.0	0	16.29573370673589	
152	FAST	12	27	0.1814557907204122	0.0	1	7.565298715039754	
153	FAST	12	29	0.18855348401219818	0.0	0	7.41011695765917	
154	FAST	12	31	0.19481717124778766	0.0	0	7.055239102727287	
155	FAST	13	14	0.035643937421330284	0.0	0	43.986162613853374	
156	FAST	13	15	0.05468622442517113	0.0	0	28.55113136960937	
157	FAST	13	16	0.10279528335738179	0.0	0	15.373771152029665	
158	FAST	13	26	0.13496519205354798	0.0	0	11.50618857324963	
159	FAST	13	27	0.22239038950971318	0.0	0	7.138497228949426	
160	FAST	13	29	0.22948808669157972	0.0	0	6.7767117315752445	
161	FAST	13	31	0.15388919337571655	0.0	0	9.064095384683599	
162	FAST	14	15	0.019130319528464904	0.0	0	83.21198618990444	
163	FAST	14	16	0.06723938624083681	0.0	0	24.474975413702282	
164	FAST	14	26	0.1630868027618412	0.0	0	9.349424460953536	
165	FAST	14	27	0.2503014029230186	0.0	0	6.22054007906447	
166	FAST	14	29	0.25739912344536897	0.0	0	6.299240206922596	
167	FAST	14	31	0.1183333001492522	0.0	0	12.414264877988323	
168	FAST	14	32	0.21194727355834295	0.0	0	5.787201045244117	
169	FAST	15	16	0.048585982817270716	0.0	0	32.68406984517527	
170	FAST	15	26	0.15747477794306555	0.0	0	9.36007570929104	
171	FAST	15	27	0.244689378104243	0.0	0	6.92728450320239	
172	FAST	15	29	0.25178707528610955	0.0	0	6.23459038486197	
173	FAST	15	31	0.09967989283560547	0.0	0	15.300492709261656	
174	FAST	15	32	0.1932938779149381	0.0	0	6.586211380390015	
175	FAST	16	26	0.15613073174541822	0.0	0	7.762478397883432	
176	FAST	16	27	0.24334533190659563	0.0	0	6.329219818023803	
177	FAST	16	29	0.250443052428946	0.0	0	6.3324355254494575	
178	FAST	16	31	0.05291526521902438	0.0	0	30.940048611678545	
179	FAST	16	32	0.14652924640827636	0.0	0	9.467704225719606	
180	FAST	17	18	0.144492633596006	0.0	28	10.127886281003681	
181	FAST	17	19	0.20948451408345695	0.0	11	7.762198981815414	
182	FAST	17	20	0.22112509410431017	0.0	116	5.546028480501169	
183	FAST	17	21	0.2301959607734761	0.0	6	6.203719861068855	
184	FAST	18	19	0.06547912086633792	0.0	0	25.822350459801296	
185	FAST	18	20	0.07711971255743301	0.0	0	20.085622325125495	
186	FAST	18	21	0.08619056366627643	0.0	1	19.706736243076715	
187	FAST	18	22	0.11826343430116347	0.0	0	14.141549279783574	
188	FAST	18	23	0.2031332533527576	0.0	25	7.146023609932904	
189	FAST	18	24	0.21725088889480668	0.0	4	6.696291319677634	
190	FAST	19	20	0.0557718564567446	0.0	4	25.975538418702104	
191	FAST	19	21	0.020826386902350846	0.0	1	79.81665409520424	
192	FAST	19	22	0.052899253647157266	0.0	0	28.934116161819784	
193	FAST	19	23	0.18178540114214978	0.0	1391	5.905216196456882	
194	FAST	19	24	0.19590302501395698	0.0	151	6.206554932921735	
195	FAST	19	25	0.25918542512951476	0.0	201	5.445045207608539	
196	FAST	20	21	0.051960300995763854	0.0	3	27.179836465591094	
197	FAST	20	22	0.057609725049702395	0.0	0	29.93737996774012	
198	FAST	20	23	0.12831906321120456	0.0	93	12.23388411682948	
199	FAST	20	24	0.14243669875325368	0.0	11	10.595962197357654	
200	FAST	20	25	0.20571908719856957	0.0	17	8.285241448121367	
201	FAST	21	22	0.03241731782414188	0.0	1	49.69314291501453	
202	FAST	21	23	0.177942145414127	0.0	933	6.785947285062155	
203	FAST	21	24	0.1920597848462567	0.0	102	7.447290615620403	
204	FAST	21	25	0.25534216940149196	0.0	206	5.94789246559512	
205	FAST	22	23	0.18354915202889183	0.0	1	9.298562038502958	
206	FAST	22	24	0.19766678757094094	0.0	0	8.663060396937166	
207	FAST	22	25	0.2609491876864987	0.0	0	7.8870365104835285	
208	FAST	23	24	0.014785710209034767	0.0	0	103.22867550184701	
209	FAST	23	25	0.07806810643451191	0.0	0	18.398415032493713	
210	FAST	23	26	0.26582657077857297	0.0	0	5.7010065101951115	
211	FAST	24	25	0.06401010971857911	0.0	0	22.353808082754686	
212	FAST	24	26	0.25176857017255955	0.0	0	5.980056162066199	
213	FAST	24	27	0.3391937559584829	0.0	3	5.1011498207228305	
214	FAST	25	26	0.1896613206239994	0.0	0	8.694636569819144	
215	FAST	25	27	0.2770865064099227	0.0	0	7.314501259010108	
216	FAST	25	29	0.28418422304219243	0.0	611	6.143951304134707	
217	FAST	25	30	0.4521379951502652	0.0	363	4.321276934070435	
218	FAST	26	27	0.08793642018212716	0.0	0	16.355372829207283	
219	FAST	26	29	0.09503412125407436	0.0	0	14.359056394195715	
220	FAST	26	31	0.2001531209344359	0.0	0	6.009967350949394	
221	FAST	27	29	0.009295402123045745	0.0	0	178.88111642086756	
222	FAST	27	30	0.1772491897914411	0.0	5	7.620710564487797	
223	FAST	27	31	0.28774323446876776	0.0	0	5.718564796210063	
224	FAST	28	30	0.15944353607893208	0.0	17	10.762478263143734	
225	FAST	29	30	0.16795380711879848	0.0	2	7.747665736850836	
226	FAST	29	31	0.2954023675373496	0.0	0	5.739654863523407	
227	FAST	31	32	0.09361397729917137	0.0	0	15.391224287753987	
228	FAST	31	33	0.20448155529861253	0.0	0	5.488584237455221	
229	FAST	32	33	0.11533800808672107	0.0	0	12.530047439770144	
230	FAST	32	34	0.21282922874836685	0.0	0	6.292229079517195	
231	FAST	32	35	0.1856925008734483	0.0	0	7.069272612352303	
232	FAST	33	34	0.09994297898851423	0.0	0	14.886031848285352	
233	FAST	33	35	0.08939985684434527	0.0	0	18.91398935763507	
234	FAST	33	36	0.23577195177538954	0.0	0	5.941447256583687	
235	FAST	33	43	0.21187265792180676	0.0	0	6.622538930946707	
236	FAST	33	44	0.23313834384937832	0.0	0	5.426321642247348	
237	FAST	34	35	0.07425086367565223	0.0	0	20.128660198346193	
238	FAST	34	36	0.22119958914834686	0.0	3	5.982304166865288	
239	FAST	34	40	0.21309968660406667	0.0	302	5.165075969986574	
240	FAST	34	41	0.19701331626663482	0.0	5	6.554986216187693	
241	FAST	34	42	0.19652467156864095	0.0	9	8.688135302022978	
242	FAST	34	43	0.11495453171851999	0.0	0	14.504707258932633	
243	FAST	34	44	0.1362202176460916	0.0	0	11.970193441508082	
244	FAST	34	45	0.17083477360173724	0.0	0	10.294683402954576	
245	FAST	34	46	0.1415772009986984	0.0	0	10.061461465769872	
246	FAST	34	47	0.2729031837234328	0.0	0	6.16426498127797	
247	FAST	34	48	0.30365908701192784	0.0	0	5.42087221867613	
248	FAST	34	49	0.2550983585980977	0.0	0	5.723572451957196	
249	FAST	34	63	0.41350450727089905	0.048	318	4.278123554720801	
250	FAST	35	36	0.15314777123847956	0.0	1	9.659358521732036	
251	FAST	35	37	0.18349454307702828	0.0	0	7.356043610924613	
252	FAST	35	40	0.18010409662424917	0.0	6	7.702601784575981	
253	FAST	35	41	0.1906017709564348	0.0	0	8.08004044290266	
254	FAST	35	42	0.2441990567814982	0.0	0	7.816279459548427	
255	FAST	35	43	0.16262891693137727	0.0	0	8.216938872608983	
256	FAST	35	44	0.18389460285894885	0.0	4	6.913958448024864	
257	FAST	35	45	0.21850915881459448	0.0	3	5.438240168301975	
258	FAST	35	46	0.18925158232147501	0.0	0	6.959542597984265	
259	FAST	36	37	0.03814278128412667	0.0	0	42.395489676258094	
260	FAST	36	38	0.11676273844668511	0.0	0	15.295391590804817	
261	FAST	36	39	0.19725989680743664	0.0	6	7.53954274086192	
262	FAST	36	40	0.1635373363399172	0.0	0	12.827033862677498	
263	FAST	36	41	0.3269651669101407	0.0	0	8.972138176284941	
264	FAST	36	42	0.39092006082427827	0.0	2	5.27713155567684	
265	FAST	37	38	0.08093381602122546	0.0	0	25.027899912773492	
266	FAST	37	39	0.15061684588073954	0.0	0	10.26003045169505	
267	FAST	37	40	0.14019839693063493	0.0	0	14.440990193326009	
268	FAST	37	41	0.3579232571393046	0.0	0	8.72875218660928	
269	FAST	37	42	0.4218781277129583	0.0	0	5.129981015561443	
270	FAST	38	39	0.08372419808664779	0.0	0	19.111048666389475	
271	FAST	38	40	0.11208962348841593	0.0	2	15.757565779717027	
272	FAST	38	41	0.40779445257479646	0.0	9	8.257253697226115	
273	FAST	38	42	0.46110764581155694	0.0	114	4.595535730481131	
274	FAST	39	40	0.19341849275779302	0.0	15	8.41107856905328	
275	FAST	39	41	0.48912332573425416	0.0	49	5.048644534781273	
276	FAST	40	41	0.2986730228472532	0.0	0	36.08884142881937	
277	FAST	40	42	0.3519861888534493	0.0	12	9.31465238489326	
278	FAST	40	43	0.30170619262486453	0.0	476	4.509849951926232	
279	FAST	41	42	0.25357444285234754	0.0	0	13.82142885779833	
280	FAST	41	43	0.20648708636666077	0.0	5	6.627613278450969	
281	FAST	41	44	0.22937622353302517	0.0	48	5.158388266521067	
282	FAST	41	46	0.2310540153081182	0.0	0	6.23941063369176	
283	FAST	42	43	0.11780820928584947	0.0	5	14.068270280279577	
284	FAST	42	44	0.13084020112608316	0.0	41	11.361772389834865	
285	FAST	42	45	0.16679591294946913	0.0	72	8.208107480402719	
286	FAST	42	46	0.1325179929011762	0.0	0	13.50871004231051	
287	FAST	42	47	0.24937123796376515	0.0	0	6.091941634768378	
288	FAST	42	49	0.20710935144416465	0.0	0	5.844795032987425	
289	FAST	43	44	0.023101644490940768	0.0	0	74.73422464977565	
290	FAST	43	45	0.05771618877634452	0.0	0	25.114573988339476	
291	FAST	43	46	0.0288340089539606	0.0	0	57.30877648112456	
292	FAST	43	47	0.159784610568282	0.0	0	11.690678896895333	
293	FAST	43	48	0.19054051385677703	0.0	0	9.030672133981723	
294	FAST	43	49	0.14197978544294687	0.0	0	11.99636161946181	
295	FAST	43	63	0.3923885515678148	0.048	475	5.624899494147562	
296	FAST	44	45	0.03650977211722949	0.0	0	41.01888056091679	
297	FAST	44	46	0.02575993886862073	0.0	0	72.50132318128186	
298	FAST	44	47	0.14086488833480484	0.0	0	14.95900413396901	
299	FAST	44	48	0.171620779953058	0.0	0	10.706576646719784	
300	FAST	44	49	0.12306006320946969	0.0	0	15.568528417956417	
301	FAST	44	50	0.2795338767258421	0.0	0	5.247302977006324	
302	FAST	44	54	0.4062621031342436	0.0	0	4.540956003542028	
303	FAST	44	63	0.3774616757931424	0.048	93	7.187090493742544	
304	FAST	45	46	0.05900224943214269	0.0	0	29.523118001859007	
305	FAST	45	47	0.11029916330807826	0.0	0	26.090158021783	
306	FAST	45	48	0.1410550549263314	0.0	0	16.838557669413326	
307	FAST	45	49	0.07388850655518356	0.0	0	23.570481567573765	
308	FAST	45	50	0.2303623317417979	0.0	0	7.181272685119838	
309	FAST	45	52	0.29512067512879453	0.0	0	5.606639389750415	
310	FAST	45	53	0.3237251926661545	0.0	0	5.739352588796771	
311	FAST	45	54	0.3570905581501994	0.0	0	6.064876317969663	
312	FAST	45	56	0.4526480314016355	0.0	0	4.482273781601966	
313	FAST	45	63	0.3512879165346726	0.048	75	9.62719484041079	
314	FAST	46	47	0.15177768484110474	0.0	0	13.238595344627969	
315	FAST	46	48	0.1825335725692773	0.0	0	10.124796931222384	
316	FAST	46	49	0.1095157983215043	0.0	0	14.744028780344664	
317	FAST	47	48	0.033308403033401005	0.0	0	52.67009571133382	
318	FAST	47	49	0.04335293354340888	0.0	0	41.46595816748078	
319	FAST	47	50	0.13698732987579948	0.0	0	12.162107860145417	
320	FAST	47	51	0.1911754722673719	0.0	0	7.428755640377883	
321	FAST	47	52	0.21128708019471065	0.0	0	8.17777779531116	
322	FAST	47	53	0.2398915977320707	0.0	0	7.836758959743339	
323	FAST	47	54	0.2732569865565993	0.0	0	8.861637104788665	
324	FAST	47	56	0.3688144364675517	0.0	0	5.484522078799956	
325	FAST	47	63	0.32931771848225994	0.048	0	12.190005237377544	
326	FAST	48	49	0.07429681330803665	0.0	0	31.437493646229854	
327	FAST	48	50	0.10466340899746844	0.0	0	16.53800743457768	
328	FAST	48	51	0.15885155138904086	0.0	0	8.91761241585382	
329	FAST	48	52	0.17896317098662154	0.0	0	10.577080885842378	
330	FAST	48	53	0.2075677001942234	0.0	0	10.40524410095278	
331	FAST	48	54	0.2409330695683489	0.0	0	9.976819789190536	
332	FAST	48	55	0.31065396158262065	0.0	0	4.662907272120363	
333	FAST	48	56	0.33649051558922066	0.0	0	5.812709823320288	
334	FAST	48	63	0.33176830010421277	0.048	0	12.55669629807149	
335	FAST	49	50	0.1566683642287674	0.0	0	10.020929561020493	
336	FAST	49	51	0.1845573986865216	0.0	0	7.04066236849498	
337	FAST	49	52	0.22142669594552217	0.0	0	6.907591650773206	
338	FAST	49	53	0.25003121348288215	0.0	0	7.208554979301701	
339	FAST	49	54	0.28339660619749146	0.0	0	6.8686047574768105	
340	FAST	50	51	0.08115968188268026	0.0	0	23.07304653636844	
341	FAST	50	52	0.07399500529255132	0.0	0	29.127485345875243	
342	FAST	50	53	0.10259952671999197	0.0	0	21.705468062192715	
343	FAST	50	54	0.13596489609411744	0.0	0	15.544971403810836	
344	FAST	50	55	0.20568579977863108	0.0	0	7.187963352351048	
345	FAST	50	56	0.2315223537852311	0.0	0	7.030345708120371	
346	FAST	50	57	0.28310399822269255	0.0	0	4.859949131737902	
347	FAST	51	52	0.0866936794642085	0.0	0	16.76021805460556	
348	FAST	51	53	0.1152981970015685	0.0	0	12.321811780348067	
349	FAST	51	54	0.14866356637569397	0.0	0	9.434472145371139	
350	FAST	51	55	0.21838445838996573	0.0	0	6.300307398743009	
351	FAST	51	56	0.2442210123965657	0.0	0	4.994733400165238	
352	FAST	52	53	0.027119747672974932	0.0	0	51.287284014641266	
353	FAST	52	54	0.06466182659652175	0.0	0	22.197313076980702	
354	FAST	52	55	0.13438272639095475	0.0	0	10.845684779720182	
355	FAST	52	56	0.16021928039755476	0.0	0	10.226219416788124	
356	FAST	52	57	0.2118009365052582	0.0	0	6.305198048253127	
357	FAST	53	54	0.03255763303241363	0.0	0	44.860042502644355	
358	FAST	53	55	0.1392847375834884	0.0	0	14.976312557791573	
359	FAST	53	56	0.12811509072352725	0.0	0	12.772414292550081	
360	FAST	53	57	0.1796967429411501	0.0	0	8.151737344938574	
361	FAST	53	58	0.2558494359154547	0.0	0	4.940403130974265	
362	FAST	53	63	0.337184139804537	0.048	0	12.448823313826937	
363	FAST	54	55	0.09882882488577224	0.0	0	15.222119832523507	
364	FAST	54	56	0.09594506921502285	0.0	0	17.772035611612058	
365	FAST	54	57	0.14752673699296817	0.0	0	9.966480371659598	
366	FAST	54	58	0.2236794182970309	0.0	0	6.09270186480845	
367	FAST	54	59	0.23363279643775064	0.0	0	5.7594266338730105	
368	FAST	54	63	0.31193667033525635	0.048	0	17.183042623506864	
369	FAST	55	56	0.10245118238530287	0.0	0	21.330844598404376	
370	FAST	55	57	0.11688081406400345	0.0	0	15.912090709418276	
371	FAST	55	58	0.19303349536806622	0.0	0	8.189731728279078	
372	FAST	55	59	0.15404239253103003	0.0	0	9.551031075106335	
373	FAST	55	60	0.199998124561872	0.0	0	6.440851668141472	
374	FAST	55	61	0.21647929140213404	0.0	0	5.452162228225056	
375	FAST	56	57	0.051750960196819136	0.0	0	27.31929486912647	
376	FAST	56	58	0.12790363761080126	0.0	0	12.128120887058879	
377	FAST	56	59	0.1378570196416016	0.0	0	10.145218852543653	
378	FAST	56	60	0.1863277627103322	0.0	0	6.923796887604911	
379	FAST	56	61	0.2295672264918869	0.0	0	5.065979487981812	
380	FAST	56	63	0.3399620284812417	0.048	0	10.90767715415948	
381	FAST	56	64	0.38634472259083835	0.048	0	6.592800239061475	
382	FAST	56	65	0.43919115018064	0.048	0	4.5399713181330315	
383	FAST	56	67	0.42103726473208475	0.048	0	5.3303256078646655	
384	FAST	57	58	0.07675344979601327	0.0	0	22.701674890820993	
385	FAST	57	59	0.08670683571689426	0.0	0	19.207305395762674	
386	FAST	57	60	0.13517757878562484	0.0	0	11.097058383000931	
387	FAST	57	61	0.17841704256717958	0.0	0	7.537754142378043	
388	FAST	57	63	0.384340773682992	0.048	0	7.205549726667304	
389	FAST	57	64	0.3412958770645092	0.048	0	10.593333578562163	
390	FAST	57	65	0.38984504348251814	0.048	0	6.6133992963542365	
391	FAST	57	66	0.42780336506585737	0.048	0	4.552720674085377	
392	FAST	57	67	0.37333280038000694	0.048	0	7.284766302070467	
393	FAST	58	59	0.07200593315564248	0.0	0	26.23023404526867	
394	FAST	58	60	0.08743951295287825	0.0	0	18.966086582368398	
395	FAST	58	61	0.1310579211587018	0.0	0	11.490956174114089	
396	FAST	58	62	0.255370979338627	0.0	0	5.644299513447713	
397	FAST	58	63	0.42867785119451274	0.048	0	5.00038371084517	
398	FAST	58	64	0.2815888030664809	0.048	0	34.248827849849945	
399	FAST	58	65	0.3403573143357273	0.048	0	10.585749309034414	
400	FAST	58	66	0.39043847436779794	0.048	0	6.757713463427444	
401	FAST	58	67	0.31576294598180515	0.048	0	15.927610565932046	
402	FAST	59	60	0.049577043098683535	0.0	0	28.608613776968294	
403	FAST	59	61	0.09281650299015765	0.0	0	15.417424684004088	
404	FAST	59	62	0.19190307683821625	0.0	0	8.329563318228498	
405	FAST	60	61	0.04366750880351709	0.0	0	38.62418172358165	
406	FAST	60	62	0.16798056309336168	0.0	0	10.242904602238195	
407	FAST	61	62	0.1284738884202208	0.0	0	16.664421573605374	
408	FAST	61	64	0.34189073151411264	0.048	0	11.20413891610601	
409	FAST	61	65	0.27660027650124386	0.048	0	40.76810983635302	
410	FAST	61	66	0.2846057362515169	0.048	0	32.61284727767767	
411	FAST	61	67	0.313713359586781	0.048	0	16.43902315814674	
412	FAST	62	64	0.4213812504185731	0.048	0	5.010614522298975	
413	FAST	62	65	0.3530950978131749	0.048	0	9.827107980955303	
414	FAST	62	66	0.29304974429611425	0.048	0	23.94871312544195	
415	FAST	62	67	0.39218104977363377	0.048	0	6.199617540752773	
416	FAST	64	65	0.3208596406357785	0.048	0	14.30128171947413	
417	FAST	64	66	0.37832092189058875	0.048	0	7.037720732632895	
418	FAST	64	67	0.28711509697401516	0.048	0	29.903629966733977	
419	FAST	65	66	0.30802592284334046	0.048	0	17.67061105336669	
420	FAST	65	67	0.2869529669048198	0.048	0	29.71988482541753	
421	FAST	66	67	0.34723302916346765	0.048	0	10.171166008572055	
422	FAST	68	69	0.31961417983176404	0.048	0	14.88862825543837	
423	FAST	68	70	0.31025070892562745	0.048	0	16.71086416468444	
424	FAST	68	71	0.35282413558903386	0.048	0	9.573906678115945	
425	FAST	68	73	0.3499823949333256	0.048	0	9.862371998414657	
426	FAST	68	74	0.36326856556838494	0.048	0	8.452769153480592	
427	FAST	68	75	0.32293415966345773	0.048	0	14.630881499568524	
428	FAST	68	76	0.3043083788413486	0.048	0	19.862881480494927	
429	FAST	68	77	0.3277074185209801	0.048	0	13.81156562174525	
430	FAST	68	78	0.3537868345681008	0.048	0	10.032918204218253	
431	FAST	69	70	0.35016734253612003	0.048	0	9.939785242272738	
432	FAST	69	71	0.2889421904033205	0.048	0	28.37931267991946	
433	FAST	69	73	0.409725032299345	0.048	0	5.266433293737296	
434	FAST	69	74	0.43146268347934347	0.048	0	4.61704303433874	
435	FAST	69	75	0.3940090006189977	0.048	0	6.467692007645899	
436	FAST	69	76	0.375242522649161	0.048	0	7.611258702503888	
437	FAST	69	77	0.3880713581061336	0.048	0	6.789516053964459	
438	FAST	69	78	0.4118340394161036	0.048	0	5.6716705323333	
439	FAST	70	71	0.36321139206122	0.048	0	8.992945202168034	
440	FAST	70	73	0.39483539525942135	0.048	0	6.156504411124212	
441	FAST	70	74	0.39209968574495196	0.048	0	6.704346911000897	
442	FAST	70	75	0.3479917875872324	0.048	0	10.312108355316784	
443	FAST	70	76	0.3135398879049619	0.048	0	16.4392934443408	
444	FAST	70	77	0.29472060910445375	0.048	0	24.041399450593186	
445	FAST	70	78	0.31277550312885255	0.048	0	15.662173360950035	
446	FAST	71	75	0.4279180643201304	0.048	0	4.78878018634108	
447	FAST	71	76	0.404332513209376	0.048	0	5.643955086106796	
448	FAST	71	77	0.40759504955365466	0.048	0	5.720740546147296	
449	FAST	71	78	0.4282032219443983	0.048	0	4.987540251867105	
450	FAST	72	73	0.14025606737595317	0.0	0	12.058761930379452	
451	FAST	72	74	0.08725546934826098	0.0	0	16.588979995358066	
452	FAST	72	75	0.06345545813248002	0.0	0	28.09624969014171	
453	FAST	72	76	0.04017865109099696	0.0	0	36.308622099608506	
454	FAST	72	77	0.04570755266690181	0.0	0	32.58598813149277	
455	FAST	72	78	0.06345764046771263	0.0	0	27.03895128974337	
456	FAST	73	74	0.05432577344421043	0.0	0	34.15919127725546	
457	FAST	73	75	0.11529474650005098	0.0	0	24.71529753961973	
458	FAST	73	76	0.1530252220284384	0.0	0	13.527725316623354	
459	FAST	73	77	0.19731463802204155	0.0	0	8.177285474195514	
460	FAST	73	78	0.21506473749309424	0.0	0	7.813770693399094	
461	FAST	74	75	0.0623156956289603	0.0	0	31.659903722456836	
462	FAST	74	76	0.10004617115734774	0.0	0	16.435755587015354	
463	FAST	74	77	0.14433558326087026	0.0	0	10.855689380481797	
464	FAST	74	78	0.16208567884184233	0.0	0	9.348432095988342	
465	FAST	75	76	0.042285826075788555	0.0	0	37.283526325866	
466	FAST	75	77	0.087860882596482	0.0	0	17.517194658472356	
467	FAST	75	78	0.10561097428737345	0.0	0	14.712198233684036	
468	FAST	76	77	0.06410468924890102	0.0	0	30.456389591784603	
469	FAST	76	78	0.08185477704971184	0.0	0	20.663278169556946	
470	FAST	77	78	0.02740920468246461	0.0	0	54.32933583459694	
471	FAST	28	79	0.20612858364430175	0.0	23	6.697507734827337	
472	FAST	30	79	0.27050277292599967	0.0	355	3.7179917845960633	
473	FAST	29	79	0.4327802795818124	0.0	680	1.4744720579697457	
474	FAST	19	80	0.2870918265906931	0.0	575	3.616433055515516	
475	FAST	21	80	0.3105514023557079	0.0	413	3.4801728779017136	
476	FAST	17	80	0.27691923629253795	0.0	45	3.477076704524927	
477	FAST	39	81	0.19292456236102407	0.0	72	5.533959378449618	
478	FAST	38	81	0.30326633881740034	0.0	127	3.1468514811693673	
479	FAST	40	81	0.40325558067967227	0.0	784	2.1009936796179134	
480	FAST	17	82	0.212651112487616	0.0	58	4.606449841115209	
481	FAST	19	82	0.28543925894852107	0.0	621	3.530187151326239	
482	FAST	21	82	0.3730484742998388	0.0	370	3.1140556503566907	
483	FAST	17	83	0.25867514129609165	0.0	56	3.7995335017684155	
484	FAST	19	83	0.30723196047296975	0.0	547	3.655379755365039	
485	FAST	21	83	0.24827020378406228	0.0	460	3.808903648376995	
