n_interc	
0	
0	
0	
0	
0	
0	
0	
0	
0	
0	
0	
0	
0	
0	
0	
0	
0	
0	
0	
0	
0	
0	
0	
0	
0	
0	
0	
0	
0	
0	
0	
0	
0	
0	
0	
0	
0	
0	
0	
0	
0	
0	
0	
0	
0	
0	
0	
0	
0	
0	
0	
0	
0	
0	
0	
0	
0	
0	
0	
0	
0	
0	
0	
0	
0	
0	
0	
0	
0	
0	
0	
0	
0	
0	
1	
1	
1	
1	
2	
2	
2	
2	
2	
2	
2	
2	
3	
3	
3	
3	
3	
3	
3	
3	
3	
4	
4	
4	
4	
4	
44	
47	
48	
48	
50	
52	
54	
54	
56	
58	
59	
61	
63	
65	
66	
68	
71	
72	
74	
75	
78	
81	
81	
82	
85	
85	
87	
89	
91	
93	
95	
97	
98	
100	
101	
105	
105	
109	
109	
110	
112	
113	
114	
116	
118	
120	
122	
124	
126	
129	
131	
133	
136	
138	
140	
141	
143	
145	
147	
148	
149	
152	
154	
156	
157	
159	
161	
164	
167	
168	
169	
171	
173	
175	
177	
178	
179	
180	
183	
185	
188	
189	
190	
192	
194	
197	
197	
198	
202	
203	
205	
207	
207	
210	
211	
213	
216	
217	
221	
223	
483	
488	
493	
498	
502	
506	
510	
515	
521	
525	
529	
533	
536	
538	
542	
546	
550	
553	
556	
560	
564	
568	
572	
575	
578	
579	
583	
588	
593	
597	
600	
603	
605	
610	
612	
616	
618	
620	
624	
627	
631	
635	
638	
640	
644	
649	
654	
659	
661	
665	
668	
670	
674	
677	
680	
684	
687	
690	
692	
695	
697	
699	
703	
707	
709	
713	
713	
717	
719	
721	
724	
726	
730	
730	
733	
734	
736	
739	
742	
746	
747	
748	
750	
751	
752	
754	
755	
756	
758	
760	
760	
761	
763	
764	
765	
766	
766	
767	
769	
770	
3202	
3208	
3212	
3215	
3218	
3221	
3224	
3228	
3232	
3234	
3238	
3247	
3250	
3254	
3257	
3262	
3266	
3269	
3275	
3280	
3286	
3291	
3296	
3297	
3302	
3305	
3311	
3317	
3320	
3323	
3325	
3325	
3328	
3332	
3334	
3337	
3341	
3345	
3351	
3356	
3359	
3362	
3367	
3373	
3376	
3381	
3381	
3383	
3389	
3392	
3393	
3396	
3401	
3403	
3409	
3411	
3412	
3414	
3414	
3419	
3419	
3424	
3425	
3428	
3433	
3434	
3438	
3441	
3445	
3447	
3450	
3452	
3453	
3457	
3462	
3465	
3470	
3474	
3475	
3478	
3478	
3480	
3481	
3483	
3487	
3489	
3490	
3492	
3496	
3497	
3498	
3502	
3504	
3504	
3506	
3508	
3510	
3514	
3517	
3520	
2997	
2999	
3003	
3005	
3006	
3008	
3010	
3011	
3012	
3014	
3016	
3018	
3019	
3022	
3025	
3027	
3030	
3030	
3032	
3034	
3037	
3039	
3039	
3039	
3040	
3042	
3043	
3043	
3044	
3048	
3050	
3050	
3053	
3053	
3057	
3058	
3059	
3059	
3062	
3063	
3065	
3065	
3066	
3066	
3067	
3068	
3068	
3069	
3070	
3073	
3074	
3078	
3078	
3080	
3082	
3083	
3084	
3087	
3090	
3092	
3092	
3093	
3093	
3096	
3097	
3099	
3099	
3099	
3099	
3100	
3101	
3104	
3106	
3108	
3109	
3110	
3111	
3113	
3114	
3117	
3119	
3119	
3122	
3123	
3123	
3124	
3127	
3129	
3130	
3131	
3134	
3135	
3138	
3139	
3141	
3143	
3143	
3144	
3146	
3148	
