n_interc	
0	
0	
0	
0	
0	
0	
0	
0	
0	
0	
0	
0	
0	
0	
0	
0	
0	
0	
0	
0	
0	
0	
0	
0	
0	
0	
0	
0	
0	
0	
0	
0	
0	
0	
0	
0	
0	
0	
0	
0	
0	
0	
0	
0	
0	
0	
0	
0	
0	
0	
0	
0	
0	
0	
0	
0	
0	
0	
0	
0	
0	
0	
0	
0	
0	
0	
1	
1	
2	
2	
2	
2	
2	
2	
2	
2	
2	
2	
2	
2	
3	
3	
3	
3	
3	
3	
3	
3	
3	
3	
4	
4	
5	
5	
5	
5	
5	
5	
6	
6	
60	
61	
63	
63	
65	
68	
68	
70	
70	
74	
74	
77	
77	
78	
80	
80	
82	
85	
86	
88	
91	
92	
92	
95	
96	
97	
99	
100	
103	
103	
106	
106	
107	
110	
113	
115	
116	
118	
120	
121	
123	
123	
127	
127	
130	
133	
136	
137	
140	
142	
145	
146	
147	
149	
149	
154	
154	
157	
157	
157	
160	
161	
166	
166	
167	
168	
169	
172	
173	
173	
175	
176	
178	
182	
183	
184	
185	
186	
187	
189	
193	
195	
197	
200	
200	
201	
205	
206	
207	
209	
211	
211	
216	
216	
218	
221	
221	
223	
225	
226	
490	
493	
498	
501	
504	
508	
512	
518	
523	
528	
534	
536	
539	
542	
545	
549	
551	
553	
558	
559	
567	
570	
577	
579	
581	
584	
588	
592	
595	
598	
604	
610	
613	
618	
620	
623	
627	
631	
634	
637	
639	
643	
647	
649	
651	
654	
659	
661	
665	
668	
672	
676	
679	
681	
683	
688	
690	
692	
694	
698	
701	
703	
704	
705	
707	
709	
713	
714	
714	
717	
718	
720	
724	
726	
728	
728	
729	
729	
732	
732	
732	
734	
736	
738	
738	
738	
741	
744	
745	
747	
747	
747	
750	
752	
754	
756	
756	
757	
759	
760	
3157	
3162	
3162	
3169	
3173	
3175	
3179	
3185	
3190	
3193	
3200	
3205	
3210	
3215	
3217	
3218	
3220	
3223	
3228	
3232	
3233	
3237	
3245	
3249	
3251	
3254	
3259	
3264	
3271	
3274	
3277	
3280	
3286	
3289	
3291	
3293	
3294	
3295	
3299	
3302	
3308	
3312	
3314	
3317	
3320	
3323	
3324	
3328	
3333	
3336	
3342	
3343	
3349	
3356	
3358	
3362	
3366	
3367	
3371	
3379	
3381	
3383	
3386	
3388	
3390	
3393	
3394	
3397	
3399	
3403	
3404	
3408	
3408	
3410	
3414	
3416	
3422	
3424	
3426	
3429	
3430	
3431	
3434	
3438	
3440	
3442	
3442	
3445	
3448	
3449	
3452	
3454	
3456	
3460	
3463	
3467	
3469	
3471	
3473	
3475	
2960	
2962	
2964	
2966	
2969	
2970	
2972	
2977	
2977	
2978	
2979	
2981	
2985	
2987	
2987	
2987	
2991	
2991	
2992	
2994	
2994	
2994	
2994	
2996	
2999	
3001	
3004	
3004	
3007	
3008	
3010	
3014	
3014	
3020	
3021	
3021	
3021	
3023	
3024	
3026	
3027	
3028	
3036	
3038	
3039	
3041	
3043	
3043	
3044	
3044	
3046	
3047	
3047	
3049	
3051	
3052	
3055	
3057	
3058	
3060	
3061	
3063	
3063	
3063	
3066	
3066	
3072	
3075	
3076	
3077	
3080	
3081	
3081	
3082	
3084	
3085	
3086	
3088	
3090	
3090	
3090	
3093	
3095	
3095	
3099	
3103	
3104	
3104	
3105	
3106	
3108	
3109	
3109	
3113	
3114	
3117	
3118	
3119	
3120	
3124	
