n_interc	
0	
0	
0	
0	
0	
0	
0	
0	
0	
0	
0	
0	
0	
0	
0	
0	
0	
0	
0	
0	
0	
0	
0	
0	
0	
0	
0	
0	
0	
0	
0	
0	
0	
0	
0	
0	
0	
0	
0	
0	
0	
0	
0	
0	
0	
0	
0	
0	
0	
0	
0	
0	
0	
0	
0	
0	
0	
0	
0	
0	
0	
0	
0	
0	
0	
0	
1	
1	
2	
2	
2	
2	
2	
2	
2	
2	
2	
2	
2	
2	
3	
3	
3	
3	
3	
3	
3	
3	
3	
3	
4	
4	
5	
5	
5	
5	
5	
5	
6	
6	
60	
61	
63	
63	
65	
68	
68	
70	
70	
74	
74	
77	
77	
78	
80	
80	
82	
85	
86	
88	
91	
92	
92	
95	
96	
97	
99	
100	
103	
103	
106	
106	
107	
110	
113	
115	
116	
118	
120	
121	
123	
123	
127	
127	
130	
133	
136	
137	
140	
142	
145	
146	
147	
149	
149	
154	
154	
157	
157	
157	
160	
161	
166	
166	
167	
168	
169	
172	
173	
173	
175	
176	
178	
182	
183	
184	
185	
186	
187	
189	
193	
195	
197	
200	
200	
201	
205	
206	
207	
209	
211	
211	
216	
216	
218	
221	
221	
223	
225	
226	
490	
493	
498	
501	
504	
508	
512	
518	
523	
528	
534	
536	
539	
542	
545	
549	
551	
553	
558	
559	
567	
570	
577	
579	
581	
584	
588	
592	
596	
600	
604	
607	
612	
614	
619	
622	
627	
629	
633	
636	
641	
646	
649	
653	
655	
658	
662	
665	
667	
670	
674	
676	
682	
685	
687	
689	
690	
694	
696	
699	
701	
701	
705	
709	
709	
713	
713	
715	
717	
717	
720	
721	
724	
727	
727	
729	
731	
733	
734	
735	
737	
738	
739	
741	
742	
743	
744	
745	
748	
748	
750	
751	
751	
753	
754	
755	
756	
757	
757	
757	
3143	
3148	
3151	
3154	
3161	
3166	
3167	
3174	
3179	
3185	
3187	
3190	
3193	
3197	
3201	
3209	
3211	
3215	
3219	
3220	
3223	
3224	
3229	
3231	
3236	
3244	
3247	
3248	
3253	
3258	
3259	
3262	
3265	
3270	
3272	
3277	
3281	
3283	
3284	
3286	
3292	
3297	
3301	
3304	
3306	
3312	
3316	
3320	
3325	
3330	
3335	
3335	
3341	
3342	
3345	
3349	
3353	
3356	
3363	
3366	
3367	
3369	
3373	
3380	
3385	
3386	
3390	
3393	
3396	
3400	
3403	
3405	
3409	
3416	
3419	
3423	
3426	
3427	
3428	
3432	
3434	
3435	
3436	
3436	
3441	
3442	
3444	
3449	
3450	
3451	
3451	
3456	
3456	
3457	
3462	
3463	
3466	
3467	
3470	
3471	
2957	
2958	
2962	
2966	
2968	
2970	
2973	
2973	
2973	
2976	
2978	
2979	
2980	
2981	
2981	
2983	
2984	
2986	
2989	
2989	
2990	
2992	
2995	
2996	
2998	
2999	
3001	
3004	
3005	
3009	
3011	
3012	
3015	
3017	
3018	
3022	
3022	
3025	
3026	
3030	
3033	
3035	
3037	
3038	
3039	
3040	
3040	
3044	
3046	
3049	
3050	
3051	
3054	
3058	
3059	
3061	
3063	
3063	
3063	
3064	
3066	
3067	
3071	
3071	
3072	
3075	
3075	
3077	
3077	
3078	
3079	
3079	
3083	
3085	
3087	
3088	
3091	
3092	
3093	
3095	
3095	
3095	
3096	
3097	
3097	
3098	
3100	
3101	
3104	
3105	
3106	
3110	
3112	
3114	
3115	
3115	
3120	
3123	
3123	
3125	
