n_interc	
0	
0	
0	
0	
0	
0	
0	
0	
0	
0	
0	
0	
0	
0	
0	
0	
0	
0	
0	
0	
0	
0	
0	
0	
0	
0	
0	
0	
0	
0	
0	
0	
0	
0	
0	
0	
0	
0	
0	
0	
0	
0	
0	
0	
0	
0	
0	
0	
0	
0	
0	
1	
1	
1	
1	
1	
1	
1	
1	
1	
1	
1	
2	
2	
2	
2	
2	
3	
3	
3	
3	
3	
4	
4	
4	
4	
4	
4	
4	
4	
5	
5	
5	
5	
5	
5	
5	
5	
5	
6	
7	
7	
7	
7	
7	
7	
8	
8	
8	
8	
76	
77	
78	
80	
82	
83	
85	
87	
89	
90	
92	
94	
97	
98	
99	
101	
103	
105	
106	
108	
110	
113	
114	
116	
117	
118	
121	
123	
125	
126	
129	
130	
133	
134	
136	
138	
140	
142	
143	
146	
148	
150	
151	
152	
154	
155	
157	
159	
160	
162	
163	
165	
166	
167	
170	
171	
173	
175	
177	
179	
181	
182	
184	
185	
187	
188	
190	
192	
193	
195	
196	
199	
201	
202	
204	
206	
208	
210	
212	
214	
216	
218	
219	
221	
222	
225	
227	
228	
229	
231	
233	
234	
236	
237	
240	
242	
243	
245	
248	
249	
551	
554	
557	
562	
566	
571	
575	
578	
583	
586	
589	
594	
598	
602	
605	
610	
613	
618	
621	
625	
629	
632	
637	
641	
645	
648	
652	
656	
661	
664	
670	
673	
676	
681	
684	
687	
691	
693	
697	
701	
704	
709	
712	
714	
718	
719	
722	
725	
729	
731	
735	
739	
741	
745	
747	
750	
753	
754	
756	
757	
760	
762	
764	
766	
768	
770	
771	
774	
775	
776	
776	
778	
781	
782	
785	
786	
787	
789	
791	
791	
792	
794	
795	
797	
798	
800	
801	
802	
802	
805	
805	
806	
806	
808	
810	
812	
812	
813	
815	
815	
3371	
3378	
3383	
3388	
3394	
3397	
3398	
3402	
3408	
3413	
3415	
3421	
3424	
3426	
3430	
3433	
3435	
3438	
3442	
3445	
3449	
3454	
3457	
3460	
3468	
3473	
3476	
3478	
3483	
3489	
3493	
3493	
3495	
3501	
3505	
3510	
3515	
3519	
3523	
3526	
3530	
3535	
3537	
3544	
3549	
3552	
3555	
3558	
3561	
3568	
3570	
3573	
3577	
3578	
3581	
3585	
3588	
3590	
3595	
3599	
3602	
3607	
3611	
3611	
3615	
3615	
3617	
3620	
3621	
3624	
3625	
3627	
3630	
3634	
3635	
3638	
3639	
3642	
3645	
3645	
3648	
3650	
3650	
3652	
3655	
3656	
3658	
3659	
3662	
3665	
3667	
3668	
3670	
3670	
3671	
3675	
3676	
3678	
3679	
3682	
3137	
3138	
3140	
3144	
3145	
3147	
3148	
3151	
3152	
3155	
3157	
3160	
3161	
3162	
3163	
3165	
3168	
3170	
3174	
3176	
3177	
3178	
3181	
3182	
3182	
3184	
3184	
3185	
3189	
3189	
3190	
3195	
3195	
3196	
3198	
3199	
3200	
3200	
3203	
3203	
3205	
3206	
3208	
3209	
3209	
3209	
3210	
3210	
3210	
3212	
3216	
3218	
3219	
3221	
3222	
3224	
3225	
3227	
3229	
3230	
3232	
3232	
3234	
3235	
3236	
3237	
3239	
3239	
3239	
3241	
3244	
3245	
3246	
3247	
3248	
3249	
3250	
3251	
3253	
3253	
3253	
3254	
3257	
3259	
3259	
3261	
3262	
3262	
3264	
3267	
3267	
3269	
3271	
3272	
3274	
3276	
3277	
3278	
3280	
3281	
