n_interc	
0	
0	
0	
0	
0	
0	
0	
0	
0	
0	
0	
0	
0	
0	
0	
0	
0	
0	
0	
0	
0	
0	
0	
0	
0	
0	
0	
0	
0	
0	
0	
0	
0	
0	
0	
0	
0	
0	
0	
0	
0	
0	
0	
0	
0	
0	
0	
0	
0	
0	
0	
0	
0	
1	
1	
1	
1	
1	
1	
1	
1	
1	
1	
1	
1	
1	
1	
1	
1	
2	
2	
2	
3	
3	
3	
3	
3	
3	
3	
3	
3	
4	
4	
4	
4	
4	
4	
4	
4	
4	
4	
4	
6	
6	
7	
7	
7	
7	
7	
7	
64	
65	
67	
68	
71	
72	
74	
75	
76	
78	
81	
82	
83	
85	
87	
89	
89	
91	
93	
95	
96	
97	
100	
100	
101	
102	
103	
105	
106	
108	
110	
112	
115	
116	
117	
120	
122	
123	
125	
128	
129	
132	
133	
135	
136	
137	
138	
142	
145	
147	
150	
151	
153	
154	
156	
158	
159	
160	
162	
164	
165	
168	
169	
170	
173	
175	
176	
178	
182	
184	
185	
187	
189	
190	
191	
194	
195	
196	
198	
199	
202	
203	
204	
206	
209	
210	
211	
213	
216	
219	
221	
222	
224	
226	
227	
229	
232	
233	
235	
236	
513	
517	
521	
526	
531	
534	
539	
542	
546	
548	
551	
555	
561	
564	
568	
573	
577	
581	
584	
587	
591	
596	
600	
604	
607	
614	
617	
620	
624	
630	
633	
636	
639	
642	
647	
651	
657	
660	
662	
665	
667	
670	
674	
677	
682	
685	
689	
691	
694	
697	
700	
704	
709	
712	
715	
718	
719	
722	
725	
728	
730	
732	
733	
735	
737	
739	
742	
743	
746	
747	
751	
751	
753	
754	
757	
758	
760	
762	
764	
765	
768	
769	
770	
772	
773	
773	
775	
776	
778	
779	
781	
781	
783	
785	
786	
786	
787	
789	
789	
790	
3279	
3283	
3290	
3297	
3304	
3309	
3312	
3317	
3321	
3322	
3324	
3326	
3330	
3333	
3340	
3341	
3346	
3349	
3353	
3357	
3365	
3368	
3371	
3377	
3381	
3384	
3387	
3389	
3393	
3399	
3404	
3408	
3413	
3418	
3421	
3424	
3429	
3434	
3440	
3446	
3451	
3456	
3457	
3463	
3465	
3469	
3469	
3472	
3477	
3480	
3487	
3488	
3490	
3493	
3495	
3499	
3502	
3505	
3510	
3515	
3518	
3521	
3526	
3527	
3528	
3530	
3534	
3538	
3546	
3546	
3547	
3549	
3549	
3552	
3556	
3559	
3559	
3562	
3563	
3564	
3565	
3567	
3570	
3573	
3577	
3579	
3579	
3580	
3584	
3586	
3588	
3592	
3594	
3597	
3598	
3599	
3603	
3604	
3608	
3609	
3073	
3075	
3079	
3084	
3085	
3085	
3088	
3090	
3091	
3094	
3098	
3100	
3102	
3104	
3105	
3106	
3108	
3111	
3112	
3112	
3114	
3116	
3118	
3120	
3124	
3125	
3125	
3125	
3127	
3128	
3130	
3131	
3134	
3137	
3138	
3139	
3141	
3143	
3145	
3146	
3149	
3152	
3153	
3153	
3155	
3158	
3158	
3158	
3159	
3160	
3164	
3166	
3168	
3171	
3172	
3174	
3175	
3178	
3181	
3183	
3183	
3186	
3187	
3189	
3190	
3192	
3194	
3195	
3196	
3198	
3199	
3199	
3201	
3203	
3204	
3206	
3206	
3206	
3209	
3209	
3209	
3211	
3212	
3212	
3214	
3216	
3217	
3218	
3219	
3219	
3221	
3222	
3222	
3222	
3223	
3225	
3226	
3228	
3229	
3230	
