id	type	l1	l2	friction	risk	count	acc	
1	FAST	1	2	0.02151630826214646	0.0	0	75.77801115884633	
2	FAST	1	3	0.027987052819351734	0.0	0	56.43635592358542	
3	FAST	1	4	0.07302656972007415	0.0	0	19.660935474924997	
4	FAST	1	5	0.10800269310982086	0.0	0	12.628755827962019	
5	FAST	1	6	0.2005826597473596	0.0	0	6.543967069074818	
6	FAST	1	7	0.05791240055316788	0.0	0	34.67940823113038	
7	FAST	1	8	0.06855335822514483	0.0	0	23.182888171340633	
8	FAST	1	68	0.36490858423453987	0.048	0	8.677579629836172	
9	FAST	1	69	0.40115801759656244	0.048	0	5.734447904118494	
10	FAST	1	70	0.423550267947518	0.048	0	4.923228323200908	
11	FAST	1	71	0.44235053412726005	0.048	0	4.242347555625014	
12	FAST	1	72	0.28733633203502157	0.0	0	6.925163764396198	
13	FAST	1	73	0.1906077266698771	0.0	0	20.026585300096386	
14	FAST	1	74	0.20210142113627694	0.0	0	11.781019901531623	
15	FAST	1	75	0.2630703980821981	0.0	0	9.409764343442397	
16	FAST	1	76	0.3008008736105855	0.0	0	7.786132206570051	
17	FAST	1	77	0.3450902934942693	0.0	0	5.734380698135312	
18	FAST	1	78	0.36284036573475764	0.0	0	4.505887060332081	
19	FAST	2	3	0.007516752227496343	0.0	0	210.54918511701092	
20	FAST	2	4	0.05255626523813813	0.0	1	29.128270039825615	
21	FAST	2	5	0.08753238084772358	0.0	0	16.08678357064849	
22	FAST	2	6	0.18130277439888826	0.0	0	7.851724401800125	
23	FAST	2	7	0.06458409111532147	0.0	0	27.83992598335801	
24	FAST	2	8	0.04808305763328943	0.0	0	33.24945834854626	
25	FAST	2	23	0.24993272053144797	0.0	1	5.3766448533945805	
26	FAST	2	68	0.36470401260312413	0.048	2	8.186787560790789	
27	FAST	2	69	0.391780317504476	0.048	0	6.3619793713089905	
28	FAST	2	70	0.4257275325971185	0.048	0	4.5392305244960305	
29	FAST	2	71	0.43263050137245695	0.048	0	4.697699182203368	
30	FAST	2	72	0.3002858035948819	0.0	0	6.034354022793103	
31	FAST	2	73	0.2035572098999793	0.0	0	14.796395796383484	
32	FAST	2	74	0.21505090436637914	0.0	0	10.218428382893034	
33	FAST	2	75	0.2760198696420584	0.0	0	9.226475340116101	
34	FAST	2	76	0.3137503451704458	0.0	0	6.936053458766774	
35	FAST	2	77	0.3580397650541296	0.0	0	5.001025368329852	
36	FAST	3	4	0.04596140765847902	0.0	0	33.98222301394906	
37	FAST	3	5	0.08093752715814509	0.0	0	19.094330358155943	
38	FAST	3	6	0.18231210638901338	0.0	0	8.1150459189983	
39	FAST	3	7	0.06852057262560743	0.0	0	23.350567242857128	
40	FAST	3	8	0.04148820394371095	0.0	0	37.924565269810486	
41	FAST	3	23	0.253869190371492	0.0	1	5.370056276416207	
42	FAST	3	68	0.3624783762095865	0.048	0	8.788101960907753	
43	FAST	3	69	0.3866275625916361	0.048	0	7.283540670231587	
44	FAST	3	70	0.424054534998753	0.048	1	4.766970797052685	
45	FAST	3	71	0.42731742112785376	0.048	0	4.732475856464496	
46	FAST	3	72	0.30422229677540974	0.0	0	6.15689962409727	
47	FAST	3	73	0.20749369141026527	0.0	0	14.935602205906843	
48	FAST	3	74	0.2189873742064232	0.0	0	8.844284532376335	
49	FAST	3	75	0.27995636282258624	0.0	0	8.736212320225814	
50	FAST	3	76	0.3176868383509737	0.0	0	7.584601170548906	
51	FAST	3	77	0.36197625823465746	0.0	0	4.840331974711063	
52	FAST	4	5	0.03612179881582182	0.0	0	42.716590065610916	
53	FAST	4	6	0.131309053093839	0.0	0	11.402245312574866	
54	FAST	4	7	0.11268187659387058	0.0	0	15.847355437871025	
55	FAST	4	8	0.007503043583361338	0.0	0	289.2899070835055	
56	FAST	4	9	0.19906910328632327	0.0	1	6.5691142470375405	
57	FAST	4	23	0.20219244902298494	0.0	0	6.5275271616402515	
58	FAST	4	24	0.1883962275027891	0.0	7	6.527860147537716	
59	FAST	4	68	0.38518730849483807	0.048	7	6.983584906445536	
60	FAST	4	69	0.38862564188147486	0.048	0	6.725420024837449	
61	FAST	4	71	0.42626530464684514	0.048	0	4.706136842369743	
62	FAST	4	73	0.25165497981820595	0.0	0	8.682868456829164	
63	FAST	4	74	0.26314868595484764	0.0	0	6.3916705733971115	
64	FAST	4	75	0.32411765123052694	0.0	0	5.95030258485411	
65	FAST	4	76	0.36184812675891437	0.0	0	5.514841660780191	
66	FAST	5	6	0.09695465406038882	0.0	0	17.36329258752303	
67	FAST	5	7	0.1480079633072034	0.0	0	11.104764704188797	
68	FAST	5	8	0.04282913807685543	0.0	0	36.04843412829145	
69	FAST	5	9	0.1647147042528731	0.0	1	8.652566794428685	
70	FAST	5	10	0.20580158024837855	0.0	0	6.039399345311087	
71	FAST	5	11	0.315176425388388	0.0	0	5.172277887502368	
72	FAST	5	23	0.1678380499895348	0.0	0	7.727521277236024	
73	FAST	5	24	0.1540418323594195	0.0	4	8.013425373897796	
74	FAST	5	25	0.21818540685428356	0.0	279	5.054558670913254	
75	FAST	5	68	0.41072317596004826	0.048	274	4.937190611638491	
76	FAST	5	69	0.4016265693558544	0.048	5	5.681505836623399	
77	FAST	5	71	0.4354848530175842	0.048	5	4.634358404739929	
78	FAST	5	73	0.2869810937621032	0.0	0	6.903249461490075	
79	FAST	5	74	0.2984747765582611	0.0	0	5.0607525853153525	
80	FAST	5	75	0.3594437418339404	0.0	0	4.822009298907385	
81	FAST	6	7	0.22348282140222536	0.0	0	5.996577858282411	
82	FAST	6	8	0.1367366608602571	0.0	0	11.224780862731068	
83	FAST	6	9	0.07023925303818712	0.0	0	20.908032526515118	
84	FAST	6	10	0.11132612125353132	0.0	0	11.46842440489317	
85	FAST	6	11	0.2207009547232989	0.0	0	8.376923767453919	
86	FAST	6	12	0.25762382228263525	0.0	0	6.556301084099369	
87	FAST	6	23	0.1142018866986697	0.0	0	13.333604857937292	
88	FAST	6	24	0.1001154807239066	0.0	0	14.50836756161946	
89	FAST	6	25	0.16454923189317652	0.0	0	9.837273854166474	
90	FAST	6	26	0.15947391760864105	0.0	0	8.769858906748656	
91	FAST	7	8	0.10798518774699241	0.0	0	16.25760842674235	
92	FAST	7	23	0.2485729428477388	0.0	0	5.643904519894567	
93	FAST	7	24	0.2631165461086946	0.0	113	5.816025581973663	
94	FAST	7	68	0.40415430617655823	0.048	110	5.510606629019191	
95	FAST	7	69	0.4403988038214797	0.048	2	4.293981161539843	
96	FAST	7	72	0.25068690991330783	0.0	0	5.52250420701249	
97	FAST	7	73	0.15395831621840525	0.0	0	15.718933970877377	
98	FAST	7	74	0.16545201068480506	0.0	0	10.03307661353157	
99	FAST	7	75	0.22642097596048436	0.0	0	8.0316887743398	
100	FAST	7	76	0.26415145148887176	0.0	0	6.805350448992386	
101	FAST	8	9	0.20593583471103105	0.0	21	6.0525147312539715	
102	FAST	8	23	0.20905918044769273	0.0	1	6.868662488025141	
103	FAST	8	24	0.19526296281757746	0.0	905	4.806311185178464	
104	FAST	8	68	0.381788758681206	0.048	845	4.895662167573864	
105	FAST	8	69	0.3874760334580042	0.048	26	6.44445496028573	
106	FAST	8	71	0.4256121061407696	0.048	52	4.2844705945217605	
107	FAST	8	72	0.34401116178742613	0.0	0	4.585031308656537	
108	FAST	8	73	0.2472825797627654	0.0	0	9.927373099479642	
109	FAST	8	74	0.25877625866884274	0.0	0	6.464955395759046	
110	FAST	8	75	0.3197452278346027	0.0	0	6.7795180413594505	
111	FAST	8	76	0.3574757033629901	0.0	0	5.530063405116709	
112	FAST	9	10	0.042910483552879006	0.0	0	33.91505407444122	
113	FAST	9	11	0.15228532869288847	0.0	0	12.50360093101768	
114	FAST	9	12	0.18920818458198294	0.0	0	9.82861523495423	
115	FAST	9	13	0.22995744825989792	0.0	0	7.017728915347113	
116	FAST	9	14	0.25331769753086336	0.0	0	6.027093226361744	
117	FAST	9	15	0.24757465090643752	0.0	0	5.400173271753234	
118	FAST	9	23	0.17921559053844677	0.0	0	9.785163961647788	
119	FAST	9	24	0.16512918067360308	0.0	0	11.512831238421098	
120	FAST	9	25	0.17977600333395677	0.0	1	13.41324571000925	
121	FAST	9	26	0.09105827990798876	0.0	0	18.293070249265913	
122	FAST	9	27	0.17848346569391205	0.0	18	8.478719150415023	
123	FAST	9	29	0.1855811706559399	0.0	4	8.118329727382672	
124	FAST	10	11	0.10937484514000945	0.0	0	14.647331255902696	
125	FAST	10	12	0.1462977010291039	0.0	0	10.918641608156793	
126	FAST	10	13	0.18704696470701887	0.0	0	7.758948808981363	
127	FAST	10	14	0.21040721786806496	0.0	0	6.611376504948717	
128	FAST	10	15	0.2046641673535585	0.0	0	6.251268361772519	
129	FAST	10	16	0.20323672949747695	0.0	0	5.704905710511443	
130	FAST	10	23	0.213153638132304	0.0	0	8.39419268389963	
131	FAST	10	24	0.199016878953885	0.0	0	9.509589352529282	
132	FAST	10	25	0.13705416535107862	0.0	0	13.182254432429893	
133	FAST	10	26	0.04814779635510974	0.0	0	31.243092395486137	
134	FAST	10	27	0.1355729938112749	0.0	0	13.718747057200472	
135	FAST	10	29	0.14267068710306088	0.0	0	12.460230864683355	
136	FAST	11	12	0.0364924262477068	0.0	0	42.541768784123995	
137	FAST	11	13	0.07678160230952209	0.0	0	19.627865637295976	
138	FAST	11	14	0.1121667443368769	0.0	0	12.280646247326002	
139	FAST	11	15	0.13120902745063714	0.0	0	11.309070310679239	
140	FAST	11	16	0.21670056307836655	0.0	0	7.690151711950705	
141	FAST	11	24	0.31300570982660975	0.0	0	4.817864291157618	
142	FAST	11	25	0.2510430001138839	0.0	0	5.660967273727306	
143	FAST	11	26	0.0629029032998397	0.0	0	21.825198876832573	
144	FAST	11	27	0.15032809297584365	0.0	0	8.393528758698293	
145	FAST	11	29	0.1574258018279521	0.0	0	8.354325110371011	
146	FAST	11	31	0.2612748846871239	0.0	0	5.776784839730246	
147	FAST	12	13	0.041186765485885346	0.0	0	37.55686985380504	
148	FAST	12	14	0.0765719114033208	0.0	0	18.880270876589126	
149	FAST	12	15	0.09561419451708102	0.0	0	15.53657053451783	
150	FAST	12	16	0.14372326122945295	0.0	0	9.825412629275739	
151	FAST	12	26	0.09403059326424705	0.0	0	16.52167016060182	
152	FAST	12	27	0.1814557907204122	0.0	0	7.595180302912964	
153	FAST	12	29	0.18855348401219818	0.0	0	7.22707926452827	
154	FAST	12	31	0.19481717124778766	0.0	0	6.829465326437787	
155	FAST	13	14	0.035643937421330284	0.0	0	43.04023634314724	
156	FAST	13	15	0.05468622442517113	0.0	0	28.468410477266627	
157	FAST	13	16	0.10279528335738179	0.0	0	14.10639359977977	
158	FAST	13	26	0.13496519205354798	0.0	0	11.709469109912488	
159	FAST	13	27	0.22239038950971318	0.0	0	7.110920667395759	
160	FAST	13	29	0.22948808669157972	0.0	0	6.155615785394559	
161	FAST	13	31	0.15388919337571655	0.0	0	9.364535251378516	
162	FAST	14	15	0.019130319528464904	0.0	0	87.77521016738393	
163	FAST	14	16	0.06723938624083681	0.0	0	23.34929075902746	
164	FAST	14	26	0.1630868027618412	0.0	0	9.550085937167744	
165	FAST	14	27	0.2503014029230186	0.0	0	5.918302704322463	
166	FAST	14	29	0.25739912344536897	0.0	0	6.321197780503404	
167	FAST	14	31	0.1183333001492522	0.0	0	12.040813294730047	
168	FAST	14	32	0.21194727355834295	0.0	0	6.115072375679814	
169	FAST	15	16	0.048585982817270716	0.0	0	32.17178262822678	
170	FAST	15	26	0.15747477794306555	0.0	0	9.236305346770047	
171	FAST	15	27	0.244689378104243	0.0	0	7.108534130037055	
172	FAST	15	29	0.25178707528610955	0.0	0	6.2256205554127595	
173	FAST	15	31	0.09967989283560547	0.0	0	14.801108630351404	
174	FAST	15	32	0.1932938779149381	0.0	0	7.133430662135483	
175	FAST	16	26	0.15613073174541822	0.0	0	7.602448652080112	
176	FAST	16	27	0.24334533190659563	0.0	0	6.932351210931144	
177	FAST	16	29	0.250443052428946	0.0	0	6.655861655850809	
178	FAST	16	31	0.05291526521902438	0.0	0	29.487718818906163	
179	FAST	16	32	0.14652924640827636	0.0	0	9.872823398036976	
180	FAST	17	18	0.144492633596006	0.0	10	9.91811503279062	
181	FAST	17	19	0.20948451408345695	0.0	17	8.062778750885421	
182	FAST	17	20	0.22112509410431017	0.0	24	5.5024851929033405	
183	FAST	17	21	0.2301959607734761	0.0	3	6.6228838726814425	
184	FAST	18	19	0.06547912086633792	0.0	0	26.259186634110204	
185	FAST	18	20	0.07711971255743301	0.0	0	20.3268605179158	
186	FAST	18	21	0.08619056366627643	0.0	0	19.60690991708552	
187	FAST	18	22	0.11826343430116347	0.0	0	13.959734371369112	
188	FAST	18	23	0.2031332533527576	0.0	1	7.228132053224237	
189	FAST	18	24	0.21725088889480668	0.0	386	5.599626738062814	
190	FAST	19	20	0.0557718564567446	0.0	0	24.812256156035037	
191	FAST	19	21	0.020826386902350846	0.0	0	79.06592974888507	
192	FAST	19	22	0.052899253647157266	0.0	0	30.537691445973895	
193	FAST	19	23	0.18178540114214978	0.0	0	7.422083293428986	
194	FAST	19	24	0.19590302501395698	0.0	616	5.865305143113497	
195	FAST	19	25	0.25918542512951476	0.0	0	5.715136912319674	
196	FAST	20	21	0.051960300995763854	0.0	0	28.729453603316223	
197	FAST	20	22	0.057609725049702395	0.0	0	29.330995749874557	
198	FAST	20	23	0.12831906321120456	0.0	2	11.83893767044151	
199	FAST	20	24	0.14243669875325368	0.0	22	10.500144462610162	
200	FAST	20	25	0.20571908719856957	0.0	0	8.08421812893077	
201	FAST	21	22	0.03241731782414188	0.0	0	51.99488674955483	
202	FAST	21	23	0.177942145414127	0.0	0	8.102729940231967	
203	FAST	21	24	0.1920597848462567	0.0	3	7.450011781007674	
204	FAST	21	25	0.25534216940149196	0.0	0	6.2695772480065415	
205	FAST	22	23	0.18354915202889183	0.0	0	9.332310127774592	
206	FAST	22	24	0.19766678757094094	0.0	0	8.070357381450318	
207	FAST	22	25	0.2609491876864987	0.0	0	7.416160019937858	
208	FAST	23	24	0.014785710209034767	0.0	0	108.14332989910586	
209	FAST	23	25	0.07806810643451191	0.0	0	18.48104436548627	
210	FAST	23	26	0.26582657077857297	0.0	0	5.297615289201239	
211	FAST	24	25	0.06401010971857911	0.0	2	22.691181485692937	
212	FAST	24	26	0.25176857017255955	0.0	0	6.0808792830626945	
213	FAST	24	27	0.3391937559584829	0.0	7	5.578760762344381	
214	FAST	25	26	0.1896613206239994	0.0	0	8.591485130101322	
215	FAST	25	27	0.2770865064099227	0.0	1	7.800563639532838	
216	FAST	25	29	0.28418422304219243	0.0	0	6.926669062909628	
217	FAST	25	30	0.4521379951502652	0.0	287	4.4255146660374685	
218	FAST	26	27	0.08793642018212716	0.0	0	16.54857920149477	
219	FAST	26	29	0.09503412125407436	0.0	0	15.14606123142538	
220	FAST	26	31	0.2001531209344359	0.0	0	5.7713256963463255	
221	FAST	27	29	0.009295402123045745	0.0	0	175.860494657248	
222	FAST	27	30	0.1772491897914411	0.0	26	7.6950032331322005	
223	FAST	27	31	0.28774323446876776	0.0	0	5.6439082487371195	
224	FAST	28	30	0.15944353607893208	0.0	81	11.607492391093162	
225	FAST	29	30	0.16795380711879848	0.0	4	7.751464969278631	
226	FAST	29	31	0.2954023675373496	0.0	0	6.0534257112960175	
227	FAST	31	32	0.09361397729917137	0.0	0	15.844294741300567	
228	FAST	31	33	0.20448155529861253	0.0	0	5.600839547189876	
229	FAST	32	33	0.11533800808672107	0.0	0	12.208194051360856	
230	FAST	32	34	0.21282922874836685	0.0	0	5.929222791784316	
231	FAST	32	35	0.1856925008734483	0.0	0	7.226400628159912	
232	FAST	33	34	0.09994297898851423	0.0	0	14.404105654091499	
233	FAST	33	35	0.08939985684434527	0.0	0	19.35603491442075	
234	FAST	33	36	0.23577195177538954	0.0	0	5.56971280862216	
235	FAST	33	43	0.21187265792180676	0.0	0	6.267873042047978	
236	FAST	33	44	0.23313834384937832	0.0	0	5.939891074594646	
237	FAST	34	35	0.07425086367565223	0.0	0	20.102334819398088	
238	FAST	34	36	0.22119958914834686	0.0	3	6.230831053870971	
239	FAST	34	40	0.21309968660406667	0.0	4	5.7730697979796926	
240	FAST	34	41	0.19701331626663482	0.0	4	6.430575912431241	
241	FAST	34	42	0.19652467156864095	0.0	0	9.482985066544831	
242	FAST	34	43	0.11495453171851999	0.0	0	14.742305629168472	
243	FAST	34	44	0.1362202176460916	0.0	0	11.88650769326471	
244	FAST	34	45	0.17083477360173724	0.0	0	9.754129829541956	
245	FAST	34	46	0.1415772009986984	0.0	0	10.512131363750152	
246	FAST	34	47	0.2729031837234328	0.0	0	6.0190100073929464	
247	FAST	34	48	0.30365908701192784	0.0	0	5.042019621383961	
248	FAST	34	49	0.2550983585980977	0.0	0	5.835131725598264	
249	FAST	34	63	0.41350450727089905	0.048	11	5.229696762166523	
250	FAST	35	36	0.15314777123847956	0.0	1	9.870026326383933	
251	FAST	35	37	0.18349454307702828	0.0	323	6.920967993952782	
252	FAST	35	40	0.18010409662424917	0.0	0	7.4163153343748744	
253	FAST	35	41	0.1906017709564348	0.0	0	7.3541292840383985	
254	FAST	35	42	0.2441990567814982	0.0	0	7.826076608346295	
255	FAST	35	43	0.16262891693137727	0.0	287	7.724496813082475	
256	FAST	35	44	0.18389460285894885	0.0	23	6.833242407152666	
257	FAST	35	45	0.21850915881459448	0.0	12	6.157112617078992	
258	FAST	35	46	0.18925158232147501	0.0	0	6.677009311271955	
259	FAST	36	37	0.03814278128412667	0.0	4	40.25012903706666	
260	FAST	36	38	0.11676273844668511	0.0	0	14.829001758361196	
261	FAST	36	39	0.19725989680743664	0.0	0	7.725109302735747	
262	FAST	36	40	0.1635373363399172	0.0	0	12.159242146518778	
263	FAST	36	41	0.3269651669101407	0.0	0	9.431869297008978	
264	FAST	36	42	0.39092006082427827	0.0	0	5.3603624006604225	
265	FAST	37	38	0.08093381602122546	0.0	0	24.327109995927852	
266	FAST	37	39	0.15061684588073954	0.0	0	9.892261450261389	
267	FAST	37	40	0.14019839693063493	0.0	46	14.493649265037302	
268	FAST	37	41	0.3579232571393046	0.0	391	8.265185877726482	
269	FAST	37	42	0.4218781277129583	0.0	9	4.913786396687017	
270	FAST	38	39	0.08372419808664779	0.0	0	18.072134943899265	
271	FAST	38	40	0.11208962348841593	0.0	14	15.255383805450599	
272	FAST	38	41	0.40779445257479646	0.0	816	6.890535748884098	
273	FAST	38	42	0.46110764581155694	0.0	0	4.146296060160497	
274	FAST	39	40	0.19341849275779302	0.0	15	7.280568830373641	
275	FAST	39	41	0.48912332573425416	0.0	2166	2.673058266216617	
276	FAST	40	41	0.2986730228472532	0.0	0	35.20903918824747	
277	FAST	40	42	0.3519861888534493	0.0	0	9.08090255638967	
278	FAST	40	43	0.30170619262486453	0.0	71	4.656742160713263	
279	FAST	41	42	0.25357444285234754	0.0	0	14.13525109293239	
280	FAST	41	43	0.20648708636666077	0.0	2975	2.0709608522302	
281	FAST	41	44	0.22937622353302517	0.0	371	5.1829435161703685	
282	FAST	41	46	0.2310540153081182	0.0	0	6.442783263197501	
283	FAST	42	43	0.11780820928584947	0.0	5	12.884878004306428	
284	FAST	42	44	0.13084020112608316	0.0	3	11.014649297416383	
285	FAST	42	45	0.16679591294946913	0.0	0	8.47093618235717	
286	FAST	42	46	0.1325179929011762	0.0	0	12.641481861684717	
287	FAST	42	47	0.24937123796376515	0.0	0	5.399948634145462	
288	FAST	42	49	0.20710935144416465	0.0	0	6.33802027258615	
289	FAST	43	44	0.023101644490940768	0.0	0	73.07770434178683	
290	FAST	43	45	0.05771618877634452	0.0	0	24.0906377877001	
291	FAST	43	46	0.0288340089539606	0.0	0	56.333824041632234	
292	FAST	43	47	0.159784610568282	0.0	0	11.837998654330288	
293	FAST	43	48	0.19054051385677703	0.0	0	8.901828286780729	
294	FAST	43	49	0.14197978544294687	0.0	0	12.43802054852154	
295	FAST	43	63	0.3923885515678148	0.048	3328	1.5135224190171577	
296	FAST	44	45	0.03650977211722949	0.0	0	42.69770845314889	
297	FAST	44	46	0.02575993886862073	0.0	0	66.79594131145933	
298	FAST	44	47	0.14086488833480484	0.0	0	13.894057133063463	
299	FAST	44	48	0.171620779953058	0.0	0	11.44075535298201	
300	FAST	44	49	0.12306006320946969	0.0	0	14.851798162875228	
301	FAST	44	50	0.2795338767258421	0.0	0	5.619142098831345	
302	FAST	44	54	0.4062621031342436	0.0	0	4.480369297454944	
303	FAST	44	63	0.3774616757931424	0.048	397	6.229774206206412	
304	FAST	45	46	0.05900224943214269	0.0	0	29.98996804979241	
305	FAST	45	47	0.11029916330807826	0.0	0	25.840714071440495	
306	FAST	45	48	0.1410550549263314	0.0	0	15.871910206841934	
307	FAST	45	49	0.07388850655518356	0.0	0	23.523448512610297	
308	FAST	45	50	0.2303623317417979	0.0	0	7.0211582003299595	
309	FAST	45	52	0.29512067512879453	0.0	0	5.631599738645568	
310	FAST	45	53	0.3237251926661545	0.0	0	5.246711846889209	
311	FAST	45	54	0.3570905581501994	0.0	0	6.133022347184315	
312	FAST	45	56	0.4526480314016355	0.0	0	4.268225287441594	
313	FAST	45	63	0.3512879165346726	0.048	12	9.544929916883055	
314	FAST	46	47	0.15177768484110474	0.0	0	12.865437664722094	
315	FAST	46	48	0.1825335725692773	0.0	0	9.485045385328869	
316	FAST	46	49	0.1095157983215043	0.0	0	14.124910428837056	
317	FAST	47	48	0.033308403033401005	0.0	0	50.724861679339085	
318	FAST	47	49	0.04335293354340888	0.0	0	41.637562395651514	
319	FAST	47	50	0.13698732987579948	0.0	0	11.668345826923032	
320	FAST	47	51	0.1911754722673719	0.0	0	7.127204718700314	
321	FAST	47	52	0.21128708019471065	0.0	0	8.22848585026108	
322	FAST	47	53	0.2398915977320707	0.0	0	8.321638237399364	
323	FAST	47	54	0.2732569865565993	0.0	0	9.27545705809255	
324	FAST	47	56	0.3688144364675517	0.0	0	5.721571448239763	
325	FAST	47	63	0.32931771848225994	0.048	0	12.427132130212282	
326	FAST	48	49	0.07429681330803665	0.0	0	31.37227086685529	
327	FAST	48	50	0.10466340899746844	0.0	0	16.28139189794055	
328	FAST	48	51	0.15885155138904086	0.0	0	9.60851641618637	
329	FAST	48	52	0.17896317098662154	0.0	0	10.530131552957299	
330	FAST	48	53	0.2075677001942234	0.0	0	9.536755468775377	
331	FAST	48	54	0.2409330695683489	0.0	0	9.930343182523005	
332	FAST	48	55	0.31065396158262065	0.0	0	5.009755285620211	
333	FAST	48	56	0.33649051558922066	0.0	0	5.807735135790184	
334	FAST	48	63	0.33176830010421277	0.048	0	12.428458256676816	
335	FAST	49	50	0.1566683642287674	0.0	0	10.105123722315	
336	FAST	49	51	0.1845573986865216	0.0	0	6.691513973678275	
337	FAST	49	52	0.22142669594552217	0.0	0	6.8910253820328435	
338	FAST	49	53	0.25003121348288215	0.0	0	6.6547899517808835	
339	FAST	49	54	0.28339660619749146	0.0	0	7.094764010043589	
340	FAST	50	51	0.08115968188268026	0.0	0	22.69010422799968	
341	FAST	50	52	0.07399500529255132	0.0	0	29.54874726576586	
342	FAST	50	53	0.10259952671999197	0.0	0	20.772554869135416	
343	FAST	50	54	0.13596489609411744	0.0	0	14.868021804127407	
344	FAST	50	55	0.20568579977863108	0.0	0	7.333045152321786	
345	FAST	50	56	0.2315223537852311	0.0	0	7.154857170007265	
346	FAST	50	57	0.28310399822269255	0.0	0	4.5735326031262655	
347	FAST	51	52	0.0866936794642085	0.0	0	16.898294989551538	
348	FAST	51	53	0.1152981970015685	0.0	0	12.398202244551054	
349	FAST	51	54	0.14866356637569397	0.0	0	9.261225467561468	
350	FAST	51	55	0.21838445838996573	0.0	0	6.161102018703843	
351	FAST	51	56	0.2442210123965657	0.0	0	4.979382547256201	
352	FAST	52	53	0.027119747672974932	0.0	0	51.03309015352342	
353	FAST	52	54	0.06466182659652175	0.0	0	23.029097417333553	
354	FAST	52	55	0.13438272639095475	0.0	0	11.5491243704232	
355	FAST	52	56	0.16021928039755476	0.0	0	8.884470829340595	
356	FAST	52	57	0.2118009365052582	0.0	0	6.228999095558578	
357	FAST	53	54	0.03255763303241363	0.0	0	43.62111608388924	
358	FAST	53	55	0.1392847375834884	0.0	0	13.112108912930204	
359	FAST	53	56	0.12811509072352725	0.0	0	12.759926474524466	
360	FAST	53	57	0.1796967429411501	0.0	0	7.752503439624633	
361	FAST	53	58	0.2558494359154547	0.0	0	4.823724482096307	
362	FAST	53	63	0.337184139804537	0.048	0	11.254242108074816	
363	FAST	54	55	0.09882882488577224	0.0	0	15.553231844617226	
364	FAST	54	56	0.09594506921502285	0.0	0	18.079589226220524	
365	FAST	54	57	0.14752673699296817	0.0	0	9.83481215946332	
366	FAST	54	58	0.2236794182970309	0.0	0	6.096891390506754	
367	FAST	54	59	0.23363279643775064	0.0	0	5.7642399145667556	
368	FAST	54	63	0.31193667033525635	0.048	0	17.59503344447154	
369	FAST	55	56	0.10245118238530287	0.0	0	21.828471898120107	
370	FAST	55	57	0.11688081406400345	0.0	0	16.55169867471927	
371	FAST	55	58	0.19303349536806622	0.0	0	8.370908165410594	
372	FAST	55	59	0.15404239253103003	0.0	0	9.751787378223872	
373	FAST	55	60	0.199998124561872	0.0	0	6.632460725248571	
374	FAST	55	61	0.21647929140213404	0.0	0	5.159553764171276	
375	FAST	56	57	0.051750960196819136	0.0	0	28.522132726535755	
376	FAST	56	58	0.12790363761080126	0.0	0	11.884658548546259	
377	FAST	56	59	0.1378570196416016	0.0	0	10.277423508622057	
378	FAST	56	60	0.1863277627103322	0.0	0	6.537076196136904	
379	FAST	56	61	0.2295672264918869	0.0	0	5.369921315339474	
380	FAST	56	63	0.3399620284812417	0.048	0	11.299884215556018	
381	FAST	56	64	0.38634472259083835	0.048	0	6.68645871350449	
382	FAST	56	65	0.43919115018064	0.048	0	4.276827303173471	
383	FAST	56	67	0.42103726473208475	0.048	0	5.247615087624581	
384	FAST	57	58	0.07675344979601327	0.0	0	21.918483446731226	
385	FAST	57	59	0.08670683571689426	0.0	0	18.787102856148465	
386	FAST	57	60	0.13517757878562484	0.0	0	10.99885597250686	
387	FAST	57	61	0.17841704256717958	0.0	0	7.934350320887854	
388	FAST	57	63	0.384340773682992	0.048	0	6.68362586936544	
389	FAST	57	64	0.3412958770645092	0.048	0	10.727392260310737	
390	FAST	57	65	0.38984504348251814	0.048	0	6.339417754833688	
391	FAST	57	66	0.42780336506585737	0.048	0	4.8625320471927385	
392	FAST	57	67	0.37333280038000694	0.048	0	7.8109973956326115	
393	FAST	58	59	0.07200593315564248	0.0	0	26.022231678544937	
394	FAST	58	60	0.08743951295287825	0.0	0	18.431203212622343	
395	FAST	58	61	0.1310579211587018	0.0	0	11.395766117130162	
396	FAST	58	62	0.255370979338627	0.0	0	5.487170878207677	
397	FAST	58	63	0.42867785119451274	0.048	0	4.596332145709096	
398	FAST	58	64	0.2815888030664809	0.048	0	34.48474383910381	
399	FAST	58	65	0.3403573143357273	0.048	0	10.990251929383989	
400	FAST	58	66	0.39043847436779794	0.048	0	6.284527041509075	
401	FAST	58	67	0.31576294598180515	0.048	0	15.273360301726182	
402	FAST	59	60	0.049577043098683535	0.0	0	29.881161544154818	
403	FAST	59	61	0.09281650299015765	0.0	0	17.556905454581308	
404	FAST	59	62	0.19190307683821625	0.0	0	8.016744248892499	
405	FAST	60	61	0.04366750880351709	0.0	0	37.77157675597834	
406	FAST	60	62	0.16798056309336168	0.0	0	10.56927031051269	
407	FAST	61	62	0.1284738884202208	0.0	0	15.809156876785451	
408	FAST	61	64	0.34189073151411264	0.048	0	10.253346401928178	
409	FAST	61	65	0.27660027650124386	0.048	0	41.36231149612719	
410	FAST	61	66	0.2846057362515169	0.048	0	32.91297562887358	
411	FAST	61	67	0.313713359586781	0.048	0	17.034673649267305	
412	FAST	62	64	0.4213812504185731	0.048	0	4.912225463901353	
413	FAST	62	65	0.3530950978131749	0.048	0	9.150028972588023	
414	FAST	62	66	0.29304974429611425	0.048	0	25.281644804123605	
415	FAST	62	67	0.39218104977363377	0.048	0	6.090194479117825	
416	FAST	64	65	0.3208596406357785	0.048	0	14.894377317520645	
417	FAST	64	66	0.37832092189058875	0.048	0	7.578254681264276	
418	FAST	64	67	0.28711509697401516	0.048	0	28.885302196905418	
419	FAST	65	66	0.30802592284334046	0.048	0	17.17527760122554	
420	FAST	65	67	0.2869529669048198	0.048	0	28.196688250313077	
421	FAST	66	67	0.34723302916346765	0.048	0	10.15545787876568	
422	FAST	68	69	0.31961417983176404	0.048	0	14.522439737816844	
423	FAST	68	70	0.31025070892562745	0.048	0	17.197606340075048	
424	FAST	68	71	0.35282413558903386	0.048	0	9.68656479053467	
425	FAST	68	73	0.3499823949333256	0.048	0	10.455820478730786	
426	FAST	68	74	0.36326856556838494	0.048	0	8.662833045350732	
427	FAST	68	75	0.32293415966345773	0.048	0	13.85104771030624	
428	FAST	68	76	0.3043083788413486	0.048	0	18.59140051207309	
429	FAST	68	77	0.3277074185209801	0.048	0	13.005454318016055	
430	FAST	68	78	0.3537868345681008	0.048	0	9.250040080064277	
431	FAST	69	70	0.35016734253612003	0.048	0	9.817971185163914	
432	FAST	69	71	0.2889421904033205	0.048	0	26.187488180014313	
433	FAST	69	73	0.409725032299345	0.048	0	5.509157819773915	
434	FAST	69	74	0.43146268347934347	0.048	0	4.6829940480563526	
435	FAST	69	75	0.3940090006189977	0.048	0	6.4891610420365335	
436	FAST	69	76	0.375242522649161	0.048	0	7.323001846115779	
437	FAST	69	77	0.3880713581061336	0.048	0	6.967415565217623	
438	FAST	69	78	0.4118340394161036	0.048	0	5.26256506873667	
439	FAST	70	71	0.36321139206122	0.048	0	8.177902931097474	
440	FAST	70	73	0.39483539525942135	0.048	0	6.48955280291917	
441	FAST	70	74	0.39209968574495196	0.048	0	6.502317358443156	
442	FAST	70	75	0.3479917875872324	0.048	0	10.327931280625023	
443	FAST	70	76	0.3135398879049619	0.048	0	16.540748810517012	
444	FAST	70	77	0.29472060910445375	0.048	0	24.13973022182818	
445	FAST	70	78	0.31277550312885255	0.048	0	15.918494155774514	
446	FAST	71	75	0.4279180643201304	0.048	0	4.4452319513561305	
447	FAST	71	76	0.404332513209376	0.048	0	5.741081639385563	
448	FAST	71	77	0.40759504955365466	0.048	0	5.512843956782724	
449	FAST	71	78	0.4282032219443983	0.048	0	4.614472580009245	
450	FAST	72	73	0.14025606737595317	0.0	0	12.004651058678741	
451	FAST	72	74	0.08725546934826098	0.0	0	16.80743886010712	
452	FAST	72	75	0.06345545813248002	0.0	0	29.17844717428303	
453	FAST	72	76	0.04017865109099696	0.0	0	38.042664201461	
454	FAST	72	77	0.04570755266690181	0.0	0	34.11486960059942	
455	FAST	72	78	0.06345764046771263	0.0	0	25.793604908409783	
456	FAST	73	74	0.05432577344421043	0.0	0	32.41430480183661	
457	FAST	73	75	0.11529474650005098	0.0	0	23.67384973808267	
458	FAST	73	76	0.1530252220284384	0.0	0	14.779349452480858	
459	FAST	73	77	0.19731463802204155	0.0	0	9.162178042383122	
460	FAST	73	78	0.21506473749309424	0.0	0	7.492495149222106	
461	FAST	74	75	0.0623156956289603	0.0	0	30.7846352618651	
462	FAST	74	76	0.10004617115734774	0.0	0	16.142434282442355	
463	FAST	74	77	0.14433558326087026	0.0	0	9.99840577559352	
464	FAST	74	78	0.16208567884184233	0.0	0	9.365830328599353	
465	FAST	75	76	0.042285826075788555	0.0	0	40.08523380382415	
466	FAST	75	77	0.087860882596482	0.0	0	17.562906340673184	
467	FAST	75	78	0.10561097428737345	0.0	0	14.321545162416434	
468	FAST	76	77	0.06410468924890102	0.0	0	31.234166949550282	
469	FAST	76	78	0.08185477704971184	0.0	0	19.936516306330073	
470	FAST	77	78	0.02740920468246461	0.0	0	54.235780939753084	
471	FAST	39	79	0.2481505477302735	0.0	430	4.874216415416633	
472	FAST	38	79	0.33779848795935197	0.0	245	3.025153091887618	
473	FAST	37	79	0.39851635791749423	0.0	385	2.6925965075018166	
474	FAST	39	80	0.20359408774970916	0.0	390	5.610667668969009	
475	FAST	38	80	0.2895193014902003	0.0	239	3.5799027037821434	
476	FAST	37	80	0.3382002008612478	0.0	394	2.801940819270564	
477	FAST	17	81	0.27706978907397406	0.0	56	4.616639669481557	
478	FAST	19	81	0.30186604076966245	0.0	629	2.613164657074708	
479	FAST	18	81	0.364941454738578	0.0	387	2.479100811572171	
480	FAST	39	82	0.28947004080857314	0.0	611	4.1486378484195425	
481	FAST	38	82	0.36276821331406256	0.0	356	2.9787598274044567	
482	FAST	28	82	0.3879808385495529	0.0	43	2.7412228603167423	
483	FAST	28	83	0.20535077424752832	0.0	43	6.181762701960574	
484	FAST	30	83	0.34582845655083266	0.0	241	2.8928103115428465	
485	FAST	39	83	0.46220678969972273	0.0	799	1.4713327064615125	
