n_interc	
0	
0	
0	
0	
0	
0	
0	
0	
0	
0	
0	
0	
0	
0	
0	
0	
0	
0	
0	
0	
0	
0	
0	
0	
0	
0	
0	
0	
0	
0	
0	
0	
0	
0	
0	
0	
0	
0	
0	
0	
0	
0	
0	
0	
0	
0	
0	
0	
0	
0	
0	
0	
1	
1	
1	
1	
1	
1	
1	
1	
1	
1	
1	
1	
1	
2	
2	
2	
2	
2	
2	
2	
2	
2	
2	
3	
3	
3	
3	
3	
3	
3	
3	
4	
4	
4	
4	
4	
4	
5	
5	
5	
5	
5	
5	
6	
6	
6	
6	
6	
60	
61	
63	
64	
65	
67	
70	
72	
74	
75	
78	
80	
82	
84	
85	
88	
89	
90	
92	
94	
96	
98	
99	
101	
103	
105	
108	
110	
112	
114	
116	
117	
119	
121	
122	
124	
126	
128	
129	
130	
132	
135	
136	
138	
140	
142	
144	
146	
147	
149	
151	
153	
155	
157	
159	
160	
161	
164	
165	
166	
168	
170	
173	
174	
176	
178	
181	
182	
183	
185	
187	
188	
189	
191	
192	
194	
196	
198	
200	
201	
203	
205	
206	
208	
210	
212	
213	
214	
215	
218	
219	
220	
222	
224	
226	
227	
229	
230	
232	
234	
511	
516	
520	
523	
527	
530	
533	
538	
542	
547	
551	
555	
558	
561	
564	
568	
573	
575	
579	
583	
586	
588	
592	
597	
600	
604	
607	
610	
615	
618	
622	
627	
631	
634	
637	
639	
642	
647	
651	
654	
659	
662	
666	
670	
675	
678	
682	
686	
690	
693	
697	
699	
702	
703	
705	
708	
710	
712	
716	
718	
720	
722	
724	
725	
729	
731	
733	
735	
739	
741	
743	
745	
747	
750	
751	
753	
754	
756	
758	
758	
760	
761	
762	
764	
767	
769	
770	
771	
772	
773	
773	
775	
777	
779	
780	
780	
781	
781	
781	
782	
3239	
3242	
3245	
3250	
3254	
3260	
3263	
3267	
3268	
3271	
3276	
3279	
3282	
3285	
3288	
3292	
3295	
3298	
3304	
3312	
3315	
3320	
3325	
3329	
3334	
3340	
3341	
3346	
3349	
3352	
3358	
3364	
3371	
3377	
3383	
3386	
3389	
3392	
3396	
3401	
3404	
3407	
3412	
3415	
3419	
3425	
3428	
3431	
3436	
3438	
3441	
3447	
3450	
3453	
3458	
3460	
3463	
3467	
3470	
3473	
3475	
3477	
3483	
3484	
3487	
3487	
3489	
3494	
3496	
3497	
3501	
3504	
3508	
3509	
3511	
3517	
3520	
3523	
3526	
3530	
3535	
3537	
3541	
3542	
3545	
3548	
3552	
3553	
3554	
3557	
3559	
3560	
3563	
3567	
3569	
3573	
3574	
3576	
3580	
3583	
3050	
3051	
3054	
3055	
3056	
3056	
3059	
3063	
3065	
3066	
3067	
3069	
3072	
3074	
3077	
3080	
3083	
3085	
3087	
3089	
3092	
3093	
3094	
3096	
3098	
3102	
3104	
3106	
3109	
3110	
3113	
3115	
3116	
3117	
3120	
3123	
3124	
3127	
3128	
3130	
3134	
3138	
3138	
3139	
3140	
3142	
3144	
3145	
3145	
3146	
3147	
3149	
3151	
3153	
3154	
3155	
3157	
3161	
3164	
3165	
3170	
3172	
3174	
3175	
3175	
3178	
3180	
3181	
3185	
3185	
3187	
3189	
3190	
3192	
3194	
3197	
3197	
3198	
3201	
3203	
3203	
3205	
3208	
3210	
3210	
3212	
3214	
3215	
3215	
3217	
3218	
3220	
3221	
3222	
3222	
3224	
3226	
3226	
3228	
3231	
