n_interc	
0	
0	
0	
0	
0	
0	
0	
0	
0	
0	
0	
0	
0	
0	
0	
0	
0	
0	
0	
0	
0	
0	
0	
0	
0	
0	
0	
0	
0	
0	
0	
0	
0	
0	
0	
0	
0	
0	
0	
0	
0	
0	
0	
0	
0	
0	
0	
0	
0	
0	
0	
0	
0	
0	
0	
0	
0	
0	
0	
0	
0	
0	
0	
0	
0	
0	
0	
1	
1	
1	
1	
1	
2	
2	
2	
2	
2	
2	
2	
3	
3	
3	
3	
3	
4	
4	
4	
5	
5	
5	
5	
5	
5	
5	
5	
5	
5	
5	
6	
6	
58	
59	
64	
64	
65	
66	
66	
69	
71	
72	
74	
75	
76	
78	
79	
81	
82	
83	
87	
87	
87	
91	
94	
95	
96	
99	
102	
102	
103	
105	
106	
108	
110	
114	
115	
116	
119	
120	
121	
122	
124	
127	
130	
130	
133	
135	
136	
137	
139	
142	
144	
145	
146	
148	
152	
153	
155	
156	
157	
158	
159	
163	
164	
166	
167	
169	
171	
174	
174	
177	
179	
181	
182	
183	
184	
185	
187	
191	
192	
193	
195	
197	
198	
200	
201	
206	
208	
208	
211	
211	
212	
214	
218	
219	
222	
224	
225	
225	
227	
231	
502	
506	
512	
518	
519	
523	
525	
530	
536	
540	
545	
547	
551	
554	
557	
562	
564	
570	
572	
576	
581	
584	
588	
591	
597	
599	
605	
607	
611	
614	
616	
620	
625	
629	
634	
635	
638	
643	
646	
652	
656	
659	
665	
668	
672	
675	
678	
682	
683	
688	
689	
691	
696	
697	
700	
703	
707	
708	
710	
712	
715	
716	
718	
721	
721	
723	
726	
729	
730	
732	
734	
737	
739	
742	
744	
744	
746	
747	
748	
750	
751	
753	
755	
757	
759	
761	
762	
762	
764	
765	
768	
768	
769	
771	
774	
776	
776	
777	
778	
780	
3242	
3246	
3248	
3254	
3261	
3266	
3269	
3272	
3275	
3281	
3284	
3290	
3294	
3298	
3301	
3304	
3305	
3311	
3315	
3320	
3322	
3325	
3326	
3330	
3336	
3337	
3342	
3346	
3349	
3350	
3355	
3357	
3357	
3362	
3362	
3366	
3369	
3374	
3376	
3382	
3387	
3390	
3392	
3396	
3399	
3401	
3406	
3407	
3411	
3412	
3416	
3418	
3420	
3423	
3425	
3430	
3432	
3433	
3437	
3440	
3442	
3444	
3444	
3446	
3447	
3449	
3453	
3454	
3458	
3459	
3461	
3466	
3466	
3469	
3473	
3476	
3477	
3479	
3479	
3481	
3484	
3488	
3489	
3493	
3494	
3497	
3498	
3498	
3503	
3503	
3507	
3508	
3509	
3511	
3514	
3516	
3517	
3519	
3524	
3526	
3005	
3005	
3006	
3009	
3009	
3011	
3011	
3011	
3013	
3015	
3015	
3019	
3019	
3020	
3022	
3023	
3024	
3026	
3027	
3029	
3032	
3034	
3035	
3038	
3039	
3042	
3043	
3043	
3045	
3046	
3047	
3048	
3051	
3052	
3053	
3054	
3055	
3059	
3060	
3060	
3063	
3064	
3065	
3067	
3068	
3071	
3074	
3075	
3075	
3076	
3076	
3076	
3077	
3078	
3078	
3079	
3080	
3081	
3083	
3087	
3087	
3091	
3092	
3093	
3095	
3095	
3096	
3097	
3099	
3102	
3103	
3103	
3105	
3106	
3109	
3110	
3111	
3112	
3114	
3115	
3117	
3121	
3121	
3122	
3124	
3125	
3126	
3128	
3129	
3131	
3132	
3134	
3135	
3136	
3138	
3139	
3141	
3142	
3145	
3146	
