id	type	l1	l2	friction	risk	count	acc	
1	FAST	1	2	0.02151630826214646	0.0	0	71.91977841773281	
2	FAST	1	3	0.027987052819351734	0.0	0	53.6132408272415	
3	FAST	1	4	0.07302656972007415	0.0	0	19.527327552370046	
4	FAST	1	5	0.10800269310982086	0.0	0	12.557967949122446	
5	FAST	1	6	0.2005826597473596	0.0	0	6.980389028966009	
6	FAST	1	7	0.05791240055316788	0.0	0	32.16173944420061	
7	FAST	1	8	0.06855335822514483	0.0	0	23.031190068876317	
8	FAST	1	68	0.36490858423453987	0.048	0	7.905362787708822	
9	FAST	1	69	0.40115801759656244	0.048	0	5.680978709752183	
10	FAST	1	70	0.423550267947518	0.048	0	5.097143246503423	
11	FAST	1	71	0.44235053412726005	0.048	0	3.978648549441179	
12	FAST	1	72	0.28733633203502157	0.0	0	6.206055220887087	
13	FAST	1	73	0.1906077266698771	0.0	0	20.851148224492103	
14	FAST	1	74	0.20210142113627694	0.0	0	10.755488434381448	
15	FAST	1	75	0.2630703980821981	0.0	0	10.708471157088198	
16	FAST	1	76	0.3008008736105855	0.0	0	8.212814398857596	
17	FAST	1	77	0.3450902934942693	0.0	0	5.236727126217936	
18	FAST	1	78	0.36284036573475764	0.0	0	4.572891474163745	
19	FAST	2	3	0.007516752227496343	0.0	0	203.66363482447971	
20	FAST	2	4	0.05255626523813813	0.0	0	28.987955083241317	
21	FAST	2	5	0.08753238084772358	0.0	0	17.36178800615237	
22	FAST	2	6	0.18130277439888826	0.0	0	7.557332651453911	
23	FAST	2	7	0.06458409111532147	0.0	0	25.43659539581254	
24	FAST	2	8	0.04808305763328943	0.0	0	33.352605727237545	
25	FAST	2	23	0.24993272053144797	0.0	2395	2.6394693864908234	
26	FAST	2	68	0.36470401260312413	0.048	0	8.325878748072297	
27	FAST	2	69	0.391780317504476	0.048	336	5.84086094502132	
28	FAST	2	70	0.4257275325971185	0.048	23	4.750709198998459	
29	FAST	2	71	0.43263050137245695	0.048	2024	1.7646068035777038	
30	FAST	2	72	0.3002858035948819	0.0	0	5.872871537558156	
31	FAST	2	73	0.2035572098999793	0.0	0	15.242161441762002	
32	FAST	2	74	0.21505090436637914	0.0	0	9.19374298798964	
33	FAST	2	75	0.2760198696420584	0.0	0	8.628961388098208	
34	FAST	2	76	0.3137503451704458	0.0	0	7.592210694852036	
35	FAST	2	77	0.3580397650541296	0.0	0	5.123694406174287	
36	FAST	3	4	0.04596140765847902	0.0	0	33.88715153001035	
37	FAST	3	5	0.08093752715814509	0.0	0	17.29375004334784	
38	FAST	3	6	0.18231210638901338	0.0	0	7.619535916871042	
39	FAST	3	7	0.06852057262560743	0.0	0	24.723027069269907	
40	FAST	3	8	0.04148820394371095	0.0	0	36.60615927206586	
41	FAST	3	23	0.253869190371492	0.0	5	5.4416153049012514	
42	FAST	3	68	0.3624783762095865	0.048	0	8.174591308791117	
43	FAST	3	69	0.3866275625916361	0.048	2	6.652434167433993	
44	FAST	3	70	0.424054534998753	0.048	1	4.677096025539443	
45	FAST	3	71	0.42731742112785376	0.048	2	4.4072290135002925	
46	FAST	3	72	0.30422229677540974	0.0	0	5.5362663677748465	
47	FAST	3	73	0.20749369141026527	0.0	0	13.982918214330864	
48	FAST	3	74	0.2189873742064232	0.0	0	9.119194405912674	
49	FAST	3	75	0.27995636282258624	0.0	0	9.363008667574046	
50	FAST	3	76	0.3176868383509737	0.0	0	7.119420236731376	
51	FAST	3	77	0.36197625823465746	0.0	0	5.095726692182064	
52	FAST	4	5	0.03612179881582182	0.0	0	42.131891654703715	
53	FAST	4	6	0.131309053093839	0.0	0	11.375664645062049	
54	FAST	4	7	0.11268187659387058	0.0	0	15.408615090779023	
55	FAST	4	8	0.007503043583361338	0.0	0	285.1901405691402	
56	FAST	4	9	0.19906910328632327	0.0	0	6.458719096399622	
57	FAST	4	23	0.20219244902298494	0.0	1	6.963254044719058	
58	FAST	4	24	0.1883962275027891	0.0	1	6.42027363960026	
59	FAST	4	68	0.38518730849483807	0.048	0	6.567047898939499	
60	FAST	4	69	0.38862564188147486	0.048	1	6.226009525701608	
61	FAST	4	71	0.42626530464684514	0.048	1	4.572354753767406	
62	FAST	4	73	0.25165497981820595	0.0	0	8.47626895263564	
63	FAST	4	74	0.26314868595484764	0.0	0	6.163564309831714	
64	FAST	4	75	0.32411765123052694	0.0	0	6.1841003068167195	
65	FAST	4	76	0.36184812675891437	0.0	0	4.952490994572662	
66	FAST	5	6	0.09695465406038882	0.0	0	17.470762784170777	
67	FAST	5	7	0.1480079633072034	0.0	0	10.523103673225382	
68	FAST	5	8	0.04282913807685543	0.0	0	36.24779109150087	
69	FAST	5	9	0.1647147042528731	0.0	0	7.9542056135302	
70	FAST	5	10	0.20580158024837855	0.0	2	5.768322718219363	
71	FAST	5	11	0.315176425388388	0.0	0	5.408258868008203	
72	FAST	5	23	0.1678380499895348	0.0	11	7.724688997554799	
73	FAST	5	24	0.1540418323594195	0.0	315	7.576021913722619	
74	FAST	5	25	0.21818540685428356	0.0	777	4.738230087549827	
75	FAST	5	68	0.41072317596004826	0.048	0	5.234964942350656	
76	FAST	5	69	0.4016265693558544	0.048	589	4.795920051930541	
77	FAST	5	71	0.4354848530175842	0.048	511	4.047584071273933	
78	FAST	5	73	0.2869810937621032	0.0	0	6.240905418902659	
79	FAST	5	74	0.2984747765582611	0.0	0	4.90082556194404	
80	FAST	5	75	0.3594437418339404	0.0	0	5.027537107620312	
81	FAST	6	7	0.22348282140222536	0.0	0	6.373528352908987	
82	FAST	6	8	0.1367366608602571	0.0	0	10.339988284084939	
83	FAST	6	9	0.07023925303818712	0.0	0	19.06873489704231	
84	FAST	6	10	0.11132612125353132	0.0	0	11.805223719351922	
85	FAST	6	11	0.2207009547232989	0.0	0	7.8790512856768755	
86	FAST	6	12	0.25762382228263525	0.0	0	6.275016874532335	
87	FAST	6	23	0.1142018866986697	0.0	0	12.634850722415345	
88	FAST	6	24	0.1001154807239066	0.0	0	13.530869001846778	
89	FAST	6	25	0.16454923189317652	0.0	0	9.677417273453395	
90	FAST	6	26	0.15947391760864105	0.0	0	8.662661311642255	
91	FAST	7	8	0.10798518774699241	0.0	0	15.933822795148934	
92	FAST	7	23	0.2485729428477388	0.0	0	5.909665074172837	
93	FAST	7	24	0.2631165461086946	0.0	2	5.34247459765477	
94	FAST	7	68	0.40415430617655823	0.048	0	5.393132826836415	
95	FAST	7	69	0.4403988038214797	0.048	2	4.109291512699159	
96	FAST	7	72	0.25068690991330783	0.0	0	5.734328486106165	
97	FAST	7	73	0.15395831621840525	0.0	0	15.223105364466683	
98	FAST	7	74	0.16545201068480506	0.0	0	10.050948438851066	
99	FAST	7	75	0.22642097596048436	0.0	0	8.019689081566646	
100	FAST	7	76	0.26415145148887176	0.0	0	6.417665819033692	
101	FAST	8	9	0.20593583471103105	0.0	0	6.13509513673077	
102	FAST	8	23	0.20905918044769273	0.0	0	6.0858376447552605	
103	FAST	8	24	0.19526296281757746	0.0	1	6.144866312426663	
104	FAST	8	68	0.381788758681206	0.048	0	7.136803289362981	
105	FAST	8	69	0.3874760334580042	0.048	1	6.606922438718255	
106	FAST	8	71	0.4256121061407696	0.048	0	4.690052098265031	
107	FAST	8	72	0.34401116178742613	0.0	0	4.923767909121293	
108	FAST	8	73	0.2472825797627654	0.0	0	9.43640629359413	
109	FAST	8	74	0.25877625866884274	0.0	0	6.337297789012297	
110	FAST	8	75	0.3197452278346027	0.0	0	6.254882822495146	
111	FAST	8	76	0.3574757033629901	0.0	0	5.751481720025506	
112	FAST	9	10	0.042910483552879006	0.0	0	33.63780759917125	
113	FAST	9	11	0.15228532869288847	0.0	0	13.222094820729222	
114	FAST	9	12	0.18920818458198294	0.0	0	9.252464398955084	
115	FAST	9	13	0.22995744825989792	0.0	0	6.815441281376042	
116	FAST	9	14	0.25331769753086336	0.0	0	5.625862683612946	
117	FAST	9	15	0.24757465090643752	0.0	0	5.268747247772298	
118	FAST	9	23	0.17921559053844677	0.0	1	10.157913901061715	
119	FAST	9	24	0.16512918067360308	0.0	0	12.139125583519286	
120	FAST	9	25	0.17977600333395677	0.0	0	12.517611341640073	
121	FAST	9	26	0.09105827990798876	0.0	0	17.423286080657526	
122	FAST	9	27	0.17848346569391205	0.0	0	8.927817078961539	
123	FAST	9	29	0.1855811706559399	0.0	1	7.688563971637865	
124	FAST	10	11	0.10937484514000945	0.0	0	14.185067379075054	
125	FAST	10	12	0.1462977010291039	0.0	0	9.807216973629263	
126	FAST	10	13	0.18704696470701887	0.0	0	7.855930771219301	
127	FAST	10	14	0.21040721786806496	0.0	0	6.8400439381332365	
128	FAST	10	15	0.2046641673535585	0.0	0	5.7232794127071545	
129	FAST	10	16	0.20323672949747695	0.0	0	5.690341514471927	
130	FAST	10	23	0.213153638132304	0.0	0	7.84832699891016	
131	FAST	10	24	0.199016878953885	0.0	0	9.053887229015826	
132	FAST	10	25	0.13705416535107862	0.0	0	12.333371020511567	
133	FAST	10	26	0.04814779635510974	0.0	0	31.792606329897833	
134	FAST	10	27	0.1355729938112749	0.0	1	13.556871291133744	
135	FAST	10	29	0.14267068710306088	0.0	1	12.307449564876213	
136	FAST	11	12	0.0364924262477068	0.0	0	41.45409825951349	
137	FAST	11	13	0.07678160230952209	0.0	0	18.79024075835139	
138	FAST	11	14	0.1121667443368769	0.0	0	12.80553943149889	
139	FAST	11	15	0.13120902745063714	0.0	0	10.73597893880118	
140	FAST	11	16	0.21670056307836655	0.0	0	7.426876639466485	
141	FAST	11	24	0.31300570982660975	0.0	0	4.884039047967242	
142	FAST	11	25	0.2510430001138839	0.0	0	5.613244386421357	
143	FAST	11	26	0.0629029032998397	0.0	0	21.73630950910852	
144	FAST	11	27	0.15032809297584365	0.0	0	8.425188781129618	
145	FAST	11	29	0.1574258018279521	0.0	0	7.760438853734955	
146	FAST	11	31	0.2612748846871239	0.0	0	5.381809513034808	
147	FAST	12	13	0.041186765485885346	0.0	0	37.41626422272086	
148	FAST	12	14	0.0765719114033208	0.0	0	18.938456300395323	
149	FAST	12	15	0.09561419451708102	0.0	0	15.515305916668556	
150	FAST	12	16	0.14372326122945295	0.0	0	9.976158888550453	
151	FAST	12	26	0.09403059326424705	0.0	0	16.196599655636565	
152	FAST	12	27	0.1814557907204122	0.0	0	7.566873151946419	
153	FAST	12	29	0.18855348401219818	0.0	0	7.283092168670693	
154	FAST	12	31	0.19481717124778766	0.0	0	6.697390780584659	
155	FAST	13	14	0.035643937421330284	0.0	0	40.19494136171165	
156	FAST	13	15	0.05468622442517113	0.0	0	28.51312237880136	
157	FAST	13	16	0.10279528335738179	0.0	0	14.586051644652894	
158	FAST	13	26	0.13496519205354798	0.0	0	11.579939788596704	
159	FAST	13	27	0.22239038950971318	0.0	0	6.592280328439121	
160	FAST	13	29	0.22948808669157972	0.0	0	7.029134493267667	
161	FAST	13	31	0.15388919337571655	0.0	0	8.483971473141759	
162	FAST	14	15	0.019130319528464904	0.0	0	82.51971742772614	
163	FAST	14	16	0.06723938624083681	0.0	0	21.93052825561334	
164	FAST	14	26	0.1630868027618412	0.0	0	9.38265673635234	
165	FAST	14	27	0.2503014029230186	0.0	0	6.0902235231654025	
166	FAST	14	29	0.25739912344536897	0.0	0	6.054355630266878	
167	FAST	14	31	0.1183333001492522	0.0	0	11.387901531232446	
168	FAST	14	32	0.21194727355834295	0.0	0	5.9120179852971155	
169	FAST	15	16	0.048585982817270716	0.0	0	32.61373012897465	
170	FAST	15	26	0.15747477794306555	0.0	0	8.943577872610533	
171	FAST	15	27	0.244689378104243	0.0	0	6.455436707089929	
172	FAST	15	29	0.25178707528610955	0.0	0	6.549034088981492	
173	FAST	15	31	0.09967989283560547	0.0	0	14.975754658781664	
174	FAST	15	32	0.1932938779149381	0.0	0	6.322129002422218	
175	FAST	16	26	0.15613073174541822	0.0	0	7.357769015788386	
176	FAST	16	27	0.24334533190659563	0.0	0	6.409585897847729	
177	FAST	16	29	0.250443052428946	0.0	0	6.776089191735881	
178	FAST	16	31	0.05291526521902438	0.0	0	29.959262583990732	
179	FAST	16	32	0.14652924640827636	0.0	0	9.871901462094014	
180	FAST	17	18	0.144492633596006	0.0	0	9.84857229632834	
181	FAST	17	19	0.20948451408345695	0.0	0	7.232378696946863	
182	FAST	17	20	0.22112509410431017	0.0	0	5.651637088778215	
183	FAST	17	21	0.2301959607734761	0.0	0	6.194809351077708	
184	FAST	18	19	0.06547912086633792	0.0	1	25.182361973136487	
185	FAST	18	20	0.07711971255743301	0.0	0	20.296318760612884	
186	FAST	18	21	0.08619056366627643	0.0	0	18.959118965623535	
187	FAST	18	22	0.11826343430116347	0.0	0	13.8157358547205	
188	FAST	18	23	0.2031332533527576	0.0	1	7.362764421225465	
189	FAST	18	24	0.21725088889480668	0.0	0	6.224621930671787	
190	FAST	19	20	0.0557718564567446	0.0	1	24.73113479275006	
191	FAST	19	21	0.020826386902350846	0.0	0	76.36575141414974	
192	FAST	19	22	0.052899253647157266	0.0	0	28.503238690359833	
193	FAST	19	23	0.18178540114214978	0.0	618	5.940830795736952	
194	FAST	19	24	0.19590302501395698	0.0	220	6.366100212726905	
195	FAST	19	25	0.25918542512951476	0.0	67	5.974697164878625	
196	FAST	20	21	0.051960300995763854	0.0	0	28.684403927280133	
197	FAST	20	22	0.057609725049702395	0.0	0	28.2145308519561	
198	FAST	20	23	0.12831906321120456	0.0	1	12.096819010117844	
199	FAST	20	24	0.14243669875325368	0.0	0	10.87284958042901	
200	FAST	20	25	0.20571908719856957	0.0	0	8.0020353755146	
201	FAST	21	22	0.03241731782414188	0.0	0	50.08451375692756	
202	FAST	21	23	0.177942145414127	0.0	226	7.235929543560145	
203	FAST	21	24	0.1920597848462567	0.0	31	7.306451526044048	
204	FAST	21	25	0.25534216940149196	0.0	17	5.922993118849354	
205	FAST	22	23	0.18354915202889183	0.0	1573	5.967542560294715	
206	FAST	22	24	0.19766678757094094	0.0	66	7.8048450956353115	
207	FAST	22	25	0.2609491876864987	0.0	3	7.647866323065858	
208	FAST	23	24	0.014785710209034767	0.0	0	102.070751132802	
209	FAST	23	25	0.07806810643451191	0.0	0	18.47640610836019	
210	FAST	23	26	0.26582657077857297	0.0	0	5.860951180227342	
211	FAST	24	25	0.06401010971857911	0.0	0	21.557675855115942	
212	FAST	24	26	0.25176857017255955	0.0	0	6.298287584187136	
213	FAST	24	27	0.3391937559584829	0.0	2	4.832577035760188	
214	FAST	25	26	0.1896613206239994	0.0	0	7.9177776678665825	
215	FAST	25	27	0.2770865064099227	0.0	0	7.5999990355420755	
216	FAST	25	29	0.28418422304219243	0.0	0	6.8347339690043265	
217	FAST	25	30	0.4521379951502652	0.0	702	3.780937879058366	
218	FAST	26	27	0.08793642018212716	0.0	0	16.040036882718255	
219	FAST	26	29	0.09503412125407436	0.0	0	13.917215507981272	
220	FAST	26	31	0.2001531209344359	0.0	0	5.622646290223984	
221	FAST	27	29	0.009295402123045745	0.0	0	171.29554786544392	
222	FAST	27	30	0.1772491897914411	0.0	3	7.33301949928074	
223	FAST	27	31	0.28774323446876776	0.0	0	6.260600671428932	
224	FAST	28	30	0.15944353607893208	0.0	90	11.017197380132373	
225	FAST	29	30	0.16795380711879848	0.0	2	7.681881079684278	
226	FAST	29	31	0.2954023675373496	0.0	0	5.617115881856916	
227	FAST	31	32	0.09361397729917137	0.0	0	15.22917523083466	
228	FAST	31	33	0.20448155529861253	0.0	0	5.95968336393662	
229	FAST	32	33	0.11533800808672107	0.0	0	12.86380592148154	
230	FAST	32	34	0.21282922874836685	0.0	0	5.471137840443326	
231	FAST	32	35	0.1856925008734483	0.0	0	6.90576478503138	
232	FAST	33	34	0.09994297898851423	0.0	0	15.376076550884768	
233	FAST	33	35	0.08939985684434527	0.0	0	18.874635700347152	
234	FAST	33	36	0.23577195177538954	0.0	0	5.388196936947805	
235	FAST	33	43	0.21187265792180676	0.0	0	6.589319696023006	
236	FAST	33	44	0.23313834384937832	0.0	0	5.823140539018076	
237	FAST	34	35	0.07425086367565223	0.0	1	19.348033793720834	
238	FAST	34	36	0.22119958914834686	0.0	286	5.658955764439368	
239	FAST	34	40	0.21309968660406667	0.0	11	6.079297674816407	
240	FAST	34	41	0.19701331626663482	0.0	23	6.506951702860347	
241	FAST	34	42	0.19652467156864095	0.0	7	9.08737545019984	
242	FAST	34	43	0.11495453171851999	0.0	0	14.726228496687183	
243	FAST	34	44	0.1362202176460916	0.0	0	12.099991088294056	
244	FAST	34	45	0.17083477360173724	0.0	0	9.813745740974769	
245	FAST	34	46	0.1415772009986984	0.0	0	11.000032035950909	
246	FAST	34	47	0.2729031837234328	0.0	0	6.541338580342802	
247	FAST	34	48	0.30365908701192784	0.0	0	4.6282846785545475	
248	FAST	34	49	0.2550983585980977	0.0	0	5.71525924228708	
249	FAST	34	63	0.41350450727089905	0.048	325	4.401659431716473	
250	FAST	35	36	0.15314777123847956	0.0	0	9.553061523773845	
251	FAST	35	37	0.18349454307702828	0.0	396	6.589201594065875	
252	FAST	35	40	0.18010409662424917	0.0	2	6.856055347178934	
253	FAST	35	41	0.1906017709564348	0.0	0	7.254783147918478	
254	FAST	35	42	0.2441990567814982	0.0	0	7.560116567576989	
255	FAST	35	43	0.16262891693137727	0.0	20	7.908731519828844	
256	FAST	35	44	0.18389460285894885	0.0	247	6.093618298682253	
257	FAST	35	45	0.21850915881459448	0.0	130	5.629159097966232	
258	FAST	35	46	0.18925158232147501	0.0	0	6.6844911463515455	
259	FAST	36	37	0.03814278128412667	0.0	1	41.764234357563346	
260	FAST	36	38	0.11676273844668511	0.0	10	15.149642657039852	
261	FAST	36	39	0.19725989680743664	0.0	277	7.045305524151812	
262	FAST	36	40	0.1635373363399172	0.0	1	11.721637499382618	
263	FAST	36	41	0.3269651669101407	0.0	0	8.688619187267259	
264	FAST	36	42	0.39092006082427827	0.0	0	5.48716749602383	
265	FAST	37	38	0.08093381602122546	0.0	0	24.744475238424975	
266	FAST	37	39	0.15061684588073954	0.0	13	10.342968053958579	
267	FAST	37	40	0.14019839693063493	0.0	0	14.705890035331235	
268	FAST	37	41	0.3579232571393046	0.0	1	8.310448672516856	
269	FAST	37	42	0.4218781277129583	0.0	255	4.874715195519492	
270	FAST	38	39	0.08372419808664779	0.0	7	17.997484476958988	
271	FAST	38	40	0.11208962348841593	0.0	8	15.56750998043813	
272	FAST	38	41	0.40779445257479646	0.0	19	8.297003947613259	
273	FAST	38	42	0.46110764581155694	0.0	176	4.300221806864393	
274	FAST	39	40	0.19341849275779302	0.0	40	7.42381833509323	
275	FAST	39	41	0.48912332573425416	0.0	278	4.525902780682991	
276	FAST	40	41	0.2986730228472532	0.0	0	33.75810552097194	
277	FAST	40	42	0.3519861888534493	0.0	1	8.974200621209382	
278	FAST	40	43	0.30170619262486453	0.0	33	4.911455278984153	
279	FAST	41	42	0.25357444285234754	0.0	0	13.73103290041595	
280	FAST	41	43	0.20648708636666077	0.0	132	6.527170028072081	
281	FAST	41	44	0.22937622353302517	0.0	141	6.0156797063012295	
282	FAST	41	46	0.2310540153081182	0.0	0	5.752814506696469	
283	FAST	42	43	0.11780820928584947	0.0	31	13.493295165403756	
284	FAST	42	44	0.13084020112608316	0.0	92	10.620856892186485	
285	FAST	42	45	0.16679591294946913	0.0	297	7.92627261960586	
286	FAST	42	46	0.1325179929011762	0.0	0	13.0831411550833	
287	FAST	42	47	0.24937123796376515	0.0	5	5.06106275974038	
288	FAST	42	49	0.20710935144416465	0.0	0	5.897043625764144	
289	FAST	43	44	0.023101644490940768	0.0	0	69.20879821923184	
290	FAST	43	45	0.05771618877634452	0.0	0	26.089953814495964	
291	FAST	43	46	0.0288340089539606	0.0	0	57.03378433782652	
292	FAST	43	47	0.159784610568282	0.0	0	11.508731086201854	
293	FAST	43	48	0.19054051385677703	0.0	0	8.90328553576295	
294	FAST	43	49	0.14197978544294687	0.0	0	12.109084515316182	
295	FAST	43	63	0.3923885515678148	0.048	215	5.7449727752262785	
296	FAST	44	45	0.03650977211722949	0.0	0	40.27174768865333	
297	FAST	44	46	0.02575993886862073	0.0	0	68.18203190179062	
298	FAST	44	47	0.14086488833480484	0.0	0	14.472735084719963	
299	FAST	44	48	0.171620779953058	0.0	0	9.905944173228754	
300	FAST	44	49	0.12306006320946969	0.0	0	14.837539973459258	
301	FAST	44	50	0.2795338767258421	0.0	0	5.466530648229108	
302	FAST	44	54	0.4062621031342436	0.0	0	4.14908942297302	
303	FAST	44	63	0.3774616757931424	0.048	479	5.610773357346257	
304	FAST	45	46	0.05900224943214269	0.0	0	29.10810250121099	
305	FAST	45	47	0.11029916330807826	0.0	0	25.987072617621536	
306	FAST	45	48	0.1410550549263314	0.0	0	16.04180157896596	
307	FAST	45	49	0.07388850655518356	0.0	0	22.433369471138384	
308	FAST	45	50	0.2303623317417979	0.0	0	7.115093468342679	
309	FAST	45	52	0.29512067512879453	0.0	0	5.201602607727173	
310	FAST	45	53	0.3237251926661545	0.0	0	5.1675919459782795	
311	FAST	45	54	0.3570905581501994	0.0	0	5.823400862974674	
312	FAST	45	56	0.4526480314016355	0.0	0	4.060394514252682	
313	FAST	45	63	0.3512879165346726	0.048	424	8.670928950663974	
314	FAST	46	47	0.15177768484110474	0.0	0	13.292530735183743	
315	FAST	46	48	0.1825335725692773	0.0	0	9.570169307006323	
316	FAST	46	49	0.1095157983215043	0.0	0	14.390753420830872	
317	FAST	47	48	0.033308403033401005	0.0	0	53.479365932628205	
318	FAST	47	49	0.04335293354340888	0.0	0	39.29132581340193	
319	FAST	47	50	0.13698732987579948	0.0	0	12.521336296946577	
320	FAST	47	51	0.1911754722673719	0.0	0	7.343266393352682	
321	FAST	47	52	0.21128708019471065	0.0	0	7.884607382311597	
322	FAST	47	53	0.2398915977320707	0.0	0	7.9156252467722314	
323	FAST	47	54	0.2732569865565993	0.0	0	8.301026992208978	
324	FAST	47	56	0.3688144364675517	0.0	0	5.174584029901151	
325	FAST	47	63	0.32931771848225994	0.048	5	12.62008585773683	
326	FAST	48	49	0.07429681330803665	0.0	0	31.379684395408486	
327	FAST	48	50	0.10466340899746844	0.0	0	16.308448572019255	
328	FAST	48	51	0.15885155138904086	0.0	0	9.493355772308444	
329	FAST	48	52	0.17896317098662154	0.0	0	10.074193565191678	
330	FAST	48	53	0.2075677001942234	0.0	0	10.130965534427444	
331	FAST	48	54	0.2409330695683489	0.0	0	9.385882363271259	
332	FAST	48	55	0.31065396158262065	0.0	0	5.025423487758979	
333	FAST	48	56	0.33649051558922066	0.0	0	5.526888486642724	
334	FAST	48	63	0.33176830010421277	0.048	0	11.624593809992268	
335	FAST	49	50	0.1566683642287674	0.0	0	10.176022101952354	
336	FAST	49	51	0.1845573986865216	0.0	0	7.1145515753848505	
337	FAST	49	52	0.22142669594552217	0.0	0	7.093606062025348	
338	FAST	49	53	0.25003121348288215	0.0	0	6.526984884394676	
339	FAST	49	54	0.28339660619749146	0.0	0	7.054605867760279	
340	FAST	50	51	0.08115968188268026	0.0	0	22.654940043086988	
341	FAST	50	52	0.07399500529255132	0.0	0	29.19451866992843	
342	FAST	50	53	0.10259952671999197	0.0	0	21.32151460848861	
343	FAST	50	54	0.13596489609411744	0.0	0	15.259858149965801	
344	FAST	50	55	0.20568579977863108	0.0	0	7.256877483438773	
345	FAST	50	56	0.2315223537852311	0.0	0	6.890400528064526	
346	FAST	50	57	0.28310399822269255	0.0	0	4.609791376874488	
347	FAST	51	52	0.0866936794642085	0.0	0	16.996384233473563	
348	FAST	51	53	0.1152981970015685	0.0	0	12.040123995513508	
349	FAST	51	54	0.14866356637569397	0.0	0	8.894353520579042	
350	FAST	51	55	0.21838445838996573	0.0	0	5.6001285217833265	
351	FAST	51	56	0.2442210123965657	0.0	0	5.082167322289871	
352	FAST	52	53	0.027119747672974932	0.0	0	50.91419536607164	
353	FAST	52	54	0.06466182659652175	0.0	0	22.81931851396747	
354	FAST	52	55	0.13438272639095475	0.0	0	10.736759312453227	
355	FAST	52	56	0.16021928039755476	0.0	0	9.213430885980635	
356	FAST	52	57	0.2118009365052582	0.0	0	6.470587213582113	
357	FAST	53	54	0.03255763303241363	0.0	0	43.96942249678748	
358	FAST	53	55	0.1392847375834884	0.0	0	13.683982073815471	
359	FAST	53	56	0.12811509072352725	0.0	0	12.571548449325688	
360	FAST	53	57	0.1796967429411501	0.0	0	7.829873328187177	
361	FAST	53	58	0.2558494359154547	0.0	0	4.376403539857001	
362	FAST	53	63	0.337184139804537	0.048	0	11.422911948600737	
363	FAST	54	55	0.09882882488577224	0.0	0	14.732645128912793	
364	FAST	54	56	0.09594506921502285	0.0	0	17.292507720962146	
365	FAST	54	57	0.14752673699296817	0.0	0	10.15010129923857	
366	FAST	54	58	0.2236794182970309	0.0	0	6.0763682914146875	
367	FAST	54	59	0.23363279643775064	0.0	0	5.510052442634585	
368	FAST	54	63	0.31193667033525635	0.048	0	15.767067696887635	
369	FAST	55	56	0.10245118238530287	0.0	0	21.944158781537425	
370	FAST	55	57	0.11688081406400345	0.0	0	14.99447001278467	
371	FAST	55	58	0.19303349536806622	0.0	0	8.253054630606506	
372	FAST	55	59	0.15404239253103003	0.0	0	9.14816714998017	
373	FAST	55	60	0.199998124561872	0.0	0	6.381178334748623	
374	FAST	55	61	0.21647929140213404	0.0	0	5.067630544597016	
375	FAST	56	57	0.051750960196819136	0.0	0	26.659863535086863	
376	FAST	56	58	0.12790363761080126	0.0	0	11.932455865379136	
377	FAST	56	59	0.1378570196416016	0.0	0	9.624773651221938	
378	FAST	56	60	0.1863277627103322	0.0	0	6.965976909992077	
379	FAST	56	61	0.2295672264918869	0.0	0	4.9808913122130045	
380	FAST	56	63	0.3399620284812417	0.048	0	10.03840964860453	
381	FAST	56	64	0.38634472259083835	0.048	0	6.038671497776589	
382	FAST	56	65	0.43919115018064	0.048	0	4.123249168228608	
383	FAST	56	67	0.42103726473208475	0.048	0	4.707182689574235	
384	FAST	57	58	0.07675344979601327	0.0	0	20.230024840088177	
385	FAST	57	59	0.08670683571689426	0.0	0	17.707274158865552	
386	FAST	57	60	0.13517757878562484	0.0	0	10.28056010786354	
387	FAST	57	61	0.17841704256717958	0.0	0	7.205657403890562	
388	FAST	57	63	0.384340773682992	0.048	0	6.775983900596631	
389	FAST	57	64	0.3412958770645092	0.048	0	10.678468044432622	
390	FAST	57	65	0.38984504348251814	0.048	0	6.10876467136638	
391	FAST	57	66	0.42780336506585737	0.048	0	4.638885194234186	
392	FAST	57	67	0.37333280038000694	0.048	0	7.07933791886267	
393	FAST	58	59	0.07200593315564248	0.0	0	25.659449506280453	
394	FAST	58	60	0.08743951295287825	0.0	0	17.318868744718195	
395	FAST	58	61	0.1310579211587018	0.0	0	10.919360980486788	
396	FAST	58	62	0.255370979338627	0.0	0	5.553128219944335	
397	FAST	58	63	0.42867785119451274	0.048	0	4.362564403742473	
398	FAST	58	64	0.2815888030664809	0.048	0	33.143896375778695	
399	FAST	58	65	0.3403573143357273	0.048	0	10.275409088884244	
400	FAST	58	66	0.39043847436779794	0.048	0	6.270826829836714	
401	FAST	58	67	0.31576294598180515	0.048	0	14.057070654114316	
402	FAST	59	60	0.049577043098683535	0.0	0	28.80573049145787	
403	FAST	59	61	0.09281650299015765	0.0	0	17.315545188732806	
404	FAST	59	62	0.19190307683821625	0.0	0	7.7955770318252435	
405	FAST	60	61	0.04366750880351709	0.0	0	38.405220556815266	
406	FAST	60	62	0.16798056309336168	0.0	0	10.53237001166412	
407	FAST	61	62	0.1284738884202208	0.0	0	15.385903735681795	
408	FAST	61	64	0.34189073151411264	0.048	0	11.059396521271145	
409	FAST	61	65	0.27660027650124386	0.048	0	36.843123192068276	
410	FAST	61	66	0.2846057362515169	0.048	0	30.566572754223987	
411	FAST	61	67	0.313713359586781	0.048	0	15.377191901377872	
412	FAST	62	64	0.4213812504185731	0.048	0	4.346207074128879	
413	FAST	62	65	0.3530950978131749	0.048	0	8.654663918154087	
414	FAST	62	66	0.29304974429611425	0.048	0	24.21876921602997	
415	FAST	62	67	0.39218104977363377	0.048	0	6.035322557463725	
416	FAST	64	65	0.3208596406357785	0.048	0	13.721902220920356	
417	FAST	64	66	0.37832092189058875	0.048	0	7.015120481665699	
418	FAST	64	67	0.28711509697401516	0.048	0	27.40362675846433	
419	FAST	65	66	0.30802592284334046	0.048	0	17.647776283478485	
420	FAST	65	67	0.2869529669048198	0.048	0	28.278043169436064	
421	FAST	66	67	0.34723302916346765	0.048	0	9.821134009592638	
422	FAST	68	69	0.31961417983176404	0.048	0	14.929761360168413	
423	FAST	68	70	0.31025070892562745	0.048	0	17.51088179069548	
424	FAST	68	71	0.35282413558903386	0.048	0	9.160814726235197	
425	FAST	68	73	0.3499823949333256	0.048	0	9.95620525841158	
426	FAST	68	74	0.36326856556838494	0.048	0	8.502534830507033	
427	FAST	68	75	0.32293415966345773	0.048	0	14.089283157539993	
428	FAST	68	76	0.3043083788413486	0.048	0	18.520898832514337	
429	FAST	68	77	0.3277074185209801	0.048	0	12.118894427931354	
430	FAST	68	78	0.3537868345681008	0.048	0	9.216081313243391	
431	FAST	69	70	0.35016734253612003	0.048	0	9.06367571697944	
432	FAST	69	71	0.2889421904033205	0.048	0	25.805190853813443	
433	FAST	69	73	0.409725032299345	0.048	0	5.235026185445746	
434	FAST	69	74	0.43146268347934347	0.048	0	4.320185695855978	
435	FAST	69	75	0.3940090006189977	0.048	0	5.786038017952629	
436	FAST	69	76	0.375242522649161	0.048	0	6.907295750673557	
437	FAST	69	77	0.3880713581061336	0.048	0	6.302261955360441	
438	FAST	69	78	0.4118340394161036	0.048	0	4.915121177769732	
439	FAST	70	71	0.36321139206122	0.048	0	8.410081169226926	
440	FAST	70	73	0.39483539525942135	0.048	0	6.207671103352432	
441	FAST	70	74	0.39209968574495196	0.048	0	6.200888978824805	
442	FAST	70	75	0.3479917875872324	0.048	0	9.879094091910675	
443	FAST	70	76	0.3135398879049619	0.048	0	15.47708400077183	
444	FAST	70	77	0.29472060910445375	0.048	0	22.69579363803139	
445	FAST	70	78	0.31277550312885255	0.048	0	16.610169923933377	
446	FAST	71	75	0.4279180643201304	0.048	0	4.418961694560119	
447	FAST	71	76	0.404332513209376	0.048	0	5.472634209376123	
448	FAST	71	77	0.40759504955365466	0.048	0	5.50869234304331	
449	FAST	71	78	0.4282032219443983	0.048	0	4.796255559114727	
450	FAST	72	73	0.14025606737595317	0.0	0	12.09438632338565	
451	FAST	72	74	0.08725546934826098	0.0	0	16.13832059055866	
452	FAST	72	75	0.06345545813248002	0.0	0	29.57047491890839	
453	FAST	72	76	0.04017865109099696	0.0	0	38.26210062864855	
454	FAST	72	77	0.04570755266690181	0.0	0	32.90490047781508	
455	FAST	72	78	0.06345764046771263	0.0	0	27.658621087166562	
456	FAST	73	74	0.05432577344421043	0.0	0	32.693756744980604	
457	FAST	73	75	0.11529474650005098	0.0	0	22.686565833529986	
458	FAST	73	76	0.1530252220284384	0.0	0	14.49359455691213	
459	FAST	73	77	0.19731463802204155	0.0	0	8.817705327808238	
460	FAST	73	78	0.21506473749309424	0.0	0	7.549204004751784	
461	FAST	74	75	0.0623156956289603	0.0	0	29.461427119023917	
462	FAST	74	76	0.10004617115734774	0.0	0	16.286806645706527	
463	FAST	74	77	0.14433558326087026	0.0	0	9.75934466779999	
464	FAST	74	78	0.16208567884184233	0.0	0	8.915799403686737	
465	FAST	75	76	0.042285826075788555	0.0	0	39.143751389843686	
466	FAST	75	77	0.087860882596482	0.0	0	17.50962937289641	
467	FAST	75	78	0.10561097428737345	0.0	0	12.887176884914782	
468	FAST	76	77	0.06410468924890102	0.0	0	29.811789538670485	
469	FAST	76	78	0.08185477704971184	0.0	0	19.8478340551791	
470	FAST	77	78	0.02740920468246461	0.0	0	53.738151120364634	
471	FAST	28	79	0.1905716842496575	0.0	51	6.102035823931973	
472	FAST	30	79	0.278178959439087	0.0	484	3.4541618026644754	
473	FAST	39	79	0.5157151536739697	0.0	452	1.3126321534792824	
474	FAST	39	80	0.15613297926905245	0.0	168	7.0757776307565186	
475	FAST	38	80	0.27447415402234254	0.0	209	4.069582834917239	
476	FAST	37	80	0.3697095162770405	0.0	666	2.6681935306830415	
477	FAST	21	81	0.3196871679692737	0.0	118	3.1662795151762015	
478	FAST	22	81	0.31149137378000347	0.0	483	3.0691861371749987	
479	FAST	19	81	0.28274707029385315	0.0	462	3.2611796272488514	
480	FAST	21	82	0.28710962040206106	0.0	161	3.634917858680183	
481	FAST	22	82	0.2731696404854471	0.0	374	3.1849829516727475	
482	FAST	19	82	0.30816346870784195	0.0	445	3.1480185872713498	
483	FAST	28	83	0.18297536871162998	0.0	41	6.08959294102295	
484	FAST	30	83	0.3071375233443363	0.0	134	3.6900869732679356	
485	FAST	22	83	0.49894169443260156	0.0	814	1.3817296025973331	
