n_interc	
0	
0	
0	
0	
0	
0	
0	
0	
0	
0	
0	
0	
0	
0	
0	
0	
0	
0	
0	
0	
0	
0	
0	
0	
0	
0	
0	
0	
0	
0	
0	
0	
0	
0	
0	
0	
0	
0	
0	
0	
0	
0	
0	
0	
0	
0	
0	
0	
0	
0	
0	
0	
0	
0	
0	
0	
0	
0	
0	
0	
0	
0	
0	
0	
0	
0	
0	
0	
0	
0	
0	
1	
2	
3	
3	
3	
3	
3	
3	
3	
3	
3	
4	
5	
5	
6	
6	
6	
6	
6	
7	
7	
7	
7	
7	
8	
8	
8	
8	
8	
67	
70	
72	
75	
77	
79	
79	
80	
83	
83	
86	
87	
89	
89	
91	
95	
97	
99	
100	
102	
103	
105	
108	
108	
110	
111	
114	
118	
118	
119	
121	
122	
126	
127	
129	
130	
132	
134	
135	
136	
139	
141	
142	
145	
146	
149	
152	
153	
155	
156	
157	
160	
162	
163	
166	
167	
169	
170	
173	
174	
176	
177	
178	
180	
181	
183	
184	
185	
185	
188	
190	
192	
194	
195	
196	
200	
200	
201	
203	
204	
206	
207	
210	
212	
212	
215	
218	
220	
222	
223	
223	
225	
227	
229	
230	
232	
234	
236	
238	
239	
521	
525	
530	
534	
539	
542	
548	
551	
556	
558	
563	
565	
571	
573	
577	
579	
582	
586	
590	
594	
600	
605	
609	
613	
616	
618	
623	
628	
631	
634	
639	
643	
645	
649	
651	
654	
658	
662	
663	
668	
671	
675	
680	
681	
683	
685	
688	
691	
693	
695	
699	
703	
706	
710	
713	
715	
717	
720	
721	
723	
726	
727	
730	
731	
734	
736	
738	
740	
740	
743	
744	
747	
747	
748	
749	
752	
752	
755	
756	
757	
760	
761	
763	
764	
765	
766	
768	
768	
769	
770	
771	
772	
774	
776	
776	
779	
779	
781	
783	
784	
3251	
3255	
3259	
3262	
3264	
3268	
3273	
3279	
3285	
3287	
3291	
3295	
3296	
3298	
3301	
3305	
3313	
3316	
3323	
3329	
3331	
3333	
3336	
3340	
3345	
3348	
3353	
3357	
3361	
3366	
3370	
3374	
3378	
3383	
3388	
3394	
3400	
3405	
3408	
3415	
3419	
3421	
3425	
3428	
3430	
3436	
3437	
3439	
3441	
3446	
3446	
3450	
3452	
3457	
3459	
3460	
3465	
3468	
3471	
3477	
3478	
3481	
3486	
3488	
3489	
3489	
3493	
3495	
3498	
3504	
3505	
3508	
3509	
3511	
3516	
3517	
3520	
3521	
3522	
3523	
3525	
3527	
3531	
3533	
3536	
3539	
3540	
3545	
3548	
3548	
3549	
3552	
3552	
3556	
3557	
3561	
3562	
3562	
3565	
3566	
3036	
3039	
3040	
3041	
3043	
3047	
3051	
3052	
3054	
3056	
3059	
3061	
3064	
3067	
3070	
3071	
3075	
3077	
3077	
3078	
3080	
3081	
3083	
3084	
3085	
3087	
3090	
3091	
3091	
3092	
3096	
3097	
3099	
3100	
3102	
3106	
3108	
3108	
3109	
3110	
3111	
3113	
3115	
3117	
3118	
3120	
3124	
3125	
3127	
3128	
3130	
3131	
3132	
3132	
3135	
3135	
3136	
3138	
3139	
3141	
3141	
3141	
3143	
3144	
3148	
3148	
3151	
3151	
3152	
3153	
3155	
3156	
3156	
3157	
3160	
3162	
3164	
3167	
3170	
3171	
3175	
3177	
3178	
3179	
3181	
3181	
3183	
3183	
3183	
3184	
3186	
3188	
3190	
3191	
3193	
3193	
3193	
3197	
3198	
3198	
