n_interc	
0	
0	
0	
0	
0	
0	
0	
0	
0	
0	
0	
0	
0	
0	
0	
0	
0	
0	
0	
0	
0	
0	
0	
0	
0	
0	
0	
0	
0	
0	
0	
0	
0	
0	
0	
0	
0	
0	
0	
0	
0	
0	
0	
0	
0	
0	
0	
0	
0	
0	
0	
0	
0	
0	
0	
0	
0	
1	
1	
1	
1	
1	
1	
1	
1	
2	
2	
2	
2	
2	
2	
2	
3	
3	
4	
4	
4	
4	
4	
4	
5	
5	
5	
5	
5	
5	
5	
5	
6	
7	
7	
7	
7	
7	
7	
8	
8	
8	
9	
9	
73	
74	
75	
77	
80	
81	
83	
84	
85	
87	
90	
91	
92	
94	
95	
96	
97	
102	
104	
105	
106	
107	
109	
111	
112	
114	
116	
117	
119	
120	
122	
124	
125	
126	
128	
131	
133	
135	
136	
138	
139	
141	
143	
144	
146	
148	
148	
150	
153	
154	
156	
157	
158	
160	
162	
164	
165	
167	
169	
170	
172	
173	
177	
179	
179	
181	
183	
185	
186	
188	
189	
191	
192	
194	
196	
198	
199	
201	
202	
205	
205	
207	
209	
211	
212	
215	
217	
218	
220	
222	
224	
226	
228	
231	
233	
235	
236	
238	
238	
239	
521	
524	
528	
531	
534	
538	
544	
548	
552	
556	
560	
566	
570	
575	
580	
583	
586	
589	
594	
598	
603	
605	
610	
613	
618	
621	
624	
628	
633	
638	
640	
645	
649	
653	
657	
660	
664	
668	
673	
675	
678	
681	
685	
689	
690	
693	
696	
699	
701	
704	
708	
711	
713	
715	
716	
719	
722	
725	
727	
729	
731	
733	
735	
737	
739	
742	
743	
745	
747	
747	
748	
750	
752	
754	
755	
757	
759	
760	
761	
763	
764	
765	
767	
767	
769	
769	
770	
771	
772	
772	
773	
775	
776	
777	
779	
780	
781	
782	
784	
785	
3255	
3257	
3262	
3266	
3272	
3276	
3280	
3283	
3288	
3294	
3300	
3308	
3315	
3317	
3321	
3328	
3333	
3337	
3338	
3342	
3346	
3350	
3354	
3362	
3368	
3371	
3376	
3380	
3383	
3391	
3395	
3398	
3404	
3409	
3411	
3413	
3416	
3422	
3427	
3431	
3431	
3433	
3434	
3437	
3438	
3440	
3442	
3445	
3450	
3454	
3457	
3460	
3465	
3466	
3471	
3475	
3480	
3480	
3482	
3487	
3490	
3493	
3499	
3502	
3505	
3508	
3511	
3513	
3517	
3522	
3527	
3529	
3532	
3535	
3538	
3543	
3547	
3549	
3553	
3556	
3561	
3562	
3564	
3567	
3568	
3572	
3573	
3576	
3581	
3587	
3591	
3594	
3597	
3599	
3600	
3602	
3603	
3607	
3611	
3613	
3076	
3077	
3078	
3081	
3084	
3087	
3088	
3089	
3092	
3096	
3096	
3098	
3099	
3101	
3102	
3104	
3105	
3107	
3109	
3112	
3114	
3116	
3119	
3120	
3122	
3123	
3126	
3127	
3127	
3129	
3131	
3133	
3136	
3137	
3139	
3141	
3144	
3148	
3151	
3152	
3153	
3153	
3155	
3157	
3158	
3160	
3161	
3162	
3165	
3166	
3168	
3172	
3174	
3178	
3179	
3180	
3184	
3186	
3188	
3190	
3191	
3191	
3192	
3193	
3195	
3197	
3199	
3202	
3205	
3206	
3207	
3207	
3209	
3209	
3212	
3214	
3216	
3220	
3221	
3223	
3225	
3230	
3230	
3231	
3233	
3235	
3237	
3237	
3238	
3239	
3240	
3241	
3245	
3247	
3249	
3250	
3251	
3255	
3255	
3259	
