id	type	l1	l2	friction	risk	count	acc	
1	FAST	1	2	0.02151630826214646	0.0	0	78.67452784961802	
2	FAST	1	3	0.027987052819351734	0.0	0	57.92018560228043	
3	FAST	1	4	0.07302656972007415	0.0	0	22.09120990018657	
4	FAST	1	5	0.10800269310982086	0.0	0	13.47737742500538	
5	FAST	1	6	0.2005826597473596	0.0	0	7.295190461748364	
6	FAST	1	7	0.05791240055316788	0.0	0	37.01335440505475	
7	FAST	1	8	0.06855335822514483	0.0	0	25.137814170818302	
8	FAST	1	68	0.36490858423453987	0.048	0	9.311574195526385	
9	FAST	1	69	0.40115801759656244	0.048	0	6.963440977062766	
10	FAST	1	70	0.423550267947518	0.048	0	5.713991053290047	
11	FAST	1	71	0.44235053412726005	0.048	0	4.601153583526044	
12	FAST	1	72	0.28733633203502157	0.0	0	7.095485913798811	
13	FAST	1	73	0.1906077266698771	0.0	0	22.900405945265696	
14	FAST	1	74	0.20210142113627694	0.0	0	12.98289938885388	
15	FAST	1	75	0.2630703980821981	0.0	0	12.025374074402134	
16	FAST	1	76	0.3008008736105855	0.0	0	9.175366236368978	
17	FAST	1	77	0.3450902934942693	0.0	0	5.871710885522591	
18	FAST	1	78	0.36284036573475764	0.0	0	5.247921216341725	
19	FAST	2	3	0.007516752227496343	0.0	0	237.95443875540738	
20	FAST	2	4	0.05255626523813813	0.0	0	32.945477936134075	
21	FAST	2	5	0.08753238084772358	0.0	0	17.56206487494861	
22	FAST	2	6	0.18130277439888826	0.0	0	8.315878558451898	
23	FAST	2	7	0.06458409111532147	0.0	0	26.84104514238951	
24	FAST	2	8	0.04808305763328943	0.0	0	35.81503521269278	
25	FAST	2	23	0.24993272053144797	0.0	0	5.8479860976964835	
26	FAST	2	68	0.36470401260312413	0.048	0	9.055257285061542	
27	FAST	2	69	0.391780317504476	0.048	0	7.724827305530512	
28	FAST	2	70	0.4257275325971185	0.048	0	5.095364816231618	
29	FAST	2	71	0.43263050137245695	0.048	0	4.797375804122355	
30	FAST	2	72	0.3002858035948819	0.0	0	6.790188621104488	
31	FAST	2	73	0.2035572098999793	0.0	0	17.13486851922001	
32	FAST	2	74	0.21505090436637914	0.0	0	11.031294188819315	
33	FAST	2	75	0.2760198696420584	0.0	0	10.113944029538727	
34	FAST	2	76	0.3137503451704458	0.0	0	8.196914233357496	
35	FAST	2	77	0.3580397650541296	0.0	0	6.1789780683613005	
36	FAST	3	4	0.04596140765847902	0.0	0	33.93460172101654	
37	FAST	3	5	0.08093752715814509	0.0	0	18.90868114015593	
38	FAST	3	6	0.18231210638901338	0.0	0	8.81192603461792	
39	FAST	3	7	0.06852057262560743	0.0	0	26.129783736315137	
40	FAST	3	8	0.04148820394371095	0.0	0	42.287786333457476	
41	FAST	3	23	0.253869190371492	0.0	1	5.435662269848465	
42	FAST	3	68	0.3624783762095865	0.048	1	8.858656024972694	
43	FAST	3	69	0.3866275625916361	0.048	0	7.6953761219657855	
44	FAST	3	70	0.424054534998753	0.048	0	5.6733292714053265	
45	FAST	3	71	0.42731742112785376	0.048	0	4.8080502221976635	
46	FAST	3	72	0.30422229677540974	0.0	0	6.670832781989139	
47	FAST	3	73	0.20749369141026527	0.0	0	15.784348176112735	
48	FAST	3	74	0.2189873742064232	0.0	0	10.327801387127224	
49	FAST	3	75	0.27995636282258624	0.0	0	9.920476152596462	
50	FAST	3	76	0.3176868383509737	0.0	0	8.274417014020221	
51	FAST	3	77	0.36197625823465746	0.0	0	5.572054944509813	
52	FAST	4	5	0.03612179881582182	0.0	0	45.895519932123236	
53	FAST	4	6	0.131309053093839	0.0	0	12.379272538303935	
54	FAST	4	7	0.11268187659387058	0.0	0	16.555656235387406	
55	FAST	4	8	0.007503043583361338	0.0	0	329.8575792628011	
56	FAST	4	9	0.19906910328632327	0.0	0	6.8347314523397635	
57	FAST	4	23	0.20219244902298494	0.0	0	7.354833305797886	
58	FAST	4	24	0.1883962275027891	0.0	0	7.638432554681255	
59	FAST	4	68	0.38518730849483807	0.048	0	7.2525723850689445	
60	FAST	4	69	0.38862564188147486	0.048	0	7.011011277590257	
61	FAST	4	71	0.42626530464684514	0.048	0	4.838299652057712	
62	FAST	4	73	0.25165497981820595	0.0	0	10.165839415291773	
63	FAST	4	74	0.26314868595484764	0.0	0	7.054848394009266	
64	FAST	4	75	0.32411765123052694	0.0	0	6.735884079295432	
65	FAST	4	76	0.36184812675891437	0.0	0	6.061027270872608	
66	FAST	5	6	0.09695465406038882	0.0	0	18.28206984987862	
67	FAST	5	7	0.1480079633072034	0.0	0	12.567719824978635	
68	FAST	5	8	0.04282913807685543	0.0	0	35.74255716279697	
69	FAST	5	9	0.1647147042528731	0.0	0	9.287877651774286	
70	FAST	5	10	0.20580158024837855	0.0	0	6.61554722005249	
71	FAST	5	11	0.315176425388388	0.0	0	5.891922976857624	
72	FAST	5	23	0.1678380499895348	0.0	0	8.611156478759803	
73	FAST	5	24	0.1540418323594195	0.0	0	8.386064448453798	
74	FAST	5	25	0.21818540685428356	0.0	22	6.101601156075672	
75	FAST	5	68	0.41072317596004826	0.048	20	5.903919605966663	
76	FAST	5	69	0.4016265693558544	0.048	0	6.333860482454919	
77	FAST	5	71	0.4354848530175842	0.048	2	4.548216048983235	
78	FAST	5	73	0.2869810937621032	0.0	0	7.555402442578292	
79	FAST	5	74	0.2984747765582611	0.0	0	5.8831309441756305	
80	FAST	5	75	0.3594437418339404	0.0	0	5.606715473631124	
81	FAST	6	7	0.22348282140222536	0.0	0	7.271246869954588	
82	FAST	6	8	0.1367366608602571	0.0	0	12.171487437415722	
83	FAST	6	9	0.07023925303818712	0.0	0	21.782387417012284	
84	FAST	6	10	0.11132612125353132	0.0	0	12.64059406915079	
85	FAST	6	11	0.2207009547232989	0.0	0	8.576452439825278	
86	FAST	6	12	0.25762382228263525	0.0	0	6.585081617088174	
87	FAST	6	23	0.1142018866986697	0.0	0	14.522050892313823	
88	FAST	6	24	0.1001154807239066	0.0	0	15.433382114786816	
89	FAST	6	25	0.16454923189317652	0.0	0	10.86055558887889	
90	FAST	6	26	0.15947391760864105	0.0	0	9.406723465183203	
91	FAST	7	8	0.10798518774699241	0.0	0	17.276056048420465	
92	FAST	7	23	0.2485729428477388	0.0	0	6.5223927724859	
93	FAST	7	24	0.2631165461086946	0.0	0	6.00671866423596	
94	FAST	7	68	0.40415430617655823	0.048	0	6.413776592404835	
95	FAST	7	69	0.4403988038214797	0.048	0	4.490501347975805	
96	FAST	7	72	0.25068690991330783	0.0	0	6.407765039952032	
97	FAST	7	73	0.15395831621840525	0.0	0	17.47248594290633	
98	FAST	7	74	0.16545201068480506	0.0	0	10.94257376621754	
99	FAST	7	75	0.22642097596048436	0.0	0	9.16846751990586	
100	FAST	7	76	0.26415145148887176	0.0	0	7.286735722422272	
101	FAST	8	9	0.20593583471103105	0.0	0	7.075932245730865	
102	FAST	8	23	0.20905918044769273	0.0	0	7.149466372297671	
103	FAST	8	24	0.19526296281757746	0.0	0	7.113537251508142	
104	FAST	8	68	0.381788758681206	0.048	0	8.381703570998603	
105	FAST	8	69	0.3874760334580042	0.048	0	7.894479026270756	
106	FAST	8	71	0.4256121061407696	0.048	0	5.344136150428371	
107	FAST	8	72	0.34401116178742613	0.0	0	5.354420303712028	
108	FAST	8	73	0.2472825797627654	0.0	0	9.945038632731158	
109	FAST	8	74	0.25877625866884274	0.0	0	6.789293041879827	
110	FAST	8	75	0.3197452278346027	0.0	0	7.487026724830615	
111	FAST	8	76	0.3574757033629901	0.0	0	6.3910843106735085	
112	FAST	9	10	0.042910483552879006	0.0	0	37.141531605698724	
113	FAST	9	11	0.15228532869288847	0.0	0	14.57893981214723	
114	FAST	9	12	0.18920818458198294	0.0	0	10.378769077914953	
115	FAST	9	13	0.22995744825989792	0.0	0	7.4645377331375675	
116	FAST	9	14	0.25331769753086336	0.0	0	6.34433662612817	
117	FAST	9	15	0.24757465090643752	0.0	0	6.280111489373287	
118	FAST	9	23	0.17921559053844677	0.0	0	10.790131529704441	
119	FAST	9	24	0.16512918067360308	0.0	0	13.051821005369836	
120	FAST	9	25	0.17977600333395677	0.0	0	13.35964775210063	
121	FAST	9	26	0.09105827990798876	0.0	0	20.246578546377094	
122	FAST	9	27	0.17848346569391205	0.0	0	9.92644898712926	
123	FAST	9	29	0.1855811706559399	0.0	0	8.984136427712478	
124	FAST	10	11	0.10937484514000945	0.0	0	16.09359733538281	
125	FAST	10	12	0.1462977010291039	0.0	0	11.918661832451527	
126	FAST	10	13	0.18704696470701887	0.0	0	9.554677358295168	
127	FAST	10	14	0.21040721786806496	0.0	0	6.963316229140097	
128	FAST	10	15	0.2046641673535585	0.0	0	7.039259597338879	
129	FAST	10	16	0.20323672949747695	0.0	0	5.855544713022462	
130	FAST	10	23	0.213153638132304	0.0	0	8.55410449585118	
131	FAST	10	24	0.199016878953885	0.0	0	9.897554874239646	
132	FAST	10	25	0.13705416535107862	0.0	0	14.408797459276627	
133	FAST	10	26	0.04814779635510974	0.0	0	33.861624039478095	
134	FAST	10	27	0.1355729938112749	0.0	0	15.3271057350193	
135	FAST	10	29	0.14267068710306088	0.0	0	12.863903084546255	
136	FAST	11	12	0.0364924262477068	0.0	0	47.96788626694274	
137	FAST	11	13	0.07678160230952209	0.0	0	21.20025199178235	
138	FAST	11	14	0.1121667443368769	0.0	0	13.85020198674917	
139	FAST	11	15	0.13120902745063714	0.0	0	11.499915767123255	
140	FAST	11	16	0.21670056307836655	0.0	0	8.67186373250318	
141	FAST	11	24	0.31300570982660975	0.0	0	5.311565730188289	
142	FAST	11	25	0.2510430001138839	0.0	0	6.444287411366459	
143	FAST	11	26	0.0629029032998397	0.0	0	23.17054023126675	
144	FAST	11	27	0.15032809297584365	0.0	0	8.876863681090278	
145	FAST	11	29	0.1574258018279521	0.0	0	8.416381162413227	
146	FAST	11	31	0.2612748846871239	0.0	0	5.80030219934036	
147	FAST	12	13	0.041186765485885346	0.0	0	42.20219768537251	
148	FAST	12	14	0.0765719114033208	0.0	0	21.35140003240079	
149	FAST	12	15	0.09561419451708102	0.0	0	17.40501994579482	
150	FAST	12	16	0.14372326122945295	0.0	0	11.201085480376316	
151	FAST	12	26	0.09403059326424705	0.0	0	17.10268648718355	
152	FAST	12	27	0.1814557907204122	0.0	0	8.691114511190001	
153	FAST	12	29	0.18855348401219818	0.0	0	8.439032212558786	
154	FAST	12	31	0.19481717124778766	0.0	0	7.615813940091051	
155	FAST	13	14	0.035643937421330284	0.0	0	45.45057438253897	
156	FAST	13	15	0.05468622442517113	0.0	0	33.02509193916671	
157	FAST	13	16	0.10279528335738179	0.0	0	15.571275735512696	
158	FAST	13	26	0.13496519205354798	0.0	0	12.778667288758935	
159	FAST	13	27	0.22239038950971318	0.0	0	7.285675366744001	
160	FAST	13	29	0.22948808669157972	0.0	0	7.569728956830278	
161	FAST	13	31	0.15388919337571655	0.0	0	9.923861783425952	
162	FAST	14	15	0.019130319528464904	0.0	0	87.22345003867797	
163	FAST	14	16	0.06723938624083681	0.0	0	25.502399149258352	
164	FAST	14	26	0.1630868027618412	0.0	0	9.862828610256054	
165	FAST	14	27	0.2503014029230186	0.0	0	7.206840642943813	
166	FAST	14	29	0.25739912344536897	0.0	0	6.830637398257426	
167	FAST	14	31	0.1183333001492522	0.0	0	12.708241149944222	
168	FAST	14	32	0.21194727355834295	0.0	0	6.3869854450221	
169	FAST	15	16	0.048585982817270716	0.0	0	36.9592053078848	
170	FAST	15	26	0.15747477794306555	0.0	0	9.921020084716277	
171	FAST	15	27	0.244689378104243	0.0	0	7.155049304501234	
172	FAST	15	29	0.25178707528610955	0.0	0	7.497569922939292	
173	FAST	15	31	0.09967989283560547	0.0	0	16.205263920627463	
174	FAST	15	32	0.1932938779149381	0.0	0	7.558875290213465	
175	FAST	16	26	0.15613073174541822	0.0	0	7.886400191921653	
176	FAST	16	27	0.24334533190659563	0.0	0	6.9075205514028255	
177	FAST	16	29	0.250443052428946	0.0	0	7.446808136184065	
178	FAST	16	31	0.05291526521902438	0.0	0	31.99937447514432	
179	FAST	16	32	0.14652924640827636	0.0	0	10.657187144712308	
180	FAST	17	18	0.144492633596006	0.0	0	10.885254888662562	
181	FAST	17	19	0.20948451408345695	0.0	0	8.547992353567315	
182	FAST	17	20	0.22112509410431017	0.0	0	6.849576985931801	
183	FAST	17	21	0.2301959607734761	0.0	0	7.423415274607192	
184	FAST	18	19	0.06547912086633792	0.0	0	28.3038037840881	
185	FAST	18	20	0.07711971255743301	0.0	0	23.38984065359824	
186	FAST	18	21	0.08619056366627643	0.0	0	21.842984180447992	
187	FAST	18	22	0.11826343430116347	0.0	0	15.815057194237195	
188	FAST	18	23	0.2031332533527576	0.0	0	7.862463763832452	
189	FAST	18	24	0.21725088889480668	0.0	0	7.400107474722773	
190	FAST	19	20	0.0557718564567446	0.0	0	27.744957602589533	
191	FAST	19	21	0.020826386902350846	0.0	0	84.72183839330798	
192	FAST	19	22	0.052899253647157266	0.0	0	33.00157704791314	
193	FAST	19	23	0.18178540114214978	0.0	0	8.090943774181666	
194	FAST	19	24	0.19590302501395698	0.0	0	7.31231941475136	
195	FAST	19	25	0.25918542512951476	0.0	0	6.6501787214809385	
196	FAST	20	21	0.051960300995763854	0.0	0	30.01898456740384	
197	FAST	20	22	0.057609725049702395	0.0	0	33.75389483895116	
198	FAST	20	23	0.12831906321120456	0.0	0	13.81407416937744	
199	FAST	20	24	0.14243669875325368	0.0	0	10.945556970574971	
200	FAST	20	25	0.20571908719856957	0.0	0	9.581992213487167	
201	FAST	21	22	0.03241731782414188	0.0	0	57.73119004248045	
202	FAST	21	23	0.177942145414127	0.0	0	8.692709105117816	
203	FAST	21	24	0.1920597848462567	0.0	0	7.866630188859737	
204	FAST	21	25	0.25534216940149196	0.0	0	7.073832568703223	
205	FAST	22	23	0.18354915202889183	0.0	0	9.425771874681304	
206	FAST	22	24	0.19766678757094094	0.0	0	8.976463922982255	
207	FAST	22	25	0.2609491876864987	0.0	0	8.531425052421236	
208	FAST	23	24	0.014785710209034767	0.0	0	117.95910178886882	
209	FAST	23	25	0.07806810643451191	0.0	1	19.644549485086404	
210	FAST	23	26	0.26582657077857297	0.0	0	6.368093928813533	
211	FAST	24	25	0.06401010971857911	0.0	0	24.702377416220394	
212	FAST	24	26	0.25176857017255955	0.0	0	6.862851734521312	
213	FAST	24	27	0.3391937559584829	0.0	0	6.005981833188466	
214	FAST	25	26	0.1896613206239994	0.0	0	9.738985666312008	
215	FAST	25	27	0.2770865064099227	0.0	0	8.57430461673359	
216	FAST	25	29	0.28418422304219243	0.0	0	7.954912800237269	
217	FAST	25	30	0.4521379951502652	0.0	23	5.1474750242885525	
218	FAST	26	27	0.08793642018212716	0.0	0	17.988183056163173	
219	FAST	26	29	0.09503412125407436	0.0	0	15.936040685785077	
220	FAST	26	31	0.2001531209344359	0.0	0	6.611246592023077	
221	FAST	27	29	0.009295402123045745	0.0	0	185.45434174932507	
222	FAST	27	30	0.1772491897914411	0.0	0	8.29937989437988	
223	FAST	27	31	0.28774323446876776	0.0	0	6.317905915691709	
224	FAST	28	30	0.15944353607893208	0.0	23	12.478953004209036	
225	FAST	29	30	0.16795380711879848	0.0	0	8.785750086376861	
226	FAST	29	31	0.2954023675373496	0.0	0	6.541687439300677	
227	FAST	31	32	0.09361397729917137	0.0	0	17.24014989557385	
228	FAST	31	33	0.20448155529861253	0.0	0	6.590229553229893	
229	FAST	32	33	0.11533800808672107	0.0	0	13.786717266065772	
230	FAST	32	34	0.21282922874836685	0.0	0	6.579594535466555	
231	FAST	32	35	0.1856925008734483	0.0	0	7.578613622468168	
232	FAST	33	34	0.09994297898851423	0.0	0	15.900988698539269	
233	FAST	33	35	0.08939985684434527	0.0	0	19.95685746377561	
234	FAST	33	36	0.23577195177538954	0.0	0	6.180618147276894	
235	FAST	33	43	0.21187265792180676	0.0	0	6.681123698545387	
236	FAST	33	44	0.23313834384937832	0.0	0	6.455715668474666	
237	FAST	34	35	0.07425086367565223	0.0	0	21.688092263928354	
238	FAST	34	36	0.22119958914834686	0.0	37	6.976282743721967	
239	FAST	34	40	0.21309968660406667	0.0	0	6.443607893172047	
240	FAST	34	41	0.19701331626663482	0.0	24	7.295670345072082	
241	FAST	34	42	0.19652467156864095	0.0	1	10.542076299693777	
242	FAST	34	43	0.11495453171851999	0.0	0	16.521573303847006	
243	FAST	34	44	0.1362202176460916	0.0	0	13.68299094088102	
244	FAST	34	45	0.17083477360173724	0.0	0	11.245537983305605	
245	FAST	34	46	0.1415772009986984	0.0	0	12.32040768919157	
246	FAST	34	47	0.2729031837234328	0.0	0	6.846587491924228	
247	FAST	34	48	0.30365908701192784	0.0	0	6.01722210709652	
248	FAST	34	49	0.2550983585980977	0.0	0	6.116022908730251	
249	FAST	34	63	0.41350450727089905	0.048	62	6.113217291703233	
250	FAST	35	36	0.15314777123847956	0.0	0	10.356264156326835	
251	FAST	35	37	0.18349454307702828	0.0	0	7.784447057443016	
252	FAST	35	40	0.18010409662424917	0.0	0	7.728722234722158	
253	FAST	35	41	0.1906017709564348	0.0	0	8.27115587536477	
254	FAST	35	42	0.2441990567814982	0.0	0	8.352293856250009	
255	FAST	35	43	0.16262891693137727	0.0	0	9.250541633062376	
256	FAST	35	44	0.18389460285894885	0.0	0	7.530062446971128	
257	FAST	35	45	0.21850915881459448	0.0	0	6.287447260832666	
258	FAST	35	46	0.18925158232147501	0.0	0	7.910079390775758	
259	FAST	36	37	0.03814278128412667	0.0	1	43.72097725989193	
260	FAST	36	38	0.11676273844668511	0.0	1	16.850067622910384	
261	FAST	36	39	0.19725989680743664	0.0	35	8.142967479356974	
262	FAST	36	40	0.1635373363399172	0.0	0	14.224702390431167	
263	FAST	36	41	0.3269651669101407	0.0	0	9.558824037885461	
264	FAST	36	42	0.39092006082427827	0.0	0	5.500383436062909	
265	FAST	37	38	0.08093381602122546	0.0	0	27.945600963611763	
266	FAST	37	39	0.15061684588073954	0.0	0	10.616970545216422	
267	FAST	37	40	0.14019839693063493	0.0	0	15.28970628997437	
268	FAST	37	41	0.3579232571393046	0.0	5	9.537440609846387	
269	FAST	37	42	0.4218781277129583	0.0	841	4.605867729202636	
270	FAST	38	39	0.08372419808664779	0.0	1	19.51079375811229	
271	FAST	38	40	0.11208962348841593	0.0	0	17.038266780498724	
272	FAST	38	41	0.40779445257479646	0.0	2	9.549987405042788	
273	FAST	38	42	0.46110764581155694	0.0	3564	1.9364074681519998	
274	FAST	39	40	0.19341849275779302	0.0	0	8.44514020042673	
275	FAST	39	41	0.48912332573425416	0.0	696	4.566128472981398	
276	FAST	40	41	0.2986730228472532	0.0	0	39.360469996951196	
277	FAST	40	42	0.3519861888534493	0.0	0	10.401983123770929	
278	FAST	40	43	0.30170619262486453	0.0	0	5.8818480786817515	
279	FAST	41	42	0.25357444285234754	0.0	0	16.93920859561322	
280	FAST	41	43	0.20648708636666077	0.0	63	7.01552862237269	
281	FAST	41	44	0.22937622353302517	0.0	614	5.552539350478638	
282	FAST	41	46	0.2310540153081182	0.0	0	7.024142685852522	
283	FAST	42	43	0.11780820928584947	0.0	91	14.671354798734459	
284	FAST	42	44	0.13084020112608316	0.0	4067	2.27690239609674	
285	FAST	42	45	0.16679591294946913	0.0	203	8.93532436080634	
286	FAST	42	46	0.1325179929011762	0.0	0	13.822010541548618	
287	FAST	42	47	0.24937123796376515	0.0	12	6.2253663393043475	
288	FAST	42	49	0.20710935144416465	0.0	0	6.69453495765969	
289	FAST	43	44	0.023101644490940768	0.0	0	80.28065942363989	
290	FAST	43	45	0.05771618877634452	0.0	0	26.910973959885105	
291	FAST	43	46	0.0288340089539606	0.0	0	64.69764182568608	
292	FAST	43	47	0.159784610568282	0.0	0	12.228954095902495	
293	FAST	43	48	0.19054051385677703	0.0	0	9.873539836971887	
294	FAST	43	49	0.14197978544294687	0.0	0	12.830745026412213	
295	FAST	43	63	0.3923885515678148	0.048	154	6.481181682406056	
296	FAST	44	45	0.03650977211722949	0.0	0	47.7677801508849	
297	FAST	44	46	0.02575993886862073	0.0	0	77.40699434989799	
298	FAST	44	47	0.14086488833480484	0.0	0	16.10019703256214	
299	FAST	44	48	0.171620779953058	0.0	0	11.831511280050183	
300	FAST	44	49	0.12306006320946969	0.0	0	15.640506744989745	
301	FAST	44	50	0.2795338767258421	0.0	0	5.884823078021634	
302	FAST	44	54	0.4062621031342436	0.0	0	4.834366882183521	
303	FAST	44	63	0.3774616757931424	0.048	4670	0.7084406626758777	
304	FAST	45	46	0.05900224943214269	0.0	0	32.37598318009957	
305	FAST	45	47	0.11029916330807826	0.0	0	28.618019032526757	
306	FAST	45	48	0.1410550549263314	0.0	0	17.620489438465054	
307	FAST	45	49	0.07388850655518356	0.0	0	25.32681970744818	
308	FAST	45	50	0.2303623317417979	0.0	0	7.882265244681084	
309	FAST	45	52	0.29512067512879453	0.0	0	6.106038789151183	
310	FAST	45	53	0.3237251926661545	0.0	0	5.6794556712111905	
311	FAST	45	54	0.3570905581501994	0.0	0	6.634192277863981	
312	FAST	45	56	0.4526480314016355	0.0	0	4.594664216526408	
313	FAST	45	63	0.3512879165346726	0.048	203	9.943683743559117	
314	FAST	46	47	0.15177768484110474	0.0	0	14.191101434270603	
315	FAST	46	48	0.1825335725692773	0.0	0	10.492803278774693	
316	FAST	46	49	0.1095157983215043	0.0	0	15.765733806236547	
317	FAST	47	48	0.033308403033401005	0.0	0	55.698818155960225	
318	FAST	47	49	0.04335293354340888	0.0	0	43.15917950993805	
319	FAST	47	50	0.13698732987579948	0.0	0	13.21411495214184	
320	FAST	47	51	0.1911754722673719	0.0	0	8.24815724658824	
321	FAST	47	52	0.21128708019471065	0.0	0	8.961797450960196	
322	FAST	47	53	0.2398915977320707	0.0	0	9.118655717520591	
323	FAST	47	54	0.2732569865565993	0.0	0	9.427748577828261	
324	FAST	47	56	0.3688144364675517	0.0	0	5.963402614755795	
325	FAST	47	63	0.32931771848225994	0.048	12	13.582922048342652	
326	FAST	48	49	0.07429681330803665	0.0	0	33.09985571272525	
327	FAST	48	50	0.10466340899746844	0.0	0	17.978082721272308	
328	FAST	48	51	0.15885155138904086	0.0	0	10.589137581065582	
329	FAST	48	52	0.17896317098662154	0.0	0	11.456720280852855	
330	FAST	48	53	0.2075677001942234	0.0	0	10.715614519122953	
331	FAST	48	54	0.2409330695683489	0.0	0	11.875197291214262	
332	FAST	48	55	0.31065396158262065	0.0	0	5.63657705741521	
333	FAST	48	56	0.33649051558922066	0.0	0	6.5635386826371045	
334	FAST	48	63	0.33176830010421277	0.048	0	12.71421165058185	
335	FAST	49	50	0.1566683642287674	0.0	0	11.139330879614807	
336	FAST	49	51	0.1845573986865216	0.0	0	7.568343704882933	
337	FAST	49	52	0.22142669594552217	0.0	0	7.863622069617393	
338	FAST	49	53	0.25003121348288215	0.0	0	7.465695764780716	
339	FAST	49	54	0.28339660619749146	0.0	0	7.619096495951608	
340	FAST	50	51	0.08115968188268026	0.0	0	24.43679266709215	
341	FAST	50	52	0.07399500529255132	0.0	0	31.449780991672796	
342	FAST	50	53	0.10259952671999197	0.0	0	21.850951850757586	
343	FAST	50	54	0.13596489609411744	0.0	0	16.99414396852141	
344	FAST	50	55	0.20568579977863108	0.0	0	8.391328189634484	
345	FAST	50	56	0.2315223537852311	0.0	0	7.787023879826915	
346	FAST	50	57	0.28310399822269255	0.0	0	5.43489511842453	
347	FAST	51	52	0.0866936794642085	0.0	0	17.77851147518443	
348	FAST	51	53	0.1152981970015685	0.0	0	12.562369313490713	
349	FAST	51	54	0.14866356637569397	0.0	0	10.704376512081085	
350	FAST	51	55	0.21838445838996573	0.0	0	6.6198460461391555	
351	FAST	51	56	0.2442210123965657	0.0	0	5.726007644622426	
352	FAST	52	53	0.027119747672974932	0.0	0	56.07911567671948	
353	FAST	52	54	0.06466182659652175	0.0	0	24.244380088370935	
354	FAST	52	55	0.13438272639095475	0.0	0	12.392507548513171	
355	FAST	52	56	0.16021928039755476	0.0	0	10.215998113374305	
356	FAST	52	57	0.2118009365052582	0.0	0	7.1862838405106055	
357	FAST	53	54	0.03255763303241363	0.0	0	49.82421341774744	
358	FAST	53	55	0.1392847375834884	0.0	0	14.774953005857041	
359	FAST	53	56	0.12811509072352725	0.0	0	14.067712880067349	
360	FAST	53	57	0.1796967429411501	0.0	0	9.12739940392683	
361	FAST	53	58	0.2558494359154547	0.0	0	5.772385004691941	
362	FAST	53	63	0.337184139804537	0.048	0	12.65722183014946	
363	FAST	54	55	0.09882882488577224	0.0	0	15.940620816991038	
364	FAST	54	56	0.09594506921502285	0.0	0	19.30991425647201	
365	FAST	54	57	0.14752673699296817	0.0	0	10.378896912144743	
366	FAST	54	58	0.2236794182970309	0.0	0	6.703506114144231	
367	FAST	54	59	0.23363279643775064	0.0	0	5.8046044232067215	
368	FAST	54	63	0.31193667033525635	0.048	0	18.929082457709978	
369	FAST	55	56	0.10245118238530287	0.0	0	23.02521291867382	
370	FAST	55	57	0.11688081406400345	0.0	0	17.241400733810547	
371	FAST	55	58	0.19303349536806622	0.0	0	8.557428470559234	
372	FAST	55	59	0.15404239253103003	0.0	0	10.369971106341668	
373	FAST	55	60	0.199998124561872	0.0	0	6.810382772971561	
374	FAST	55	61	0.21647929140213404	0.0	0	5.476416284049017	
375	FAST	56	57	0.051750960196819136	0.0	0	29.32641522319549	
376	FAST	56	58	0.12790363761080126	0.0	0	12.85612309147229	
377	FAST	56	59	0.1378570196416016	0.0	0	10.937948636186636	
378	FAST	56	60	0.1863277627103322	0.0	0	7.589224663959463	
379	FAST	56	61	0.2295672264918869	0.0	0	5.68770436720327	
380	FAST	56	63	0.3399620284812417	0.048	0	12.692593528119971	
381	FAST	56	64	0.38634472259083835	0.048	0	7.671831845578849	
382	FAST	56	65	0.43919115018064	0.048	0	4.583221473118313	
383	FAST	56	67	0.42103726473208475	0.048	0	5.607126207996447	
384	FAST	57	58	0.07675344979601327	0.0	0	24.31974342795026	
385	FAST	57	59	0.08670683571689426	0.0	0	20.678838559433743	
386	FAST	57	60	0.13517757878562484	0.0	0	11.270520083376764	
387	FAST	57	61	0.17841704256717958	0.0	0	8.711794084022719	
388	FAST	57	63	0.384340773682992	0.048	0	7.672836767951605	
389	FAST	57	64	0.3412958770645092	0.048	0	11.968489928544951	
390	FAST	57	65	0.38984504348251814	0.048	0	6.7672604876625435	
391	FAST	57	66	0.42780336506585737	0.048	0	5.471834312476467	
392	FAST	57	67	0.37333280038000694	0.048	0	8.978453784623705	
393	FAST	58	59	0.07200593315564248	0.0	0	29.969318045479532	
394	FAST	58	60	0.08743951295287825	0.0	0	20.4325545609537	
395	FAST	58	61	0.1310579211587018	0.0	0	13.073591315902252	
396	FAST	58	62	0.255370979338627	0.0	0	5.959237194660834	
397	FAST	58	63	0.42867785119451274	0.048	0	4.837787386590689	
398	FAST	58	64	0.2815888030664809	0.048	0	35.847923122114715	
399	FAST	58	65	0.3403573143357273	0.048	0	12.255399889807842	
400	FAST	58	66	0.39043847436779794	0.048	0	7.22417490436209	
401	FAST	58	67	0.31576294598180515	0.048	0	17.37854066916561	
402	FAST	59	60	0.049577043098683535	0.0	0	32.81031431428936	
403	FAST	59	61	0.09281650299015765	0.0	0	19.18659145256344	
404	FAST	59	62	0.19190307683821625	0.0	0	9.079412911865726	
405	FAST	60	61	0.04366750880351709	0.0	0	39.77394029126298	
406	FAST	60	62	0.16798056309336168	0.0	0	11.131008751960959	
407	FAST	61	62	0.1284738884202208	0.0	0	17.03838586655553	
408	FAST	61	64	0.34189073151411264	0.048	0	11.767358985690766	
409	FAST	61	65	0.27660027650124386	0.048	0	45.47691232622474	
410	FAST	61	66	0.2846057362515169	0.048	0	33.23955849456977	
411	FAST	61	67	0.313713359586781	0.048	0	17.33404719494668	
412	FAST	62	64	0.4213812504185731	0.048	0	5.603794870914709	
413	FAST	62	65	0.3530950978131749	0.048	0	9.707353196584478	
414	FAST	62	66	0.29304974429611425	0.048	0	27.284361161564213	
415	FAST	62	67	0.39218104977363377	0.048	0	7.241462225180532	
416	FAST	64	65	0.3208596406357785	0.048	0	15.282953169279486	
417	FAST	64	66	0.37832092189058875	0.048	0	7.4322819542610405	
418	FAST	64	67	0.28711509697401516	0.048	0	31.88285592346244	
419	FAST	65	66	0.30802592284334046	0.048	0	20.230641305890465	
420	FAST	65	67	0.2869529669048198	0.048	0	31.339646036647558	
421	FAST	66	67	0.34723302916346765	0.048	0	10.616053381813133	
422	FAST	68	69	0.31961417983176404	0.048	0	16.807508761411906	
423	FAST	68	70	0.31025070892562745	0.048	0	19.023123567894135	
424	FAST	68	71	0.35282413558903386	0.048	0	10.543732245558646	
425	FAST	68	73	0.3499823949333256	0.048	0	11.293974750714867	
426	FAST	68	74	0.36326856556838494	0.048	0	9.75473083588574	
427	FAST	68	75	0.32293415966345773	0.048	0	15.430033801601848	
428	FAST	68	76	0.3043083788413486	0.048	0	21.492884166132093	
429	FAST	68	77	0.3277074185209801	0.048	0	14.070088907566644	
430	FAST	68	78	0.3537868345681008	0.048	0	9.900891468087266	
431	FAST	69	70	0.35016734253612003	0.048	0	10.0385199111076	
432	FAST	69	71	0.2889421904033205	0.048	0	29.153626912190283	
433	FAST	69	73	0.409725032299345	0.048	0	5.876223942205701	
434	FAST	69	74	0.43146268347934347	0.048	0	4.901753148551807	
435	FAST	69	75	0.3940090006189977	0.048	0	6.302313009983146	
436	FAST	69	76	0.375242522649161	0.048	0	7.147624282702353	
437	FAST	69	77	0.3880713581061336	0.048	0	6.851215471816339	
438	FAST	69	78	0.4118340394161036	0.048	0	6.316465643295502	
439	FAST	70	71	0.36321139206122	0.048	0	9.398434787243046	
440	FAST	70	73	0.39483539525942135	0.048	0	7.077705723239519	
441	FAST	70	74	0.39209968574495196	0.048	0	7.376080829441891	
442	FAST	70	75	0.3479917875872324	0.048	0	10.806682251219916	
443	FAST	70	76	0.3135398879049619	0.048	0	17.458466851650993	
444	FAST	70	77	0.29472060910445375	0.048	0	26.721284827837042	
445	FAST	70	78	0.31277550312885255	0.048	0	17.552010902224858	
446	FAST	71	75	0.4279180643201304	0.048	0	5.451494319019755	
447	FAST	71	76	0.404332513209376	0.048	0	6.260541986823438	
448	FAST	71	77	0.40759504955365466	0.048	0	6.203030415559865	
449	FAST	71	78	0.4282032219443983	0.048	0	5.338690973621223	
450	FAST	72	73	0.14025606737595317	0.0	0	12.50107496542096	
451	FAST	72	74	0.08725546934826098	0.0	0	18.682286439938537	
452	FAST	72	75	0.06345545813248002	0.0	0	30.510855544527065	
453	FAST	72	76	0.04017865109099696	0.0	0	42.3221981138782	
454	FAST	72	77	0.04570755266690181	0.0	0	38.58292426654479	
455	FAST	72	78	0.06345764046771263	0.0	0	29.833343211552652	
456	FAST	73	74	0.05432577344421043	0.0	0	39.11415492990083	
457	FAST	73	75	0.11529474650005098	0.0	0	25.124106048992278	
458	FAST	73	76	0.1530252220284384	0.0	0	15.051254501364012	
459	FAST	73	77	0.19731463802204155	0.0	0	10.120425190800042	
460	FAST	73	78	0.21506473749309424	0.0	0	8.389610912462528	
461	FAST	74	75	0.0623156956289603	0.0	0	33.07730764628524	
462	FAST	74	76	0.10004617115734774	0.0	0	18.044505567754026	
463	FAST	74	77	0.14433558326087026	0.0	0	12.113292724811265	
464	FAST	74	78	0.16208567884184233	0.0	0	9.898968426332093	
465	FAST	75	76	0.042285826075788555	0.0	0	42.61139750392341	
466	FAST	75	77	0.087860882596482	0.0	0	18.482796770694467	
467	FAST	75	78	0.10561097428737345	0.0	0	15.079307756776952	
468	FAST	76	77	0.06410468924890102	0.0	0	34.00100782903412	
469	FAST	76	78	0.08185477704971184	0.0	0	21.03591437086644	
470	FAST	77	78	0.02740920468246461	0.0	0	56.74193817262514	
471	FAST	39	79	0.18375929709403913	0.0	137	6.80154068054159	
472	FAST	38	79	0.3254342707630597	0.0	708	3.856081938560965	
473	FAST	37	79	0.3174005071790136	0.0	236	3.37843270723608	
474	FAST	28	80	0.33586300297507066	0.0	43	4.083515825984258	
475	FAST	39	80	0.24583612129947655	0.0	186	3.9043164156750687	
476	FAST	38	80	0.3748551763472652	0.0	816	2.6804385459164526	
477	FAST	39	81	0.16099657074325702	0.0	142	7.0578009772892845	
478	FAST	38	81	0.28641619769517956	0.0	716	3.886331336907946	
479	FAST	37	81	0.380147009029056	0.0	175	2.9130085124789957	
480	FAST	39	82	0.16008545351979436	0.0	151	7.095978831002231	
481	FAST	38	82	0.22650072606494367	0.0	714	4.252920887617119	
482	FAST	37	82	0.330297618367662	0.0	217	3.2421432291240544	
483	FAST	39	83	0.2205725164394737	0.0	128	6.859970468388194	
484	FAST	38	83	0.29168134501845155	0.0	684	3.815696279875234	
485	FAST	37	83	0.2671338885779473	0.0	234	3.544243135955029	
