n_interc	
0	
0	
0	
0	
0	
0	
0	
0	
0	
0	
0	
0	
0	
0	
0	
0	
0	
0	
0	
0	
0	
0	
0	
0	
0	
0	
0	
0	
0	
0	
0	
0	
0	
0	
0	
0	
0	
0	
0	
1	
1	
1	
1	
1	
1	
1	
1	
1	
1	
1	
1	
1	
1	
1	
1	
1	
1	
1	
1	
1	
2	
2	
2	
2	
2	
2	
2	
2	
2	
2	
2	
2	
2	
2	
3	
3	
3	
3	
3	
3	
3	
3	
3	
3	
3	
3	
3	
4	
4	
4	
4	
4	
4	
4	
4	
4	
4	
4	
4	
6	
68	
69	
73	
74	
74	
76	
78	
79	
80	
82	
84	
84	
85	
90	
91	
94	
95	
96	
97	
98	
101	
101	
103	
104	
107	
107	
109	
110	
112	
113	
116	
118	
121	
122	
124	
127	
127	
131	
134	
135	
136	
138	
139	
140	
143	
146	
147	
148	
151	
152	
154	
156	
159	
161	
162	
164	
166	
168	
170	
170	
173	
174	
178	
180	
181	
183	
185	
186	
189	
190	
192	
193	
195	
196	
198	
200	
202	
205	
206	
208	
209	
211	
213	
214	
217	
218	
220	
223	
225	
225	
228	
230	
230	
232	
234	
236	
237	
239	
241	
244	
528	
531	
534	
538	
542	
544	
546	
549	
553	
558	
561	
565	
569	
572	
574	
581	
584	
588	
592	
597	
599	
603	
605	
608	
610	
615	
619	
622	
623	
626	
630	
634	
636	
640	
644	
645	
648	
651	
652	
654	
656	
658	
661	
663	
665	
667	
669	
673	
675	
679	
680	
681	
684	
687	
689	
691	
692	
696	
700	
704	
706	
710	
712	
715	
716	
718	
721	
724	
726	
728	
730	
733	
735	
737	
739	
741	
742	
745	
746	
747	
748	
751	
754	
756	
759	
762	
765	
766	
768	
771	
774	
775	
777	
779	
782	
783	
785	
787	
790	
791	
3294	
3300	
3304	
3308	
3316	
3322	
3327	
3338	
3347	
3349	
3355	
3360	
3364	
3368	
3372	
3378	
3379	
3384	
3390	
3393	
3399	
3401	
3405	
3408	
3409	
3414	
3421	
3426	
3428	
3432	
3432	
3436	
3438	
3440	
3442	
3445	
3450	
3451	
3452	
3456	
3459	
3460	
3466	
3468	
3471	
3472	
3475	
3477	
3480	
3484	
3489	
3492	
3495	
3499	
3504	
3505	
3507	
3511	
3514	
3517	
3518	
3518	
3523	
3523	
3526	
3529	
3532	
3535	
3537	
3541	
3541	
3546	
3549	
3553	
3555	
3555	
3560	
3562	
3565	
3569	
3574	
3575	
3577	
3581	
3585	
3588	
3589	
3590	
3594	
3595	
3596	
3598	
3600	
3601	
3606	
3608	
3612	
3613	
3616	
3617	
3081	
3083	
3085	
3085	
3088	
3091	
3092	
3094	
3097	
3097	
3097	
3098	
3101	
3103	
3105	
3107	
3109	
3111	
3113	
3113	
3115	
3116	
3116	
3119	
3121	
3124	
3125	
3127	
3130	
3131	
3135	
3137	
3139	
3140	
3142	
3145	
3146	
3149	
3151	
3153	
3153	
3153	
3157	
3157	
3159	
3161	
3162	
3162	
3162	
3163	
3165	
3167	
3168	
3170	
3172	
3175	
3176	
3179	
3179	
3180	
3183	
3183	
3184	
3186	
3187	
3190	
3192	
3193	
3195	
3196	
3197	
3199	
3200	
3200	
3202	
3203	
3205	
3206	
3206	
3206	
3206	
3206	
3206	
3207	
3209	
3211	
3211	
3212	
3214	
3214	
3214	
3215	
3216	
3218	
3220	
3223	
3226	
3226	
3226	
3226	
