n_interc	
0	
0	
0	
0	
0	
0	
0	
0	
0	
0	
0	
0	
0	
0	
0	
0	
0	
0	
0	
0	
0	
0	
0	
0	
0	
0	
0	
0	
0	
0	
0	
0	
0	
0	
0	
0	
0	
0	
0	
0	
0	
0	
0	
0	
0	
0	
0	
0	
0	
0	
0	
0	
0	
0	
0	
0	
0	
0	
0	
0	
0	
1	
1	
1	
1	
1	
1	
2	
3	
3	
3	
3	
3	
3	
3	
3	
3	
3	
3	
4	
4	
4	
4	
4	
4	
4	
5	
5	
5	
5	
5	
5	
6	
6	
7	
7	
8	
8	
8	
8	
71	
72	
74	
77	
77	
80	
82	
83	
85	
87	
88	
89	
92	
93	
97	
98	
101	
102	
103	
107	
108	
109	
110	
112	
114	
115	
118	
118	
122	
124	
127	
130	
131	
133	
133	
136	
137	
138	
141	
142	
143	
145	
146	
149	
150	
151	
153	
155	
156	
158	
160	
161	
162	
164	
166	
167	
169	
169	
172	
174	
177	
177	
180	
181	
184	
185	
187	
188	
190	
193	
194	
196	
199	
201	
203	
204	
206	
207	
210	
211	
212	
214	
215	
216	
219	
220	
223	
223	
225	
227	
230	
232	
233	
234	
236	
239	
240	
242	
243	
247	
539	
542	
547	
549	
554	
557	
561	
567	
572	
575	
578	
583	
587	
590	
596	
599	
603	
606	
610	
617	
619	
621	
624	
627	
630	
635	
639	
643	
648	
653	
656	
660	
664	
667	
672	
676	
678	
683	
687	
690	
693	
697	
699	
703	
706	
709	
712	
715	
717	
721	
724	
727	
731	
734	
736	
737	
738	
741	
743	
744	
745	
748	
750	
752	
754	
756	
759	
761	
762	
766	
767	
768	
770	
772	
772	
773	
775	
777	
777	
778	
778	
780	
781	
781	
783	
784	
785	
786	
787	
788	
789	
790	
790	
792	
792	
793	
794	
795	
795	
796	
3306	
3309	
3312	
3316	
3318	
3323	
3330	
3335	
3341	
3344	
3346	
3348	
3350	
3355	
3360	
3364	
3370	
3373	
3375	
3381	
3385	
3388	
3396	
3400	
3402	
3405	
3411	
3416	
3420	
3424	
3429	
3430	
3435	
3440	
3443	
3448	
3452	
3455	
3456	
3460	
3463	
3466	
3469	
3470	
3473	
3476	
3482	
3484	
3489	
3492	
3493	
3497	
3499	
3502	
3502	
3504	
3506	
3509	
3513	
3514	
3514	
3518	
3522	
3522	
3525	
3525	
3530	
3534	
3535	
3538	
3539	
3543	
3546	
3547	
3548	
3551	
3551	
3552	
3553	
3554	
3557	
3558	
3558	
3560	
3560	
3561	
3566	
3569	
3571	
3572	
3572	
3573	
3578	
3580	
3582	
3584	
3589	
3593	
3593	
3597	
3062	
3065	
3068	
3069	
3071	
3074	
3075	
3075	
3077	
3079	
3079	
3081	
3083	
3083	
3084	
3086	
3086	
3086	
3087	
3091	
3091	
3093	
3098	
3099	
3100	
3105	
3107	
3108	
3108	
3110	
3112	
3114	
3114	
3115	
3117	
3118	
3120	
3122	
3125	
3127	
3132	
3134	
3135	
3136	
3137	
3139	
3140	
3142	
3145	
3145	
3146	
3147	
3147	
3149	
3150	
3152	
3154	
3156	
3156	
3159	
3161	
3163	
3168	
3171	
3172	
3173	
3175	
3177	
3178	
3179	
3180	
3182	
3183	
3186	
3187	
3190	
3191	
3193	
3195	
3195	
3196	
3198	
3198	
3201	
3202	
3203	
3206	
3206	
3207	
3208	
3211	
3211	
3211	
3212	
3213	
3215	
3218	
3219	
3221	
3222	
