n_interc	
0	
0	
0	
0	
0	
0	
0	
0	
0	
0	
0	
0	
0	
0	
0	
0	
0	
0	
0	
0	
0	
0	
0	
0	
0	
0	
0	
0	
0	
0	
0	
0	
0	
0	
0	
0	
0	
0	
0	
0	
0	
0	
0	
0	
0	
0	
0	
0	
0	
0	
0	
0	
0	
0	
0	
0	
0	
0	
0	
0	
0	
0	
0	
0	
0	
0	
0	
1	
1	
1	
1	
1	
1	
1	
1	
1	
1	
1	
2	
2	
2	
4	
4	
4	
4	
4	
4	
4	
4	
4	
4	
4	
4	
5	
5	
5	
5	
5	
5	
5	
57	
58	
60	
61	
64	
65	
66	
67	
71	
72	
73	
74	
75	
76	
80	
83	
83	
84	
85	
86	
87	
90	
92	
93	
95	
96	
97	
99	
101	
104	
105	
106	
109	
110	
112	
113	
116	
117	
118	
121	
122	
124	
125	
127	
128	
130	
133	
134	
136	
137	
138	
140	
143	
143	
146	
147	
149	
151	
152	
152	
154	
156	
156	
159	
159	
162	
164	
166	
168	
169	
171	
173	
174	
177	
178	
181	
181	
183	
184	
185	
187	
188	
192	
195	
196	
198	
199	
201	
202	
204	
206	
208	
209	
211	
212	
215	
216	
218	
219	
223	
486	
491	
494	
499	
504	
508	
511	
517	
522	
524	
528	
534	
537	
540	
544	
548	
549	
552	
556	
560	
563	
568	
570	
574	
578	
581	
585	
590	
595	
600	
603	
607	
611	
616	
618	
621	
626	
629	
633	
638	
641	
645	
649	
652	
656	
659	
662	
666	
669	
672	
675	
681	
685	
687	
692	
695	
699	
701	
706	
708	
710	
713	
715	
719	
721	
722	
724	
726	
728	
731	
734	
736	
740	
742	
743	
745	
746	
747	
749	
751	
753	
754	
756	
757	
758	
760	
761	
763	
765	
767	
768	
769	
769	
771	
771	
773	
774	
775	
777	
778	
3223	
3228	
3234	
3239	
3244	
3249	
3253	
3258	
3262	
3268	
3274	
3278	
3285	
3287	
3289	
3294	
3300	
3305	
3307	
3314	
3316	
3320	
3325	
3328	
3333	
3338	
3343	
3347	
3353	
3355	
3358	
3363	
3368	
3371	
3372	
3373	
3377	
3380	
3383	
3388	
3393	
3394	
3398	
3400	
3400	
3403	
3406	
3415	
3419	
3424	
3428	
3432	
3435	
3438	
3440	
3444	
3445	
3449	
3450	
3453	
3453	
3455	
3457	
3461	
3462	
3466	
3468	
3471	
3475	
3479	
3482	
3483	
3484	
3486	
3489	
3490	
3494	
3496	
3499	
3502	
3502	
3503	
3506	
3507	
3507	
3508	
3512	
3512	
3514	
3515	
3516	
3516	
3519	
3520	
3523	
3523	
3525	
3530	
3531	
3533	
3010	
3010	
3014	
3017	
3017	
3017	
3018	
3020	
3021	
3022	
3024	
3024	
3026	
3029	
3030	
3031	
3033	
3036	
3036	
3038	
3039	
3040	
3043	
3044	
3044	
3047	
3048	
3050	
3052	
3054	
3055	
3056	
3059	
3060	
3062	
3063	
3063	
3065	
3065	
3066	
3069	
3070	
3072	
3073	
3074	
3076	
3078	
3079	
3079	
3082	
3084	
3084	
3088	
3089	
3092	
3093	
3093	
3094	
3097	
3099	
3101	
3102	
3104	
3104	
3104	
3106	
3107	
3108	
3108	
3111	
3111	
3113	
3115	
3117	
3119	
3120	
3121	
3122	
3123	
3126	
3127	
3128	
3131	
3132	
3135	
3136	
3137	
3138	
3138	
3141	
3143	
3143	
3144	
3146	
3146	
3148	
3148	
3148	
3150	
3152	
