n_interc	
0	
0	
0	
0	
0	
0	
0	
0	
0	
0	
0	
0	
0	
0	
0	
0	
0	
0	
0	
0	
0	
0	
0	
0	
0	
0	
0	
0	
0	
0	
0	
0	
0	
0	
0	
0	
0	
0	
0	
0	
0	
0	
0	
0	
0	
0	
0	
0	
0	
0	
0	
0	
0	
0	
0	
0	
0	
0	
0	
0	
0	
0	
0	
0	
0	
0	
0	
0	
0	
0	
0	
1	
1	
1	
1	
1	
1	
2	
2	
2	
2	
2	
2	
2	
2	
2	
2	
2	
2	
3	
3	
3	
4	
4	
4	
4	
5	
5	
5	
6	
53	
55	
57	
59	
60	
61	
63	
64	
66	
68	
69	
70	
72	
73	
76	
77	
78	
81	
81	
84	
86	
90	
91	
92	
94	
96	
97	
98	
100	
101	
103	
105	
108	
109	
110	
110	
114	
117	
117	
119	
121	
122	
123	
125	
126	
128	
129	
131	
132	
135	
136	
139	
141	
143	
144	
146	
148	
151	
153	
154	
155	
158	
160	
163	
165	
167	
168	
171	
172	
174	
177	
178	
179	
180	
183	
184	
187	
188	
190	
191	
193	
196	
198	
201	
202	
204	
206	
207	
210	
211	
212	
216	
217	
218	
221	
222	
225	
226	
227	
231	
502	
507	
513	
517	
520	
525	
528	
533	
538	
541	
545	
549	
552	
555	
559	
563	
568	
572	
577	
581	
585	
589	
592	
596	
601	
606	
609	
613	
615	
619	
624	
630	
632	
637	
641	
643	
646	
649	
652	
656	
659	
662	
664	
667	
672	
675	
678	
681	
684	
687	
690	
695	
698	
703	
707	
709	
712	
714	
716	
719	
721	
726	
728	
732	
734	
736	
739	
741	
746	
749	
750	
751	
753	
756	
759	
760	
762	
763	
765	
767	
769	
770	
773	
775	
776	
777	
779	
780	
782	
783	
784	
786	
787	
789	
790	
790	
791	
792	
792	
794	
3288	
3293	
3299	
3307	
3315	
3319	
3322	
3327	
3333	
3336	
3344	
3348	
3351	
3357	
3362	
3368	
3374	
3377	
3377	
3383	
3385	
3388	
3396	
3397	
3398	
3402	
3404	
3407	
3411	
3414	
3419	
3424	
3426	
3430	
3435	
3439	
3443	
3445	
3447	
3452	
3454	
3457	
3458	
3462	
3466	
3467	
3469	
3472	
3474	
3479	
3483	
3485	
3491	
3495	
3501	
3504	
3506	
3509	
3513	
3513	
3516	
3519	
3523	
3526	
3530	
3531	
3532	
3536	
3538	
3541	
3543	
3550	
3551	
3554	
3557	
3561	
3564	
3567	
3568	
3573	
3573	
3575	
3577	
3578	
3580	
3583	
3587	
3589	
3589	
3590	
3594	
3595	
3596	
3598	
3599	
3601	
3602	
3604	
3606	
3609	
3073	
3074	
3075	
3077	
3079	
3081	
3086	
3087	
3088	
3089	
3092	
3093	
3093	
3094	
3097	
3100	
3100	
3101	
3103	
3103	
3105	
3110	
3113	
3115	
3117	
3118	
3121	
3122	
3123	
3124	
3126	
3127	
3127	
3129	
3130	
3132	
3135	
3137	
3139	
3142	
3142	
3143	
3144	
3146	
3148	
3149	
3150	
3151	
3151	
3152	
3154	
3155	
3156	
3158	
3158	
3159	
3162	
3163	
3163	
3165	
3167	
3168	
3171	
3174	
3174	
3174	
3175	
3178	
3179	
3180	
3181	
3182	
3183	
3186	
3187	
3188	
3190	
3191	
3191	
3192	
3192	
3192	
3194	
3198	
3200	
3200	
3200	
3204	
3204	
3205	
3206	
3206	
3207	
3207	
3209	
3211	
3214	
3215	
3217	
3219	
