n_interc	
0	
0	
0	
0	
0	
0	
0	
0	
0	
0	
0	
0	
0	
0	
0	
0	
0	
0	
0	
0	
0	
0	
0	
0	
0	
0	
0	
0	
0	
0	
0	
0	
0	
0	
0	
0	
0	
0	
0	
0	
0	
0	
0	
0	
0	
0	
0	
0	
0	
0	
0	
0	
0	
0	
0	
0	
0	
0	
0	
0	
0	
0	
0	
1	
1	
1	
1	
1	
1	
1	
1	
1	
1	
1	
1	
1	
1	
1	
2	
2	
2	
2	
2	
2	
2	
2	
2	
3	
4	
5	
5	
5	
5	
5	
5	
5	
5	
5	
6	
6	
53	
54	
56	
57	
58	
61	
62	
64	
67	
68	
69	
72	
74	
76	
79	
81	
83	
85	
87	
88	
91	
91	
94	
96	
97	
100	
101	
102	
104	
106	
107	
109	
111	
113	
115	
116	
120	
120	
122	
123	
126	
127	
129	
130	
133	
134	
135	
136	
138	
140	
142	
142	
144	
146	
147	
149	
151	
153	
154	
156	
159	
160	
162	
164	
165	
167	
170	
172	
173	
174	
176	
181	
182	
184	
186	
187	
188	
191	
194	
195	
197	
199	
203	
205	
206	
208	
209	
212	
214	
215	
216	
218	
219	
222	
223	
225	
226	
229	
230	
232	
505	
509	
514	
518	
521	
523	
526	
530	
535	
540	
542	
548	
553	
558	
561	
565	
569	
575	
578	
583	
587	
590	
593	
595	
600	
603	
608	
612	
615	
620	
623	
629	
632	
636	
640	
647	
649	
653	
658	
660	
665	
668	
672	
674	
680	
684	
685	
689	
692	
696	
701	
704	
706	
708	
710	
714	
717	
721	
722	
725	
727	
731	
732	
734	
737	
738	
739	
741	
744	
745	
746	
746	
749	
750	
753	
753	
756	
758	
761	
761	
762	
763	
765	
766	
769	
769	
771	
773	
774	
774	
775	
775	
776	
777	
778	
781	
782	
783	
785	
785	
3258	
3263	
3268	
3269	
3272	
3279	
3285	
3287	
3291	
3296	
3305	
3307	
3310	
3312	
3315	
3317	
3322	
3326	
3329	
3334	
3336	
3337	
3341	
3345	
3348	
3353	
3355	
3361	
3364	
3368	
3375	
3378	
3381	
3384	
3387	
3393	
3399	
3402	
3403	
3407	
3411	
3413	
3414	
3418	
3420	
3421	
3423	
3427	
3434	
3434	
3436	
3441	
3443	
3447	
3450	
3451	
3454	
3459	
3463	
3465	
3469	
3469	
3476	
3481	
3485	
3487	
3490	
3493	
3497	
3500	
3503	
3509	
3513	
3516	
3517	
3520	
3522	
3525	
3527	
3530	
3531	
3533	
3536	
3537	
3540	
3541	
3545	
3548	
3550	
3553	
3555	
3557	
3558	
3560	
3561	
3563	
3563	
3564	
3565	
3569	
3039	
3041	
3044	
3045	
3046	
3050	
3052	
3054	
3056	
3059	
3060	
3062	
3063	
3065	
3066	
3069	
3069	
3070	
3071	
3073	
3074	
3076	
3076	
3079	
3080	
3081	
3081	
3084	
3086	
3087	
3089	
3090	
3094	
3096	
3097	
3098	
3100	
3102	
3105	
3106	
3107	
3110	
3112	
3112	
3112	
3113	
3114	
3116	
3119	
3119	
3123	
3123	
3125	
3125	
3127	
3128	
3132	
3132	
3134	
3135	
3137	
3140	
3141	
3143	
3145	
3147	
3148	
3150	
3151	
3153	
3156	
3156	
3156	
3159	
3159	
3163	
3165	
3165	
3165	
3166	
3167	
3169	
3169	
3171	
3171	
3172	
3172	
3173	
3175	
3175	
3175	
3177	
3181	
3184	
3184	
3185	
3186	
3187	
3189	
3189	
