id	x	y	type	qual	N	n_links	count	acc	
1	0.5290865972208558	0.08782825570975693	STD	0.48256900624838006	0	18	0	0.8656910200171078	
2	0.5301822646847826	0.10720123054485474	STD	0.7497974655291655	3	18	3633	0.9765321058848536	
3	0.5333754021576235	0.11316317727647134	STD	0.435202137794674	0	18	43	0.9495586500834295	
4	0.5228257638719125	0.1527978029111725	STD	0.5894324822582679	0	17	115	0.9378001900009179	
5	0.5110057050013014	0.18322738970304364	STD	0.08819956401070939	0	19	205	0.8364695706670172	
6	0.46055093200691144	0.23803676739353677	STD	0.1609760754189935	0	15	0	0.8954631858749135	
7	0.49049816672070146	0.0769888854245772	STD	0.41515202962367015	0	16	25	0.9612854629572821	
8	0.5243639373822653	0.14811813155714765	STD	0.24034660029704602	0	18	0	0.8791419614302098	
9	0.4372574223741947	0.2995079543610299	STD	0.15040368989212682	0	16	1	0.817346166005391	
10	0.41937970228563354	0.33373740205414487	STD	0.45204847071190457	0	15	0	0.9720558789111752	
11	0.4998163145722239	0.3654513890156738	STD	0.2763968908047334	0	15	0	0.7203142159468847	
12	0.515877597084288	0.3934792280858458	STD	0.8417581988239227	0	12	0	0.7530552879955353	
13	0.527761674424959	0.4273044524055435	STD	0.455109434110309	0	11	0	0.908090534453319	
14	0.5279485391483765	0.45960239084181165	STD	0.7358854697510584	0	12	0	0.8890173619948714	
15	0.5178388115657108	0.47324318956320754	STD	0.3750669746639077	0	12	0	0.7485721515290243	
16	0.4983862803694047	0.5086814241359012	STD	0.3854084962155022	0	11	0	0.9347937492621579	
17	0.19045354636733625	0.002995199780724391	STD	0.9041160302862539	0	4	0	0.9695574884485364	
18	0.260845314655781	0.09852695010641736	STD	0.15661267322707273	0	7	0	0.9633586405735192	
19	0.23158108780837086	0.14021317238405023	STD	0.6072794443029346	7	10	518	0.9791230160561976	
20	0.2801200648305022	0.15889412442380177	STD	0.7830513503925809	0	8	0	0.9306179661677674	
21	0.23191891500510464	0.15860984189908572	STD	0.4906530096310229	5	10	389	0.9787236021260184	
22	0.24223756772992455	0.18442460012929646	STD	0.893565474353077	41	11	2967	0.9789138278939863	
23	0.368004880062751	0.2085094845428714	STD	0.5971615567987125	1	17	3801	0.9781785460113458	
24	0.3719839740227433	0.2215652327591495	STD	0.4030002105531918	0	17	26	0.9437688918911862	
25	0.3455553328417463	0.2744769879628167	STD	0.45323242761677607	0	15	215	0.9704311767283944	
26	0.44093575929207557	0.3712978642887976	STD	0.11138488705609384	0	15	0	0.8527521345801599	
27	0.36967671375721445	0.41015518237073767	STD	0.9417216897126923	0	14	4	0.8673939445945197	
28	0.1573274485692997	0.4835700453482871	STD	0.3467892990326007	0	3	46	0.8693669712498143	
29	0.36716528647906305	0.4179604961228007	STD	0.06507890568118602	0	13	0	0.7779396008615843	
30	0.22100419841716157	0.4019146525885682	STD	0.5714922501147952	3	6	222	0.9580561694342228	
31	0.47787268628758284	0.5480021666943438	STD	0.15450508927448636	0	11	0	0.8392723489454145	
32	0.46676331894608003	0.6284350713290916	STD	0.3968656181473431	0	7	0	0.9557837492706139	
33	0.4608416104655608	0.7277137825604496	STD	0.9694978726926298	0	7	0	0.9225886210620879	
34	0.4626107695368043	0.8130296791693479	STD	0.04954082498116419	0	15	57	0.8137307697144249	
35	0.41096732927400903	0.7751332799821633	STD	0.6972875670737131	0	12	194	0.763858898681737	
36	0.28631860993830643	0.7727157794916976	STD	0.534927926142023	0	9	21	0.9673484518264284	
37	0.2593266062207844	0.7914395937162324	STD	0.7333379483917564	1	8	422	0.9479289134779796	
38	0.22221233076092273	0.8261440423391756	STD	0.8680245031534455	9	7	384	0.9607133584004639	
39	0.1527652674630883	0.8358499459600879	STD	0.6714458084427266	0	6	189	0.9260365625057406	
40	0.28962421229098206	0.869035900942634	STD	0.5055859415013444	0	9	47	0.938128839363506	
41	0.3153375768362312	0.8870629299068465	STD	0.7542118087029901	0	11	622	0.7897789060438407	
42	0.38914135655596416	0.9106268739207488	STD	0.5206911108196468	1	13	97	0.8828583332285861	
43	0.48046327153884866	0.8968259831074697	STD	0.39811782996871314	1	13	445	0.9191644522181323	
44	0.49826819224557845	0.9044854921625778	STD	0.4221868545226368	4	14	276	0.9566181411779607	
45	0.530170585639569	0.9121028717198222	STD	0.5968600583108692	2	15	142	0.9740226431835002	
46	0.4847793275811146	0.9204492747618408	STD	0.7047798413668551	0	10	0	0.9598829311336909	
47	0.5764771347969846	0.9306369200322399	STD	0.6472738422026902	0	15	59	0.9729457511359926	
48	0.6001695919630531	0.9436531031548717	STD	0.07434968037013445	0	15	0	0.8354647404368445	
49	0.5600944622629316	0.9598293649607524	STD	0.33015460070203173	0	13	0	0.9255134700875094	
50	0.676757136993029	0.9547977108106617	STD	0.300528177400482	0	12	0	0.8178262058526192	
51	0.7136194046106153	0.9998054959685726	STD	0.3839856768575731	0	9	0	0.8284578796569582	
52	0.7111205214921377	0.9245728367440629	STD	0.4380675011128563	0	11	0	0.9509897944908918	
53	0.7026486286056469	0.8985914288740412	STD	0.016138829557707846	0	13	0	0.7286650635123992	
54	0.6841337084613773	0.8734880730081942	STD	0.041532637593150845	0	15	0	0.7869121412481513	
55	0.7487391586823343	0.8203755982229649	STD	0.5178224034173315	0	12	0	0.9565041254067935	
56	0.6913128608098928	0.8026145346104842	STD	0.10924497726440396	0	18	0	0.7455245449279161	
57	0.7062995413951377	0.7555676817559628	STD	0.8672546194953366	0	15	0	0.9592060718542521	
58	0.6946833467470882	0.6969819624143379	STD	0.894245498891505	0	14	0	0.9486548694609398	
59	0.7445355675199029	0.6959235961593058	STD	0.5519421593630929	0	8	0	0.7463272758274367	
60	0.7473714992321001	0.650423921638075	STD	0.6640938525251605	0	7	0	0.8430304386318626	
61	0.7721569420072685	0.624518859745052	STD	0.04166657157255993	0	11	0	0.7662919164757425	
62	0.8472347325369116	0.5978493123203564	STD	0.2651227010180863	0	8	0	0.8776413647103626	
63	0.6209223901931383	0.862215538216282	EXIT	0.9523450850330475	0	11	949	0.9217341093916851	
64	0.6867054774731324	0.6640745017298447	EXIT	0.7641846172276605	0	8	0	0.8298514863582905	
65	0.7439150209175545	0.6185191430027415	EXIT	0.7363784550997234	0	8	0	0.9501271922027096	
66	0.8022264606500168	0.6031697550197176	EXIT	0.061848039422334855	0	7	0	0.7795130713574765	
67	0.7063966504933027	0.6299630166307487	EXIT	0.2505770214521472	0	8	0	0.8804501478779231	
68	0.6461870198678478	0.09215924135885288	EXIT	0.6805800642317501	0	16	3899	0.96470813009655	
69	0.6634258961832257	0.1619477070633198	EXIT	0.20090016192280413	0	16	8	0.8915066729461251	
70	0.7037625067289622	0.06778424955955283	EXIT	0.27487496056317373	0	12	1	0.8189197222496465	
71	0.6987624479386872	0.18315924981954215	EXIT	0.0194289183078038	0	13	3	0.7759029224450051	
72	0.6538685441834395	0.0001945040314274314	STD	0.4748366517360081	0	11	0	0.9117125711089393	
73	0.559825411665789	0.03740877169667725	STD	0.18688746902864595	0	16	0	0.8886407221029754	
74	0.576153581988845	0.000263010258388662	STD	0.577735052887093	0	16	0	0.8099993134701042	
75	0.6133145736295614	0.024517878037257763	STD	0.08854621498117865	0	17	0	0.8400469778400278	
76	0.6463688669273957	0.03557925245900701	STD	0.9824761303523999	0	16	0	0.9073787502528115	
77	0.6875197664588574	0.02368811010106969	STD	0.1321824561170155	0	13	0	0.8532134903243228	
78	0.7032177008976098	0.0027391257024041026	STD	0.9593056229340899	0	11	0	0.9169787794022677	
79	0.0	0.2196840751284943	ENTRY	0.0	0	3	993	0.8398614631731517	
80	0.0	0.2808806756799993	ENTRY	0.0	0	3	1060	0.8271817079709762	
81	0.0	0.8068023465918726	ENTRY	0.0	0	3	995	0.6571605603342591	
82	0.0	0.32391824326835494	ENTRY	0.0	0	3	1007	0.8233959014866771	
83	0.0	0.18633712635557242	ENTRY	0.0	1	3	1071	0.8448096013091623	
