n_interc	
0	
0	
0	
0	
0	
0	
0	
0	
0	
0	
0	
0	
0	
0	
0	
0	
0	
0	
0	
0	
0	
0	
0	
0	
0	
0	
0	
0	
0	
0	
0	
0	
0	
0	
0	
0	
0	
0	
0	
0	
0	
0	
0	
0	
0	
0	
0	
0	
0	
0	
0	
0	
0	
0	
0	
1	
1	
1	
1	
1	
1	
1	
1	
1	
1	
1	
1	
2	
2	
2	
2	
2	
2	
2	
2	
2	
3	
4	
4	
4	
4	
4	
4	
5	
5	
5	
5	
5	
5	
5	
5	
5	
6	
6	
6	
6	
6	
6	
6	
7	
72	
75	
76	
78	
81	
82	
83	
85	
86	
89	
90	
93	
93	
96	
97	
98	
99	
100	
101	
103	
105	
107	
109	
111	
113	
116	
118	
119	
121	
122	
125	
126	
127	
128	
130	
132	
133	
136	
138	
139	
141	
142	
143	
145	
148	
149	
150	
152	
153	
155	
157	
158	
160	
161	
163	
164	
165	
167	
168	
170	
171	
174	
175	
177	
180	
182	
183	
187	
188	
190	
191	
192	
194	
197	
198	
200	
201	
203	
205	
206	
208	
209	
210	
213	
215	
217	
219	
221	
222	
223	
225	
228	
229	
230	
233	
235	
236	
238	
239	
241	
529	
531	
535	
538	
542	
546	
550	
553	
557	
561	
566	
568	
572	
576	
580	
583	
590	
594	
598	
601	
606	
608	
613	
616	
620	
625	
629	
634	
638	
642	
644	
648	
652	
657	
663	
666	
668	
673	
676	
680	
684	
687	
691	
695	
697	
701	
703	
706	
706	
709	
712	
716	
719	
721	
724	
726	
728	
732	
733	
734	
735	
739	
740	
741	
742	
744	
746	
747	
747	
749	
752	
753	
753	
754	
755	
757	
758	
759	
760	
761	
762	
763	
765	
765	
766	
767	
767	
769	
771	
772	
773	
774	
774	
776	
778	
780	
781	
782	
782	
783	
3255	
3258	
3272	
3274	
3281	
3285	
3290	
3292	
3297	
3300	
3302	
3304	
3309	
3312	
3319	
3325	
3326	
3327	
3329	
3333	
3338	
3344	
3346	
3350	
3353	
3355	
3357	
3360	
3364	
3371	
3376	
3377	
3382	
3386	
3388	
3389	
3391	
3395	
3400	
3403	
3408	
3413	
3418	
3425	
3426	
3428	
3430	
3435	
3438	
3440	
3444	
3446	
3449	
3451	
3457	
3458	
3461	
3462	
3467	
3470	
3473	
3476	
3478	
3479	
3483	
3487	
3488	
3490	
3495	
3499	
3501	
3502	
3505	
3507	
3515	
3516	
3518	
3520	
3522	
3526	
3530	
3533	
3534	
3536	
3536	
3538	
3540	
3540	
3541	
3542	
3543	
3545	
3546	
3550	
3551	
3553	
3554	
3555	
3556	
3557	
3027	
3030	
3030	
3031	
3032	
3034	
3038	
3039	
3040	
3041	
3043	
3043	
3043	
3045	
3047	
3049	
3050	
3050	
3052	
3054	
3057	
3059	
3062	
3063	
3065	
3066	
3069	
3071	
3073	
3074	
3077	
3079	
3079	
3081	
3082	
3085	
3088	
3089	
3090	
3091	
3092	
3092	
3093	
3098	
3098	
3100	
3103	
3105	
3106	
3109	
3111	
3111	
3112	
3112	
3114	
3116	
3117	
3119	
3120	
3121	
3121	
3123	
3124	
3126	
3127	
3128	
3129	
3131	
3134	
3136	
3137	
3137	
3139	
3139	
3139	
3139	
3139	
3139	
3141	
3142	
3142	
3144	
3147	
3149	
3152	
3153	
3158	
3160	
3160	
3160	
3163	
3164	
3166	
3166	
3168	
3169	
3171	
3173	
3176	
3178	
