n_interc	
0	
0	
0	
0	
0	
0	
0	
0	
0	
0	
0	
0	
0	
0	
0	
0	
0	
0	
0	
0	
0	
0	
0	
0	
0	
0	
0	
0	
0	
0	
0	
0	
0	
0	
0	
0	
0	
0	
0	
0	
0	
0	
0	
0	
0	
0	
0	
0	
0	
0	
0	
0	
0	
0	
0	
0	
0	
0	
0	
1	
1	
1	
1	
1	
1	
1	
1	
1	
1	
1	
1	
1	
1	
2	
2	
2	
2	
2	
2	
2	
2	
2	
2	
2	
2	
2	
2	
3	
3	
3	
3	
3	
3	
3	
3	
3	
3	
4	
5	
7	
61	
63	
64	
68	
70	
71	
73	
74	
75	
78	
80	
82	
83	
84	
86	
89	
90	
91	
93	
93	
94	
96	
98	
100	
102	
105	
106	
108	
109	
111	
112	
113	
115	
118	
119	
121	
123	
125	
126	
128	
129	
130	
133	
135	
136	
137	
139	
141	
144	
145	
146	
148	
148	
152	
153	
155	
156	
159	
160	
162	
164	
166	
168	
170	
172	
174	
176	
176	
180	
181	
185	
186	
187	
190	
191	
194	
195	
197	
198	
200	
202	
203	
206	
207	
209	
209	
211	
213	
214	
216	
218	
219	
222	
224	
225	
226	
227	
230	
231	
233	
510	
512	
516	
519	
522	
527	
531	
534	
538	
541	
544	
547	
551	
554	
557	
562	
567	
569	
573	
576	
579	
582	
585	
589	
593	
596	
599	
606	
609	
613	
617	
622	
626	
631	
635	
639	
642	
646	
649	
652	
654	
657	
660	
662	
666	
667	
670	
675	
679	
682	
685	
687	
689	
693	
695	
698	
701	
703	
707	
710	
712	
715	
716	
721	
724	
724	
726	
728	
731	
732	
734	
734	
736	
739	
740	
742	
746	
746	
747	
748	
749	
750	
751	
753	
754	
754	
755	
757	
758	
759	
759	
760	
762	
762	
763	
766	
767	
767	
768	
769	
3186	
3189	
3192	
3196	
3203	
3209	
3215	
3221	
3224	
3226	
3227	
3230	
3234	
3238	
3241	
3246	
3251	
3256	
3261	
3265	
3267	
3269	
3274	
3280	
3288	
3295	
3297	
3305	
3309	
3311	
3320	
3323	
3325	
3331	
3338	
3341	
3345	
3350	
3356	
3364	
3366	
3368	
3374	
3379	
3380	
3383	
3385	
3394	
3399	
3400	
3405	
3405	
3411	
3414	
3417	
3421	
3424	
3433	
3434	
3436	
3440	
3442	
3445	
3451	
3455	
3458	
3460	
3463	
3464	
3467	
3468	
3470	
3472	
3477	
3479	
3482	
3487	
3487	
3490	
3494	
3497	
3499	
3503	
3505	
3507	
3509	
3514	
3517	
3517	
3520	
3521	
3525	
3527	
3529	
3529	
3532	
3535	
3538	
3538	
3540	
3012	
3014	
3016	
3018	
3018	
3020	
3021	
3023	
3025	
3029	
3032	
3033	
3034	
3035	
3038	
3040	
3043	
3046	
3047	
3047	
3051	
3052	
3052	
3055	
3056	
3057	
3059	
3062	
3064	
3066	
3068	
3073	
3074	
3075	
3076	
3077	
3079	
3081	
3082	
3082	
3082	
3084	
3086	
3089	
3090	
3092	
3093	
3099	
3099	
3101	
3102	
3102	
3104	
3106	
3106	
3108	
3110	
3111	
3113	
3114	
3115	
3116	
3117	
3119	
3121	
3121	
3123	
3124	
3126	
3127	
3128	
3130	
3132	
3134	
3135	
3136	
3141	
3143	
3145	
3148	
3148	
3150	
3153	
3155	
3155	
3156	
3160	
3160	
3160	
3162	
3162	
3164	
3168	
3169	
3171	
3175	
3177	
3178	
3180	
3181	
