id	type	l1	l2	friction	risk	count	acc	
1	FAST	1	2	0.02151630826214646	0.0	0	75.8661046496537	
2	FAST	1	3	0.027987052819351734	0.0	0	53.65240630569104	
3	FAST	1	4	0.07302656972007415	0.0	0	20.105054459721334	
4	FAST	1	5	0.10800269310982086	0.0	0	13.06574540077509	
5	FAST	1	6	0.2005826597473596	0.0	0	7.12355053867241	
6	FAST	1	7	0.05791240055316788	0.0	0	35.088493327355366	
7	FAST	1	8	0.06855335822514483	0.0	0	22.08901317614697	
8	FAST	1	68	0.36490858423453987	0.048	0	8.687659332320418	
9	FAST	1	69	0.40115801759656244	0.048	0	6.092888221502739	
10	FAST	1	70	0.423550267947518	0.048	0	5.190235349692634	
11	FAST	1	71	0.44235053412726005	0.048	0	4.362527233254066	
12	FAST	1	72	0.28733633203502157	0.0	0	7.404559130833852	
13	FAST	1	73	0.1906077266698771	0.0	0	21.155751078631507	
14	FAST	1	74	0.20210142113627694	0.0	0	11.936400546856293	
15	FAST	1	75	0.2630703980821981	0.0	0	10.38743309410855	
16	FAST	1	76	0.3008008736105855	0.0	0	8.88035779572525	
17	FAST	1	77	0.3450902934942693	0.0	0	5.471400601503391	
18	FAST	1	78	0.36284036573475764	0.0	0	4.968926060745627	
19	FAST	2	3	0.007516752227496343	0.0	0	217.10127082752766	
20	FAST	2	4	0.05255626523813813	0.0	0	30.94195692942753	
21	FAST	2	5	0.08753238084772358	0.0	0	17.175591530268573	
22	FAST	2	6	0.18130277439888826	0.0	0	7.900380167352213	
23	FAST	2	7	0.06458409111532147	0.0	0	28.710327925908036	
24	FAST	2	8	0.04808305763328943	0.0	0	36.00107869933718	
25	FAST	2	23	0.24993272053144797	0.0	0	5.6369486436577185	
26	FAST	2	68	0.36470401260312413	0.048	0	8.355379604884156	
27	FAST	2	69	0.391780317504476	0.048	0	6.344614469241917	
28	FAST	2	70	0.4257275325971185	0.048	0	5.1372647030715015	
29	FAST	2	71	0.43263050137245695	0.048	0	4.736467916142301	
30	FAST	2	72	0.3002858035948819	0.0	0	6.362158097629759	
31	FAST	2	73	0.2035572098999793	0.0	0	16.107412288115082	
32	FAST	2	74	0.21505090436637914	0.0	0	9.991021336837479	
33	FAST	2	75	0.2760198696420584	0.0	0	9.852132295268106	
34	FAST	2	76	0.3137503451704458	0.0	0	7.5232244630777005	
35	FAST	2	77	0.3580397650541296	0.0	0	5.404754946164839	
36	FAST	3	4	0.04596140765847902	0.0	0	34.71868797363169	
37	FAST	3	5	0.08093752715814509	0.0	0	18.73842011745506	
38	FAST	3	6	0.18231210638901338	0.0	0	8.446001011149196	
39	FAST	3	7	0.06852057262560743	0.0	0	24.97501946028915	
40	FAST	3	8	0.04148820394371095	0.0	0	39.35894522923881	
41	FAST	3	23	0.253869190371492	0.0	1391	3.2213128353713607	
42	FAST	3	68	0.3624783762095865	0.048	1292	4.781574471071622	
43	FAST	3	69	0.3866275625916361	0.048	16	7.073239216441836	
44	FAST	3	70	0.424054534998753	0.048	24	4.753874117556841	
45	FAST	3	71	0.42731742112785376	0.048	52	4.998813402092392	
46	FAST	3	72	0.30422229677540974	0.0	0	6.033074618023741	
47	FAST	3	73	0.20749369141026527	0.0	0	15.215294126263315	
48	FAST	3	74	0.2189873742064232	0.0	0	9.481604540072256	
49	FAST	3	75	0.27995636282258624	0.0	0	9.605408178524181	
50	FAST	3	76	0.3176868383509737	0.0	0	7.606255958075108	
51	FAST	3	77	0.36197625823465746	0.0	0	5.859790599954324	
52	FAST	4	5	0.03612179881582182	0.0	0	42.38891644630561	
53	FAST	4	6	0.131309053093839	0.0	0	12.168008016360092	
54	FAST	4	7	0.11268187659387058	0.0	0	16.05536392643238	
55	FAST	4	8	0.007503043583361338	0.0	0	297.8898665677799	
56	FAST	4	9	0.19906910328632327	0.0	0	6.763874976443076	
57	FAST	4	23	0.20219244902298494	0.0	432	6.465119505756698	
58	FAST	4	24	0.1883962275027891	0.0	0	6.554368204943251	
59	FAST	4	68	0.38518730849483807	0.048	251	6.88462690474424	
60	FAST	4	69	0.38862564188147486	0.048	32	7.356863189189816	
61	FAST	4	71	0.42626530464684514	0.048	149	4.494488911768024	
62	FAST	4	73	0.25165497981820595	0.0	0	8.863537227135215	
63	FAST	4	74	0.26314868595484764	0.0	0	6.348403184310419	
64	FAST	4	75	0.32411765123052694	0.0	0	6.638558061870296	
65	FAST	4	76	0.36184812675891437	0.0	0	6.057073949999494	
66	FAST	5	6	0.09695465406038882	0.0	0	18.28128699304313	
67	FAST	5	7	0.1480079633072034	0.0	0	11.019257047367859	
68	FAST	5	8	0.04282913807685543	0.0	0	38.45586742173913	
69	FAST	5	9	0.1647147042528731	0.0	0	8.825992207343907	
70	FAST	5	10	0.20580158024837855	0.0	0	6.187502596438614	
71	FAST	5	11	0.315176425388388	0.0	0	5.313231197043338	
72	FAST	5	23	0.1678380499895348	0.0	52	8.040913221636155	
73	FAST	5	24	0.1540418323594195	0.0	0	8.357420415797444	
74	FAST	5	25	0.21818540685428356	0.0	72	5.864170339498847	
75	FAST	5	68	0.41072317596004826	0.048	96	5.611854119293078	
76	FAST	5	69	0.4016265693558544	0.048	6	6.0134581942243335	
77	FAST	5	71	0.4354848530175842	0.048	22	4.4491600269778955	
78	FAST	5	73	0.2869810937621032	0.0	0	7.279312081646399	
79	FAST	5	74	0.2984747765582611	0.0	0	4.966584601021292	
80	FAST	5	75	0.3594437418339404	0.0	0	4.949117844788723	
81	FAST	6	7	0.22348282140222536	0.0	0	6.490933505094774	
82	FAST	6	8	0.1367366608602571	0.0	0	11.545703768953857	
83	FAST	6	9	0.07023925303818712	0.0	0	21.087605898529667	
84	FAST	6	10	0.11132612125353132	0.0	0	12.425978003915734	
85	FAST	6	11	0.2207009547232989	0.0	0	8.52505410404995	
86	FAST	6	12	0.25762382228263525	0.0	0	6.224499921226408	
87	FAST	6	23	0.1142018866986697	0.0	0	12.663992927587024	
88	FAST	6	24	0.1001154807239066	0.0	0	14.429350272649023	
89	FAST	6	25	0.16454923189317652	0.0	0	10.224075419588408	
90	FAST	6	26	0.15947391760864105	0.0	0	9.47714267223408	
91	FAST	7	8	0.10798518774699241	0.0	0	16.90291398226416	
92	FAST	7	23	0.2485729428477388	0.0	47	5.966657947340057	
93	FAST	7	24	0.2631165461086946	0.0	0	6.046945960356549	
94	FAST	7	68	0.40415430617655823	0.048	40	6.162047334698384	
95	FAST	7	69	0.4403988038214797	0.048	7	4.5935860156934245	
96	FAST	7	72	0.25068690991330783	0.0	0	5.845065059587267	
97	FAST	7	73	0.15395831621840525	0.0	0	15.835876250723157	
98	FAST	7	74	0.16545201068480506	0.0	0	10.752780460763335	
99	FAST	7	75	0.22642097596048436	0.0	0	8.57652984956129	
100	FAST	7	76	0.26415145148887176	0.0	0	6.88626754914203	
101	FAST	8	9	0.20593583471103105	0.0	0	6.86641408086898	
102	FAST	8	23	0.20905918044769273	0.0	0	6.796858345822719	
103	FAST	8	24	0.19526296281757746	0.0	0	7.075173097598809	
104	FAST	8	68	0.381788758681206	0.048	0	7.247790426894978	
105	FAST	8	69	0.3874760334580042	0.048	0	6.747273596385427	
106	FAST	8	71	0.4256121061407696	0.048	0	4.913011897369175	
107	FAST	8	72	0.34401116178742613	0.0	0	5.157315627052784	
108	FAST	8	73	0.2472825797627654	0.0	0	9.90389007055248	
109	FAST	8	74	0.25877625866884274	0.0	0	6.9275288052197865	
110	FAST	8	75	0.3197452278346027	0.0	0	6.9031044682200156	
111	FAST	8	76	0.3574757033629901	0.0	0	6.207418217568013	
112	FAST	9	10	0.042910483552879006	0.0	0	37.09908845691815	
113	FAST	9	11	0.15228532869288847	0.0	0	14.52964493904358	
114	FAST	9	12	0.18920818458198294	0.0	0	9.90683122169464	
115	FAST	9	13	0.22995744825989792	0.0	0	6.581082100457526	
116	FAST	9	14	0.25331769753086336	0.0	0	5.886837458689782	
117	FAST	9	15	0.24757465090643752	0.0	0	5.561741960594822	
118	FAST	9	23	0.17921559053844677	0.0	0	11.175675436300978	
119	FAST	9	24	0.16512918067360308	0.0	0	12.377183134051144	
120	FAST	9	25	0.17977600333395677	0.0	0	12.539794658474818	
121	FAST	9	26	0.09105827990798876	0.0	0	19.04117382481859	
122	FAST	9	27	0.17848346569391205	0.0	0	8.928988683049626	
123	FAST	9	29	0.1855811706559399	0.0	0	8.612356171743397	
124	FAST	10	11	0.10937484514000945	0.0	0	14.835764251558532	
125	FAST	10	12	0.1462977010291039	0.0	0	11.08402401255612	
126	FAST	10	13	0.18704696470701887	0.0	0	8.140941324095035	
127	FAST	10	14	0.21040721786806496	0.0	0	6.723829875944809	
128	FAST	10	15	0.2046641673535585	0.0	0	6.765145163447011	
129	FAST	10	16	0.20323672949747695	0.0	0	5.866194224969221	
130	FAST	10	23	0.213153638132304	0.0	0	8.295613024422332	
131	FAST	10	24	0.199016878953885	0.0	0	10.073798956295247	
132	FAST	10	25	0.13705416535107862	0.0	0	13.794378986654692	
133	FAST	10	26	0.04814779635510974	0.0	0	32.86348429859187	
134	FAST	10	27	0.1355729938112749	0.0	0	13.967369508585005	
135	FAST	10	29	0.14267068710306088	0.0	0	13.557583067469198	
136	FAST	11	12	0.0364924262477068	0.0	0	46.138760629561794	
137	FAST	11	13	0.07678160230952209	0.0	0	19.477641907031238	
138	FAST	11	14	0.1121667443368769	0.0	0	12.568206793308866	
139	FAST	11	15	0.13120902745063714	0.0	0	10.916069414027785	
140	FAST	11	16	0.21670056307836655	0.0	0	8.038832842875461	
141	FAST	11	24	0.31300570982660975	0.0	0	5.39799228727	
142	FAST	11	25	0.2510430001138839	0.0	0	6.227625092664361	
143	FAST	11	26	0.0629029032998397	0.0	0	24.320873003189057	
144	FAST	11	27	0.15032809297584365	0.0	0	8.26046550174947	
145	FAST	11	29	0.1574258018279521	0.0	0	8.466947389806464	
146	FAST	11	31	0.2612748846871239	0.0	0	5.927732019769241	
147	FAST	12	13	0.041186765485885346	0.0	0	40.90946199036517	
148	FAST	12	14	0.0765719114033208	0.0	0	20.105049450589416	
149	FAST	12	15	0.09561419451708102	0.0	0	16.44127168803016	
150	FAST	12	16	0.14372326122945295	0.0	0	10.843240663228167	
151	FAST	12	26	0.09403059326424705	0.0	0	16.83518774043763	
152	FAST	12	27	0.1814557907204122	0.0	0	7.599454295816125	
153	FAST	12	29	0.18855348401219818	0.0	0	7.460525401988787	
154	FAST	12	31	0.19481717124778766	0.0	0	7.283095459818139	
155	FAST	13	14	0.035643937421330284	0.0	0	43.25434949311664	
156	FAST	13	15	0.05468622442517113	0.0	0	29.791144091180445	
157	FAST	13	16	0.10279528335738179	0.0	0	15.397905708408747	
158	FAST	13	26	0.13496519205354798	0.0	0	12.395827426195382	
159	FAST	13	27	0.22239038950971318	0.0	0	6.951514174974739	
160	FAST	13	29	0.22948808669157972	0.0	0	6.923382660935329	
161	FAST	13	31	0.15388919337571655	0.0	0	9.600490726605296	
162	FAST	14	15	0.019130319528464904	0.0	0	90.15038007819356	
163	FAST	14	16	0.06723938624083681	0.0	0	24.66864682775902	
164	FAST	14	26	0.1630868027618412	0.0	0	9.783019256517546	
165	FAST	14	27	0.2503014029230186	0.0	0	6.698864633519629	
166	FAST	14	29	0.25739912344536897	0.0	0	6.333768450478561	
167	FAST	14	31	0.1183333001492522	0.0	0	13.12384070009343	
168	FAST	14	32	0.21194727355834295	0.0	0	6.3344372906910005	
169	FAST	15	16	0.048585982817270716	0.0	0	34.715659276872294	
170	FAST	15	26	0.15747477794306555	0.0	0	9.891260178923355	
171	FAST	15	27	0.244689378104243	0.0	0	6.477436431372871	
172	FAST	15	29	0.25178707528610955	0.0	0	6.973943638310721	
173	FAST	15	31	0.09967989283560547	0.0	0	14.992113549931776	
174	FAST	15	32	0.1932938779149381	0.0	0	7.010986503541102	
175	FAST	16	26	0.15613073174541822	0.0	0	8.205731840944027	
176	FAST	16	27	0.24334533190659563	0.0	0	6.733711908538364	
177	FAST	16	29	0.250443052428946	0.0	0	7.043871118214606	
178	FAST	16	31	0.05291526521902438	0.0	0	30.472473941766136	
179	FAST	16	32	0.14652924640827636	0.0	0	9.531745835873963	
180	FAST	17	18	0.144492633596006	0.0	2	10.40727616768307	
181	FAST	17	19	0.20948451408345695	0.0	12	8.205339371671949	
182	FAST	17	20	0.22112509410431017	0.0	20	5.890709972857575	
183	FAST	17	21	0.2301959607734761	0.0	10	6.862781623275559	
184	FAST	18	19	0.06547912086633792	0.0	0	26.769268485470633	
185	FAST	18	20	0.07711971255743301	0.0	0	22.416574084396192	
186	FAST	18	21	0.08619056366627643	0.0	0	20.11453072472152	
187	FAST	18	22	0.11826343430116347	0.0	0	15.110345964087031	
188	FAST	18	23	0.2031332533527576	0.0	2	7.218484426205495	
189	FAST	18	24	0.21725088889480668	0.0	0	6.555286996630369	
190	FAST	19	20	0.0557718564567446	0.0	0	26.028833605932295	
191	FAST	19	21	0.020826386902350846	0.0	0	76.76574691280702	
192	FAST	19	22	0.052899253647157266	0.0	0	29.484712179205534	
193	FAST	19	23	0.18178540114214978	0.0	928	6.326679305234824	
194	FAST	19	24	0.19590302501395698	0.0	0	7.04581079676086	
195	FAST	19	25	0.25918542512951476	0.0	29	5.775444095908146	
196	FAST	20	21	0.051960300995763854	0.0	0	27.144570732719384	
197	FAST	20	22	0.057609725049702395	0.0	0	30.511666828907295	
198	FAST	20	23	0.12831906321120456	0.0	19	12.745350601494703	
199	FAST	20	24	0.14243669875325368	0.0	0	11.670036844436076	
200	FAST	20	25	0.20571908719856957	0.0	0	9.241068855423991	
201	FAST	21	22	0.03241731782414188	0.0	0	51.87743383784129	
202	FAST	21	23	0.177942145414127	0.0	712	6.7999208410806045	
203	FAST	21	24	0.1920597848462567	0.0	0	8.014590212198403	
204	FAST	21	25	0.25534216940149196	0.0	15	6.912974688728506	
205	FAST	22	23	0.18354915202889183	0.0	267	8.726784357559861	
206	FAST	22	24	0.19766678757094094	0.0	0	8.24714470960098	
207	FAST	22	25	0.2609491876864987	0.0	0	8.54555990571405	
208	FAST	23	24	0.014785710209034767	0.0	0	108.36543393914016	
209	FAST	23	25	0.07806810643451191	0.0	0	19.48020936499935	
210	FAST	23	26	0.26582657077857297	0.0	0	5.6046041189785045	
211	FAST	24	25	0.06401010971857911	0.0	0	23.73055845902135	
212	FAST	24	26	0.25176857017255955	0.0	0	6.8174036637771875	
213	FAST	24	27	0.3391937559584829	0.0	0	5.23426647990441	
214	FAST	25	26	0.1896613206239994	0.0	0	8.651446490895438	
215	FAST	25	27	0.2770865064099227	0.0	0	7.552794359978603	
216	FAST	25	29	0.28418422304219243	0.0	0	7.092384802989048	
217	FAST	25	30	0.4521379951502652	0.0	30	5.09120983264767	
218	FAST	26	27	0.08793642018212716	0.0	0	18.648454835043644	
219	FAST	26	29	0.09503412125407436	0.0	0	14.390263170783044	
220	FAST	26	31	0.2001531209344359	0.0	0	6.403866200836776	
221	FAST	27	29	0.009295402123045745	0.0	0	193.91282834624943	
222	FAST	27	30	0.1772491897914411	0.0	0	7.787028213127749	
223	FAST	27	31	0.28774323446876776	0.0	0	6.090993421225025	
224	FAST	28	30	0.15944353607893208	0.0	31	11.991368335247962	
225	FAST	29	30	0.16795380711879848	0.0	0	7.873181978077397	
226	FAST	29	31	0.2954023675373496	0.0	0	5.855683352794845	
227	FAST	31	32	0.09361397729917137	0.0	0	15.579179375931194	
228	FAST	31	33	0.20448155529861253	0.0	0	6.138988956972381	
229	FAST	32	33	0.11533800808672107	0.0	0	12.918717128295949	
230	FAST	32	34	0.21282922874836685	0.0	0	5.853853748157277	
231	FAST	32	35	0.1856925008734483	0.0	0	6.910101654425001	
232	FAST	33	34	0.09994297898851423	0.0	0	15.618123315473413	
233	FAST	33	35	0.08939985684434527	0.0	0	20.039225665102496	
234	FAST	33	36	0.23577195177538954	0.0	0	6.1655618990493295	
235	FAST	33	43	0.21187265792180676	0.0	0	6.495531262261935	
236	FAST	33	44	0.23313834384937832	0.0	0	6.305429363123005	
237	FAST	34	35	0.07425086367565223	0.0	26	22.47131865478196	
238	FAST	34	36	0.22119958914834686	0.0	27	5.808518767312703	
239	FAST	34	40	0.21309968660406667	0.0	2698	2.6140765884776784	
240	FAST	34	41	0.19701331626663482	0.0	26	6.7065128684903	
241	FAST	34	42	0.19652467156864095	0.0	17	10.058498125195635	
242	FAST	34	43	0.11495453171851999	0.0	0	14.930296233437705	
243	FAST	34	44	0.1362202176460916	0.0	0	12.497566721980773	
244	FAST	34	45	0.17083477360173724	0.0	0	10.536844270856642	
245	FAST	34	46	0.1415772009986984	0.0	0	11.849372638864844	
246	FAST	34	47	0.2729031837234328	0.0	0	6.604053009222946	
247	FAST	34	48	0.30365908701192784	0.0	0	5.347971658796556	
248	FAST	34	49	0.2550983585980977	0.0	0	6.373759444594855	
249	FAST	34	63	0.41350450727089905	0.048	2777	1.786556509760255	
250	FAST	35	36	0.15314777123847956	0.0	0	9.603981996644716	
251	FAST	35	37	0.18349454307702828	0.0	59	7.437101487801329	
252	FAST	35	40	0.18010409662424917	0.0	0	7.665118262931646	
253	FAST	35	41	0.1906017709564348	0.0	0	8.056009189711991	
254	FAST	35	42	0.2441990567814982	0.0	0	8.313662990348117	
255	FAST	35	43	0.16262891693137727	0.0	0	8.702961058712585	
256	FAST	35	44	0.18389460285894885	0.0	31	7.282922743963266	
257	FAST	35	45	0.21850915881459448	0.0	1	6.16289040746888	
258	FAST	35	46	0.18925158232147501	0.0	0	7.152288735850538	
259	FAST	36	37	0.03814278128412667	0.0	27	43.17732767718821	
260	FAST	36	38	0.11676273844668511	0.0	2	14.729985458897142	
261	FAST	36	39	0.19725989680743664	0.0	0	7.832353683523303	
262	FAST	36	40	0.1635373363399172	0.0	0	13.079032057117782	
263	FAST	36	41	0.3269651669101407	0.0	0	9.412565283204104	
264	FAST	36	42	0.39092006082427827	0.0	0	5.524809549801653	
265	FAST	37	38	0.08093381602122546	0.0	0	27.247657334897045	
266	FAST	37	39	0.15061684588073954	0.0	0	11.237316420939534	
267	FAST	37	40	0.14019839693063493	0.0	583	13.453954944483351	
268	FAST	37	41	0.3579232571393046	0.0	56	8.822904983132494	
269	FAST	37	42	0.4218781277129583	0.0	82	5.234782149542153	
270	FAST	38	39	0.08372419808664779	0.0	0	19.027416624935242	
271	FAST	38	40	0.11208962348841593	0.0	743	13.924107741401777	
272	FAST	38	41	0.40779445257479646	0.0	10	8.738914096490529	
273	FAST	38	42	0.46110764581155694	0.0	59	4.678838909844754	
274	FAST	39	40	0.19341849275779302	0.0	1419	6.046011259245408	
275	FAST	39	41	0.48912332573425416	0.0	2	4.593544214331921	
276	FAST	40	41	0.2986730228472532	0.0	0	36.746299243231576	
277	FAST	40	42	0.3519861888534493	0.0	0	9.619561644541205	
278	FAST	40	43	0.30170619262486453	0.0	40	5.197099686096338	
279	FAST	41	42	0.25357444285234754	0.0	0	16.029079190613643	
280	FAST	41	43	0.20648708636666077	0.0	10	6.425216957965173	
281	FAST	41	44	0.22937622353302517	0.0	32	6.020837527232722	
282	FAST	41	46	0.2310540153081182	0.0	0	6.702720604094019	
283	FAST	42	43	0.11780820928584947	0.0	0	15.14341812696717	
284	FAST	42	44	0.13084020112608316	0.0	107	11.43983707664387	
285	FAST	42	45	0.16679591294946913	0.0	0	8.715309528875043	
286	FAST	42	46	0.1325179929011762	0.0	0	13.065273933782759	
287	FAST	42	47	0.24937123796376515	0.0	16	5.907909553331472	
288	FAST	42	49	0.20710935144416465	0.0	0	6.703502182980955	
289	FAST	43	44	0.023101644490940768	0.0	0	76.3457820398302	
290	FAST	43	45	0.05771618877634452	0.0	0	25.92488807104136	
291	FAST	43	46	0.0288340089539606	0.0	0	59.77201217045824	
292	FAST	43	47	0.159784610568282	0.0	0	11.566692271667339	
293	FAST	43	48	0.19054051385677703	0.0	0	9.352344408601214	
294	FAST	43	49	0.14197978544294687	0.0	0	11.963344150519722	
295	FAST	43	63	0.3923885515678148	0.048	50	6.775336708983386	
296	FAST	44	45	0.03650977211722949	0.0	0	44.57757296819535	
297	FAST	44	46	0.02575993886862073	0.0	0	65.18559038448282	
298	FAST	44	47	0.14086488833480484	0.0	0	16.01683763266517	
299	FAST	44	48	0.171620779953058	0.0	0	11.498168684285062	
300	FAST	44	49	0.12306006320946969	0.0	0	15.768468849434328	
301	FAST	44	50	0.2795338767258421	0.0	0	5.596042917563816	
302	FAST	44	54	0.4062621031342436	0.0	0	4.717826103100316	
303	FAST	44	63	0.3774616757931424	0.048	170	7.227314379607333	
304	FAST	45	46	0.05900224943214269	0.0	0	30.47696137051872	
305	FAST	45	47	0.11029916330807826	0.0	0	25.789961657646415	
306	FAST	45	48	0.1410550549263314	0.0	0	16.81977804062347	
307	FAST	45	49	0.07388850655518356	0.0	0	23.46040495910322	
308	FAST	45	50	0.2303623317417979	0.0	0	7.087292013212201	
309	FAST	45	52	0.29512067512879453	0.0	0	5.845282925215441	
310	FAST	45	53	0.3237251926661545	0.0	0	6.069065886774768	
311	FAST	45	54	0.3570905581501994	0.0	0	6.661520608994585	
312	FAST	45	56	0.4526480314016355	0.0	0	4.459324096153114	
313	FAST	45	63	0.3512879165346726	0.048	1	9.88576856623498	
314	FAST	46	47	0.15177768484110474	0.0	0	13.634210250818548	
315	FAST	46	48	0.1825335725692773	0.0	0	10.084970640177044	
316	FAST	46	49	0.1095157983215043	0.0	0	15.612574945446013	
317	FAST	47	48	0.033308403033401005	0.0	0	52.66842534990304	
318	FAST	47	49	0.04335293354340888	0.0	0	42.97424265558873	
319	FAST	47	50	0.13698732987579948	0.0	0	12.577319667727409	
320	FAST	47	51	0.1911754722673719	0.0	0	7.682635778811359	
321	FAST	47	52	0.21128708019471065	0.0	0	8.470013692621887	
322	FAST	47	53	0.2398915977320707	0.0	0	8.534299686293352	
323	FAST	47	54	0.2732569865565993	0.0	0	9.169220420902601	
324	FAST	47	56	0.3688144364675517	0.0	0	5.680815140313609	
325	FAST	47	63	0.32931771848225994	0.048	16	12.816233889598935	
326	FAST	48	49	0.07429681330803665	0.0	0	31.749850592382145	
327	FAST	48	50	0.10466340899746844	0.0	0	16.65118639609647	
328	FAST	48	51	0.15885155138904086	0.0	0	9.860701970026733	
329	FAST	48	52	0.17896317098662154	0.0	0	10.337636854157923	
330	FAST	48	53	0.2075677001942234	0.0	0	10.54574014700298	
331	FAST	48	54	0.2409330695683489	0.0	0	10.987589714293701	
332	FAST	48	55	0.31065396158262065	0.0	0	5.012402403405613	
333	FAST	48	56	0.33649051558922066	0.0	0	6.621451273081207	
334	FAST	48	63	0.33176830010421277	0.048	0	13.895206837780927	
335	FAST	49	50	0.1566683642287674	0.0	0	10.844807303334143	
336	FAST	49	51	0.1845573986865216	0.0	0	7.478109239371543	
337	FAST	49	52	0.22142669594552217	0.0	0	7.603809409640156	
338	FAST	49	53	0.25003121348288215	0.0	0	7.2644717328437975	
339	FAST	49	54	0.28339660619749146	0.0	0	6.920191123648346	
340	FAST	50	51	0.08115968188268026	0.0	0	22.001336854295314	
341	FAST	50	52	0.07399500529255132	0.0	0	28.76773165308394	
342	FAST	50	53	0.10259952671999197	0.0	0	23.0883636154203	
343	FAST	50	54	0.13596489609411744	0.0	0	15.598893560896569	
344	FAST	50	55	0.20568579977863108	0.0	0	7.494968507609726	
345	FAST	50	56	0.2315223537852311	0.0	0	7.516243184640201	
346	FAST	50	57	0.28310399822269255	0.0	0	5.005533901002244	
347	FAST	51	52	0.0866936794642085	0.0	0	18.24437730106451	
348	FAST	51	53	0.1152981970015685	0.0	0	12.549658839385783	
349	FAST	51	54	0.14866356637569397	0.0	0	8.983339949978618	
350	FAST	51	55	0.21838445838996573	0.0	0	5.987504129326753	
351	FAST	51	56	0.2442210123965657	0.0	0	5.512223570126511	
352	FAST	52	53	0.027119747672974932	0.0	0	53.33056849087359	
353	FAST	52	54	0.06466182659652175	0.0	0	24.929823541639056	
354	FAST	52	55	0.13438272639095475	0.0	0	11.032640444208912	
355	FAST	52	56	0.16021928039755476	0.0	0	9.592357412390616	
356	FAST	52	57	0.2118009365052582	0.0	0	6.6340772105312595	
357	FAST	53	54	0.03255763303241363	0.0	0	46.86888751444185	
358	FAST	53	55	0.1392847375834884	0.0	0	14.098218299230481	
359	FAST	53	56	0.12811509072352725	0.0	0	13.692917724409794	
360	FAST	53	57	0.1796967429411501	0.0	0	8.446793804542441	
361	FAST	53	58	0.2558494359154547	0.0	0	5.324598588446305	
362	FAST	53	63	0.337184139804537	0.048	0	12.216148840017675	
363	FAST	54	55	0.09882882488577224	0.0	0	16.417221272640877	
364	FAST	54	56	0.09594506921502285	0.0	0	17.278685140050424	
365	FAST	54	57	0.14752673699296817	0.0	0	10.344084884069135	
366	FAST	54	58	0.2236794182970309	0.0	0	6.285265825499138	
367	FAST	54	59	0.23363279643775064	0.0	0	5.855325951792264	
368	FAST	54	63	0.31193667033525635	0.048	0	18.047844481430822	
369	FAST	55	56	0.10245118238530287	0.0	0	22.68626644219587	
370	FAST	55	57	0.11688081406400345	0.0	0	16.225277927993147	
371	FAST	55	58	0.19303349536806622	0.0	0	8.817944601270463	
372	FAST	55	59	0.15404239253103003	0.0	0	10.523928347297536	
373	FAST	55	60	0.199998124561872	0.0	0	6.629689414561858	
374	FAST	55	61	0.21647929140213404	0.0	0	5.785202998005023	
375	FAST	56	57	0.051750960196819136	0.0	0	28.404612964698718	
376	FAST	56	58	0.12790363761080126	0.0	0	11.724392616627984	
377	FAST	56	59	0.1378570196416016	0.0	0	10.598865355733237	
378	FAST	56	60	0.1863277627103322	0.0	0	7.1532521091247325	
379	FAST	56	61	0.2295672264918869	0.0	0	5.416803653963981	
380	FAST	56	63	0.3399620284812417	0.048	0	12.412285229716183	
381	FAST	56	64	0.38634472259083835	0.048	0	6.46199692026216	
382	FAST	56	65	0.43919115018064	0.048	0	4.421772132818902	
383	FAST	56	67	0.42103726473208475	0.048	0	5.3415387169332655	
384	FAST	57	58	0.07675344979601327	0.0	0	22.296111938925005	
385	FAST	57	59	0.08670683571689426	0.0	0	18.414302920960136	
386	FAST	57	60	0.13517757878562484	0.0	0	10.881918690978244	
387	FAST	57	61	0.17841704256717958	0.0	0	7.887070286071111	
388	FAST	57	63	0.384340773682992	0.048	0	6.831661445731828	
389	FAST	57	64	0.3412958770645092	0.048	0	10.930199833252608	
390	FAST	57	65	0.38984504348251814	0.048	0	6.800843951123292	
391	FAST	57	66	0.42780336506585737	0.048	0	5.171472565514025	
392	FAST	57	67	0.37333280038000694	0.048	0	7.777498756939478	
393	FAST	58	59	0.07200593315564248	0.0	0	28.255870339523764	
394	FAST	58	60	0.08743951295287825	0.0	0	18.95073494124906	
395	FAST	58	61	0.1310579211587018	0.0	0	11.91588029849319	
396	FAST	58	62	0.255370979338627	0.0	0	5.76228349483816	
397	FAST	58	63	0.42867785119451274	0.048	0	5.065915014062946	
398	FAST	58	64	0.2815888030664809	0.048	0	33.53069813229632	
399	FAST	58	65	0.3403573143357273	0.048	0	10.981268098986357	
400	FAST	58	66	0.39043847436779794	0.048	0	6.625303144486479	
401	FAST	58	67	0.31576294598180515	0.048	0	16.84655336771144	
402	FAST	59	60	0.049577043098683535	0.0	0	29.152575382018476	
403	FAST	59	61	0.09281650299015765	0.0	0	16.34904942126345	
404	FAST	59	62	0.19190307683821625	0.0	0	8.728928602543869	
405	FAST	60	61	0.04366750880351709	0.0	0	38.961130562351514	
406	FAST	60	62	0.16798056309336168	0.0	0	10.830042316846276	
407	FAST	61	62	0.1284738884202208	0.0	0	15.71309913936763	
408	FAST	61	64	0.34189073151411264	0.048	0	10.649134223496437	
409	FAST	61	65	0.27660027650124386	0.048	0	42.12649064932286	
410	FAST	61	66	0.2846057362515169	0.048	0	31.136067598131998	
411	FAST	61	67	0.313713359586781	0.048	0	18.07121339201702	
412	FAST	62	64	0.4213812504185731	0.048	0	4.953306742623317	
413	FAST	62	65	0.3530950978131749	0.048	0	9.273797760421354	
414	FAST	62	66	0.29304974429611425	0.048	0	25.420513242022412	
415	FAST	62	67	0.39218104977363377	0.048	0	6.817132753516456	
416	FAST	64	65	0.3208596406357785	0.048	0	15.095309419974587	
417	FAST	64	66	0.37832092189058875	0.048	0	7.530292305089299	
418	FAST	64	67	0.28711509697401516	0.048	0	30.384794475164373	
419	FAST	65	66	0.30802592284334046	0.048	0	18.793530264830277	
420	FAST	65	67	0.2869529669048198	0.048	0	29.173520331835526	
421	FAST	66	67	0.34723302916346765	0.048	0	10.780364828063286	
422	FAST	68	69	0.31961417983176404	0.048	0	16.263972483914653	
423	FAST	68	70	0.31025070892562745	0.048	0	18.00570182075584	
424	FAST	68	71	0.35282413558903386	0.048	0	10.313948708971923	
425	FAST	68	73	0.3499823949333256	0.048	0	10.609350918243699	
426	FAST	68	74	0.36326856556838494	0.048	0	9.490189369639143	
427	FAST	68	75	0.32293415966345773	0.048	0	14.37770899522496	
428	FAST	68	76	0.3043083788413486	0.048	0	20.018721071371864	
429	FAST	68	77	0.3277074185209801	0.048	0	13.016102112902043	
430	FAST	68	78	0.3537868345681008	0.048	0	10.204867950841917	
431	FAST	69	70	0.35016734253612003	0.048	0	10.258203760876704	
432	FAST	69	71	0.2889421904033205	0.048	0	27.65840892097433	
433	FAST	69	73	0.409725032299345	0.048	0	5.626460707140306	
434	FAST	69	74	0.43146268347934347	0.048	0	4.668691793419381	
435	FAST	69	75	0.3940090006189977	0.048	0	6.418886605474145	
436	FAST	69	76	0.375242522649161	0.048	0	7.560275034152655	
437	FAST	69	77	0.3880713581061336	0.048	0	7.09184810634387	
438	FAST	69	78	0.4118340394161036	0.048	0	5.446591855015476	
439	FAST	70	71	0.36321139206122	0.048	0	9.009396953252772	
440	FAST	70	73	0.39483539525942135	0.048	0	6.667663286141014	
441	FAST	70	74	0.39209968574495196	0.048	0	6.61647766102942	
442	FAST	70	75	0.3479917875872324	0.048	0	10.765510718929676	
443	FAST	70	76	0.3135398879049619	0.048	0	16.98156890805948	
444	FAST	70	77	0.29472060910445375	0.048	0	24.0981174873376	
445	FAST	70	78	0.31277550312885255	0.048	0	16.07708864234754	
446	FAST	71	75	0.4279180643201304	0.048	0	4.676500229501751	
447	FAST	71	76	0.404332513209376	0.048	0	5.898508116949319	
448	FAST	71	77	0.40759504955365466	0.048	0	5.657082162830077	
449	FAST	71	78	0.4282032219443983	0.048	0	4.783877617899522	
450	FAST	72	73	0.14025606737595317	0.0	0	12.975739742988525	
451	FAST	72	74	0.08725546934826098	0.0	0	17.024890122999764	
452	FAST	72	75	0.06345545813248002	0.0	0	30.99509177991817	
453	FAST	72	76	0.04017865109099696	0.0	0	38.772468831982415	
454	FAST	72	77	0.04570755266690181	0.0	0	34.50274751588368	
455	FAST	72	78	0.06345764046771263	0.0	0	27.591560128510668	
456	FAST	73	74	0.05432577344421043	0.0	0	34.511373370626465	
457	FAST	73	75	0.11529474650005098	0.0	0	24.652375955260524	
458	FAST	73	76	0.1530252220284384	0.0	0	15.078380188858384	
459	FAST	73	77	0.19731463802204155	0.0	0	9.51109286151988	
460	FAST	73	78	0.21506473749309424	0.0	0	7.94279765726105	
461	FAST	74	75	0.0623156956289603	0.0	0	30.80188221829922	
462	FAST	74	76	0.10004617115734774	0.0	0	17.043008385962246	
463	FAST	74	77	0.14433558326087026	0.0	0	10.744160258412148	
464	FAST	74	78	0.16208567884184233	0.0	0	9.2597791228909	
465	FAST	75	76	0.042285826075788555	0.0	0	41.68611137936595	
466	FAST	75	77	0.087860882596482	0.0	0	18.36023858418241	
467	FAST	75	78	0.10561097428737345	0.0	0	14.150205739808037	
468	FAST	76	77	0.06410468924890102	0.0	0	31.611339961244404	
469	FAST	76	78	0.08185477704971184	0.0	0	19.785257125535693	
470	FAST	77	78	0.02740920468246461	0.0	0	53.88172577647829	
471	FAST	19	79	0.32672861200051834	0.0	538	3.6676594740336546	
472	FAST	17	79	0.2886623741997263	0.0	44	3.9924202952673253	
473	FAST	21	79	0.33755742388685916	0.0	448	3.5971049879516963	
474	FAST	39	80	0.21576913324072985	0.0	368	6.344406903629904	
475	FAST	38	80	0.33036666933419123	0.0	239	3.873259604964114	
476	FAST	37	80	0.3243374320792623	0.0	416	2.6949977209514917	
477	FAST	39	81	0.19145307294246156	0.0	450	6.5670298935921885	
478	FAST	38	81	0.26093236179108825	0.0	247	4.1625562215841825	
479	FAST	37	81	0.36067920007365417	0.0	395	2.8836850232661146	
480	FAST	21	82	0.2523095285785297	0.0	292	3.8284812052221233	
481	FAST	22	82	0.35947168469994834	0.0	270	3.322220480857811	
482	FAST	19	82	0.33744344252128927	0.0	425	2.94458928167648	
483	FAST	28	83	0.26069072552567674	0.0	35	4.425792949361269	
484	FAST	39	83	0.3045423204778005	0.0	629	2.8666231643444666	
485	FAST	38	83	0.41079554623661246	0.0	346	2.375839356211602	
