n_interc	
0	
0	
0	
0	
0	
0	
0	
0	
0	
0	
0	
0	
0	
0	
0	
0	
0	
0	
0	
0	
0	
0	
0	
0	
0	
0	
0	
0	
0	
0	
0	
0	
0	
0	
0	
0	
0	
0	
0	
0	
0	
0	
0	
0	
0	
0	
0	
0	
0	
0	
0	
0	
0	
0	
0	
0	
0	
0	
0	
0	
0	
0	
1	
1	
1	
1	
1	
1	
1	
1	
1	
1	
1	
2	
2	
2	
2	
3	
3	
3	
3	
3	
3	
3	
3	
4	
4	
5	
5	
5	
5	
6	
6	
6	
6	
6	
6	
7	
7	
7	
62	
63	
64	
67	
70	
72	
74	
77	
78	
80	
81	
82	
83	
86	
87	
89	
91	
92	
94	
95	
97	
99	
100	
101	
103	
104	
108	
108	
110	
113	
116	
117	
119	
121	
121	
124	
126	
128	
129	
131	
133	
137	
138	
140	
141	
143	
145	
148	
149	
150	
151	
153	
155	
157	
158	
160	
162	
164	
165	
167	
168	
169	
171	
173	
175	
177	
179	
181	
182	
183	
185	
187	
188	
190	
192	
193	
194	
196	
200	
201	
204	
205	
206	
207	
209	
211	
213	
215	
216	
218	
219	
221	
223	
226	
228	
228	
230	
232	
234	
235	
512	
515	
520	
524	
529	
532	
536	
540	
544	
548	
551	
554	
559	
560	
565	
571	
576	
578	
582	
586	
590	
594	
597	
605	
610	
613	
616	
622	
626	
630	
633	
637	
640	
643	
646	
651	
656	
657	
661	
665	
669	
672	
676	
678	
683	
686	
689	
693	
696	
700	
703	
706	
708	
712	
714	
716	
718	
723	
725	
728	
731	
733	
736	
738	
740	
742	
743	
744	
744	
746	
749	
749	
752	
754	
755	
757	
758	
760	
763	
764	
766	
767	
769	
771	
771	
772	
775	
776	
778	
778	
780	
782	
783	
784	
785	
786	
786	
787	
789	
790	
3275	
3280	
3282	
3287	
3293	
3297	
3299	
3301	
3304	
3304	
3311	
3311	
3317	
3319	
3325	
3326	
3330	
3333	
3335	
3342	
3343	
3346	
3353	
3360	
3361	
3367	
3373	
3378	
3381	
3385	
3388	
3392	
3395	
3398	
3399	
3403	
3408	
3410	
3416	
3423	
3427	
3430	
3432	
3435	
3439	
3445	
3446	
3448	
3450	
3455	
3458	
3460	
3463	
3465	
3470	
3474	
3477	
3478	
3481	
3483	
3484	
3489	
3490	
3495	
3497	
3499	
3501	
3504	
3507	
3510	
3513	
3515	
3518	
3521	
3524	
3524	
3527	
3532	
3535	
3536	
3538	
3539	
3539	
3542	
3544	
3548	
3548	
3551	
3554	
3555	
3556	
3558	
3560	
3562	
3563	
3564	
3567	
3569	
3571	
3572	
3042	
3045	
3049	
3052	
3053	
3056	
3059	
3059	
3059	
3061	
3064	
3067	
3071	
3075	
3078	
3079	
3081	
3083	
3084	
3085	
3086	
3089	
3091	
3094	
3095	
3097	
3099	
3102	
3104	
3105	
3105	
3106	
3109	
3109	
3110	
3111	
3114	
3117	
3119	
3120	
3120	
3124	
3124	
3125	
3126	
3128	
3129	
3131	
3133	
3137	
3138	
3140	
3140	
3142	
3143	
3145	
3145	
3146	
3149	
3150	
3151	
3152	
3152	
3155	
3157	
3159	
3162	
3163	
3164	
3165	
3167	
3169	
3171	
3173	
3177	
3178	
3182	
3182	
3185	
3187	
3190	
3190	
3191	
3194	
3198	
3199	
3199	
3202	
3203	
3204	
3207	
3208	
3210	
3213	
3215	
3215	
3217	
3219	
3219	
3220	
