id	x	y	type	qual	N	n_links	count	acc	
1	0.5290865972208558	0.08782825570975693	STD	0.13784369937731955	0	18	0	0.8409198270797537	
2	0.5301822646847826	0.10720123054485474	STD	0.016918507670600214	0	18	0	0.7191031577158308	
3	0.5333754021576235	0.11316317727647134	STD	0.004389375991098898	0	18	0	0.7221744886697601	
4	0.5228257638719125	0.1527978029111725	STD	0.752161833750471	0	17	0	0.9166081676092578	
5	0.5110057050013014	0.18322738970304364	STD	0.4619176187753278	0	19	361	0.9605311881490741	
6	0.46055093200691144	0.23803676739353677	STD	0.5226401075547487	0	15	0	0.8227243900895969	
7	0.49049816672070146	0.0769888854245772	STD	0.49866878599748565	0	16	0	0.9343087149690475	
8	0.5243639373822653	0.14811813155714765	STD	0.41789005003354096	0	18	0	0.9592843746516679	
9	0.4372574223741947	0.2995079543610299	STD	0.17346194035858375	0	16	0	0.7752679781656858	
10	0.41937970228563354	0.33373740205414487	STD	0.5425834782021672	0	15	0	0.9481757031320417	
11	0.4998163145722239	0.3654513890156738	STD	0.20424201505539652	0	15	0	0.8554282536515516	
12	0.515877597084288	0.3934792280858458	STD	0.46870395818066957	0	12	0	0.9379485028196458	
13	0.527761674424959	0.4273044524055435	STD	0.6081161781213908	0	11	0	0.9620759911846537	
14	0.5279485391483765	0.45960239084181165	STD	0.0564774917692632	0	12	0	0.7721262790340674	
15	0.5178388115657108	0.47324318956320754	STD	0.6610949679697251	0	12	0	0.9540276629085315	
16	0.4983862803694047	0.5086814241359012	STD	0.2188599319134319	0	11	0	0.8747005804101622	
17	0.19045354636733625	0.002995199780724391	STD	0.38221723127027674	0	4	0	0.9468515454210993	
18	0.260845314655781	0.09852695010641736	STD	0.4372002109332904	0	7	0	0.9323836332128798	
19	0.23158108780837086	0.14021317238405023	STD	0.5303089644665797	0	8	0	0.9465468973855157	
20	0.2801200648305022	0.15889412442380177	STD	0.0769011208025614	0	8	0	0.7680782877970559	
21	0.23191891500510464	0.15860984189908572	STD	0.17994366638710724	0	8	0	0.8848452161434349	
22	0.24223756772992455	0.18442460012929646	STD	0.526299266420573	0	7	0	0.7681140690119592	
23	0.368004880062751	0.2085094845428714	STD	0.37346984369264313	0	17	0	0.8341706345837698	
24	0.3719839740227433	0.2215652327591495	STD	0.24824101257429843	0	17	0	0.9158407317373637	
25	0.3455553328417463	0.2744769879628167	STD	0.5888777946303736	0	15	362	0.9346400228033352	
26	0.44093575929207557	0.3712978642887976	STD	0.8206400489357548	0	15	0	0.9701604521706586	
27	0.36967671375721445	0.41015518237073767	STD	0.5929854707775728	0	14	0	0.8310116879138154	
28	0.1573274485692997	0.4835700453482871	STD	0.703036437865528	1	3	75	0.9493799390479207	
29	0.36716528647906305	0.4179604961228007	STD	0.4827683250933119	0	13	0	0.8945930031157914	
30	0.22100419841716157	0.4019146525885682	STD	0.5484703884056792	2	6	365	0.9555011266831439	
31	0.47787268628758284	0.5480021666943438	STD	0.654365067283857	0	11	0	0.8809260987755321	
32	0.46676331894608003	0.6284350713290916	STD	0.9432811258856315	0	7	0	0.7181567216177398	
33	0.4608416104655608	0.7277137825604496	STD	0.6322951519293709	0	7	0	0.9787736656869829	
34	0.4626107695368043	0.8130296791693479	STD	0.23923853007535123	3	15	315	0.9590659381278178	
35	0.41096732927400903	0.7751332799821633	STD	0.5838698773701174	0	12	31	0.9689165438151641	
36	0.28631860993830643	0.7727157794916976	STD	0.9481571027688702	0	9	98	0.9596440397507926	
37	0.2593266062207844	0.7914395937162324	STD	0.8805099018790485	4	8	380	0.9789645067264252	
38	0.22221233076092273	0.8261440423391756	STD	0.6917380400162647	0	9	456	0.9594867366806445	
39	0.1527652674630883	0.8358499459600879	STD	0.901735134377476	43	10	2549	0.9734870226513237	
40	0.28962421229098206	0.869035900942634	STD	0.35527516811692106	0	11	1474	0.9714036510674885	
41	0.3153375768362312	0.8870629299068465	STD	0.7131459028867351	11	11	3133	0.9834232588869892	
42	0.38914135655596416	0.9106268739207488	STD	0.1963122673347819	0	13	17	0.9625002401745884	
43	0.48046327153884866	0.8968259831074697	STD	0.46455776836689444	19	13	1361	0.9787928839449372	
44	0.49826819224557845	0.9044854921625778	STD	0.8205398014681313	2	14	3046	0.9668744324477649	
45	0.530170585639569	0.9121028717198222	STD	0.02931480931347119	0	15	1	0.8294522903767767	
46	0.4847793275811146	0.9204492747618408	STD	0.539163138815052	0	10	0	0.9759146095085647	
47	0.5764771347969846	0.9306369200322399	STD	0.05963164152285749	0	15	0	0.831902392481523	
48	0.6001695919630531	0.9436531031548717	STD	0.11089291907208376	0	15	0	0.8999055550867021	
49	0.5600944622629316	0.9598293649607524	STD	0.4572970146798234	0	13	0	0.9608655340785407	
50	0.676757136993029	0.9547977108106617	STD	0.8175603777399811	0	12	0	0.9556137701036332	
51	0.7136194046106153	0.9998054959685726	STD	0.6280355424824313	0	9	0	0.9670291333082983	
52	0.7111205214921377	0.9245728367440629	STD	0.2953550842099706	0	11	0	0.921894879948535	
53	0.7026486286056469	0.8985914288740412	STD	0.11217822626918417	0	13	0	0.7780620083956877	
54	0.6841337084613773	0.8734880730081942	STD	0.7190494640496234	0	15	0	0.9735370705910976	
55	0.7487391586823343	0.8203755982229649	STD	0.8118432047866997	0	12	0	0.939194996148692	
56	0.6913128608098928	0.8026145346104842	STD	0.03813197463146922	0	18	0	0.7047207364980037	
57	0.7062995413951377	0.7555676817559628	STD	0.06946077284930197	0	15	0	0.7710937543115695	
58	0.6946833467470882	0.6969819624143379	STD	0.5544109354274172	0	14	0	0.9497480551075628	
59	0.7445355675199029	0.6959235961593058	STD	0.9167261026729181	0	8	0	0.9255171127574328	
60	0.7473714992321001	0.650423921638075	STD	0.8878004917358158	0	7	0	0.8845869425731108	
61	0.7721569420072685	0.624518859745052	STD	0.42887099485709834	0	11	0	0.8280214608380662	
62	0.8472347325369116	0.5978493123203564	STD	0.04813415768577234	0	8	0	0.7671226681444965	
63	0.6209223901931383	0.862215538216282	EXIT	0.7691736463305763	0	11	4576	0.9683435548330831	
64	0.6867054774731324	0.6640745017298447	EXIT	0.5639165901634584	0	8	0	0.9694422735958681	
65	0.7439150209175545	0.6185191430027415	EXIT	0.6263315265589586	0	8	0	0.9592919027453023	
66	0.8022264606500168	0.6031697550197176	EXIT	0.3840826159147055	0	7	0	0.9407759819300813	
67	0.7063966504933027	0.6299630166307487	EXIT	0.5180059884744985	0	8	0	0.9704019302908183	
68	0.6461870198678478	0.09215924135885288	EXIT	0.2330996960132956	0	16	142	0.8958824705641771	
69	0.6634258961832257	0.1619477070633198	EXIT	0.21856342057972356	0	16	55	0.8793430124564843	
70	0.7037625067289622	0.06778424955955283	EXIT	0.6044260988782517	0	12	0	0.879221572206706	
71	0.6987624479386872	0.18315924981954215	EXIT	0.37396130722438325	0	13	157	0.9015177891783428	
72	0.6538685441834395	0.0001945040314274314	STD	0.07159227850107963	0	11	0	0.7339811965759206	
73	0.559825411665789	0.03740877169667725	STD	0.257205818334151	0	16	0	0.8262617324801845	
74	0.576153581988845	0.000263010258388662	STD	0.508640613567666	0	16	0	0.9033339250934005	
75	0.6133145736295614	0.024517878037257763	STD	0.8140475120411887	0	17	0	0.9045819668336144	
76	0.6463688669273957	0.03557925245900701	STD	0.7148295951331483	0	16	0	0.8983500638325762	
77	0.6875197664588574	0.02368811010106969	STD	0.9564322402570586	0	13	0	0.9253525552274255	
78	0.7032177008976098	0.0027391257024041026	STD	0.979615525888444	0	11	0	0.8628598591946157	
79	0.0	0.5604449319912339	ENTRY	0.0	1	3	1044	0.8006111599256778	
80	0.0	0.9734625951569327	ENTRY	0.0	0	3	1023	0.8042926154404539	
81	0.0	0.5542674954165308	ENTRY	0.0	0	3	1054	0.800920864250269	
82	0.0	0.7927454476397413	ENTRY	0.0	0	3	1020	0.80820511324002	
83	0.0	0.9744825319815953	ENTRY	0.0	0	3	1061	0.8050091314062376	
