n_interc	
0	
0	
0	
0	
0	
0	
0	
0	
0	
0	
0	
0	
0	
0	
0	
0	
0	
0	
0	
0	
0	
0	
0	
0	
0	
0	
0	
0	
0	
0	
0	
0	
0	
0	
0	
0	
0	
0	
0	
0	
0	
0	
0	
0	
0	
0	
0	
0	
0	
0	
0	
0	
0	
0	
0	
0	
0	
0	
0	
0	
1	
2	
2	
2	
3	
3	
3	
3	
3	
3	
3	
3	
3	
3	
3	
3	
3	
3	
4	
4	
4	
5	
5	
5	
5	
5	
6	
6	
6	
6	
7	
8	
8	
8	
8	
8	
8	
8	
8	
8	
74	
76	
78	
80	
82	
83	
84	
86	
89	
91	
91	
93	
94	
95	
97	
99	
101	
103	
106	
107	
108	
110	
111	
113	
114	
115	
117	
118	
120	
121	
123	
125	
127	
130	
131	
132	
135	
136	
138	
140	
141	
142	
144	
144	
146	
148	
150	
152	
153	
156	
158	
159	
160	
162	
163	
165	
169	
171	
172	
174	
176	
177	
179	
182	
185	
186	
187	
190	
192	
194	
195	
197	
198	
201	
202	
203	
205	
207	
210	
211	
213	
215	
216	
218	
219	
221	
222	
224	
227	
229	
231	
233	
236	
238	
239	
239	
242	
243	
246	
247	
538	
541	
545	
547	
552	
555	
560	
563	
566	
571	
574	
577	
580	
584	
588	
591	
594	
598	
602	
607	
609	
613	
618	
622	
625	
628	
632	
636	
640	
644	
647	
653	
658	
662	
662	
665	
668	
672	
675	
678	
683	
684	
686	
691	
695	
699	
704	
706	
709	
713	
715	
718	
720	
724	
727	
729	
733	
736	
737	
740	
741	
743	
745	
747	
750	
752	
755	
757	
760	
760	
762	
764	
765	
767	
767	
769	
770	
771	
773	
775	
776	
778	
779	
780	
781	
782	
782	
783	
784	
785	
789	
789	
790	
790	
791	
792	
795	
797	
797	
798	
3308	
3312	
3318	
3321	
3329	
3334	
3336	
3338	
3343	
3347	
3352	
3357	
3363	
3365	
3370	
3376	
3380	
3386	
3388	
3393	
3398	
3401	
3405	
3410	
3412	
3416	
3420	
3424	
3429	
3431	
3433	
3435	
3438	
3441	
3446	
3452	
3459	
3464	
3467	
3472	
3475	
3478	
3482	
3487	
3491	
3496	
3500	
3503	
3508	
3509	
3513	
3516	
3519	
3523	
3525	
3527	
3532	
3533	
3537	
3543	
3545	
3548	
3551	
3556	
3558	
3561	
3562	
3564	
3566	
3569	
3572	
3575	
3578	
3579	
3581	
3583	
3588	
3591	
3595	
3596	
3596	
3598	
3600	
3601	
3606	
3606	
3606	
3608	
3610	
3610	
3611	
3613	
3617	
3617	
3619	
3620	
3623	
3625	
3629	
3633	
3093	
3095	
3096	
3099	
3100	
3100	
3103	
3103	
3105	
3106	
3107	
3108	
3110	
3111	
3113	
3115	
3116	
3118	
3118	
3119	
3121	
3123	
3124	
3125	
3126	
3128	
3128	
3131	
3132	
3134	
3135	
3135	
3138	
3139	
3141	
3143	
3145	
3145	
3146	
3149	
3151	
3151	
3154	
3154	
3155	
3156	
3156	
3156	
3156	
3158	
3160	
3160	
3162	
3163	
3163	
3165	
3168	
3171	
3171	
3174	
3174	
3176	
3177	
3179	
3182	
3183	
3183	
3184	
3186	
3188	
3190	
3191	
3191	
3191	
3193	
3198	
3200	
3200	
3203	
3203	
3204	
3205	
3206	
3206	
3208	
3210	
3210	
3210	
3212	
3212	
3213	
3214	
3216	
3217	
3217	
3218	
3218	
3219	
3221	
3221	
