n_interc	
0	
0	
0	
0	
0	
0	
0	
0	
0	
0	
0	
0	
0	
0	
0	
0	
0	
0	
0	
0	
0	
0	
0	
0	
0	
0	
0	
0	
0	
0	
0	
0	
0	
0	
0	
0	
0	
0	
0	
0	
0	
0	
0	
0	
0	
0	
0	
0	
0	
0	
0	
0	
0	
0	
0	
0	
0	
0	
0	
0	
0	
0	
0	
0	
0	
0	
0	
0	
1	
1	
1	
2	
2	
2	
2	
2	
2	
2	
2	
2	
2	
2	
3	
3	
3	
3	
3	
3	
4	
4	
4	
5	
5	
5	
5	
5	
5	
5	
5	
5	
48	
50	
52	
54	
55	
57	
59	
61	
62	
64	
65	
68	
70	
71	
74	
75	
76	
78	
80	
81	
84	
84	
87	
88	
90	
91	
94	
96	
97	
99	
100	
101	
103	
106	
106	
108	
109	
112	
113	
115	
117	
118	
121	
122	
126	
128	
131	
132	
133	
135	
137	
139	
142	
143	
144	
146	
148	
150	
151	
153	
154	
157	
159	
161	
163	
165	
167	
169	
170	
171	
172	
174	
177	
178	
180	
183	
183	
186	
188	
190	
192	
193	
196	
197	
198	
201	
201	
203	
206	
207	
209	
211	
214	
215	
216	
219	
220	
221	
224	
225	
497	
500	
503	
507	
510	
515	
518	
520	
526	
529	
533	
536	
541	
544	
548	
553	
558	
562	
566	
569	
575	
578	
582	
585	
589	
594	
597	
599	
602	
607	
612	
614	
618	
622	
625	
628	
633	
638	
643	
646	
650	
654	
658	
662	
665	
669	
672	
675	
678	
682	
685	
689	
693	
695	
698	
700	
702	
706	
709	
709	
713	
715	
717	
721	
724	
727	
728	
730	
734	
736	
738	
741	
743	
745	
747	
750	
753	
755	
758	
760	
762	
763	
764	
765	
767	
769	
771	
772	
774	
776	
778	
781	
782	
782	
783	
784	
787	
788	
788	
790	
3275	
3278	
3286	
3290	
3292	
3297	
3304	
3311	
3316	
3318	
3320	
3325	
3327	
3331	
3335	
3337	
3340	
3346	
3348	
3352	
3357	
3361	
3369	
3374	
3376	
3378	
3381	
3386	
3390	
3397	
3399	
3402	
3409	
3412	
3417	
3423	
3425	
3427	
3429	
3430	
3434	
3437	
3445	
3452	
3457	
3459	
3461	
3466	
3471	
3472	
3476	
3481	
3484	
3487	
3491	
3494	
3495	
3498	
3499	
3501	
3504	
3507	
3510	
3510	
3516	
3521	
3526	
3530	
3537	
3541	
3543	
3546	
3546	
3547	
3551	
3554	
3559	
3560	
3562	
3564	
3567	
3570	
3574	
3575	
3579	
3581	
3581	
3582	
3584	
3586	
3590	
3592	
3592	
3595	
3596	
3598	
3598	
3600	
3601	
3605	
3071	
3072	
3075	
3077	
3080	
3081	
3083	
3084	
3084	
3084	
3085	
3088	
3088	
3093	
3095	
3096	
3098	
3101	
3103	
3106	
3107	
3108	
3109	
3110	
3113	
3113	
3117	
3118	
3119	
3122	
3124	
3126	
3128	
3130	
3133	
3134	
3137	
3140	
3140	
3140	
3142	
3146	
3148	
3149	
3151	
3153	
3156	
3157	
3161	
3162	
3164	
3167	
3168	
3169	
3171	
3176	
3178	
3178	
3179	
3180	
3180	
3181	
3181	
3181	
3183	
3187	
3188	
3188	
3190	
3192	
3194	
3195	
3196	
3197	
3198	
3200	
3201	
3203	
3205	
3205	
3206	
3209	
3209	
3211	
3214	
3216	
3219	
3219	
3220	
3222	
3224	
3226	
3229	
3230	
3232	
3235	
3237	
3239	
3239	
3239	
