n_interc	
0	
0	
0	
0	
0	
0	
0	
0	
0	
0	
0	
0	
0	
0	
0	
0	
0	
0	
0	
0	
0	
0	
0	
0	
0	
0	
0	
0	
0	
0	
0	
0	
0	
0	
0	
0	
0	
0	
0	
1	
1	
1	
1	
1	
1	
1	
1	
1	
1	
1	
1	
1	
1	
1	
1	
1	
1	
1	
1	
1	
1	
2	
2	
2	
2	
2	
2	
2	
2	
2	
2	
2	
2	
2	
2	
2	
2	
3	
3	
3	
3	
3	
3	
3	
3	
3	
3	
3	
3	
5	
5	
5	
5	
5	
5	
6	
7	
7	
8	
8	
72	
74	
75	
77	
80	
81	
83	
84	
85	
87	
90	
90	
92	
93	
95	
97	
99	
99	
102	
104	
105	
106	
108	
110	
111	
112	
115	
115	
116	
118	
118	
120	
123	
125	
126	
128	
132	
133	
135	
136	
137	
139	
140	
142	
144	
145	
147	
147	
150	
151	
153	
155	
159	
161	
162	
163	
166	
166	
168	
172	
174	
175	
178	
180	
182	
184	
186	
188	
190	
192	
193	
194	
196	
199	
199	
200	
203	
206	
206	
208	
210	
212	
215	
217	
219	
220	
222	
225	
227	
229	
230	
232	
232	
234	
235	
237	
238	
240	
242	
245	
535	
537	
541	
544	
548	
552	
557	
561	
566	
570	
572	
575	
579	
583	
587	
591	
596	
599	
601	
606	
609	
611	
614	
617	
620	
623	
627	
630	
634	
636	
639	
642	
646	
648	
650	
652	
655	
658	
659	
662	
665	
667	
669	
671	
674	
677	
679	
682	
685	
687	
688	
691	
693	
695	
697	
699	
701	
703	
706	
710	
712	
714	
717	
719	
720	
723	
726	
728	
730	
733	
735	
737	
740	
741	
744	
745	
747	
749	
750	
752	
754	
757	
759	
762	
763	
765	
766	
769	
769	
771	
772	
773	
775	
778	
779	
781	
782	
783	
787	
789	
3271	
3277	
3283	
3290	
3295	
3303	
3309	
3312	
3315	
3315	
3321	
3325	
3330	
3337	
3339	
3345	
3349	
3354	
3358	
3365	
3367	
3370	
3375	
3376	
3378	
3383	
3389	
3390	
3393	
3396	
3400	
3403	
3407	
3408	
3409	
3414	
3419	
3419	
3421	
3426	
3432	
3435	
3438	
3443	
3446	
3451	
3454	
3455	
3460	
3462	
3467	
3469	
3474	
3475	
3478	
3481	
3485	
3487	
3489	
3491	
3493	
3496	
3497	
3501	
3502	
3505	
3506	
3507	
3511	
3514	
3517	
3521	
3525	
3525	
3527	
3528	
3530	
3531	
3531	
3533	
3534	
3537	
3543	
3543	
3544	
3547	
3551	
3554	
3556	
3558	
3560	
3561	
3565	
3569	
3573	
3576	
3578	
3579	
3581	
3584	
3052	
3053	
3055	
3058	
3059	
3060	
3061	
3062	
3062	
3065	
3068	
3069	
3072	
3074	
3076	
3078	
3081	
3083	
3083	
3086	
3088	
3089	
3091	
3093	
3094	
3095	
3096	
3098	
3099	
3101	
3101	
3102	
3109	
3110	
3111	
3112	
3115	
3116	
3118	
3119	
3119	
3122	
3124	
3124	
3124	
3127	
3128	
3128	
3130	
3130	
3132	
3133	
3134	
3134	
3135	
3135	
3135	
3137	
3138	
3139	
3139	
3142	
3142	
3144	
3144	
3145	
3147	
3147	
3148	
3150	
3151	
3152	
3155	
3158	
3162	
3163	
3166	
3166	
3166	
3170	
3172	
3173	
3173	
3176	
3177	
3179	
3181	
3182	
3183	
3185	
3185	
3186	
3189	
3191	
3192	
3192	
3193	
3194	
3196	
3197	
