n_interc	
0	
0	
0	
0	
0	
0	
0	
0	
0	
0	
0	
0	
0	
0	
0	
0	
0	
0	
0	
0	
0	
0	
0	
0	
0	
0	
0	
0	
0	
0	
0	
0	
0	
0	
0	
0	
0	
0	
0	
0	
0	
0	
0	
0	
0	
0	
0	
0	
0	
0	
0	
0	
0	
0	
0	
0	
0	
0	
0	
0	
0	
0	
0	
0	
0	
1	
1	
2	
2	
2	
2	
2	
2	
2	
2	
2	
2	
2	
2	
2	
3	
3	
4	
4	
4	
4	
4	
4	
4	
5	
5	
5	
5	
5	
5	
5	
5	
5	
5	
5	
61	
64	
65	
66	
68	
68	
72	
73	
75	
77	
78	
78	
80	
82	
85	
86	
87	
89	
92	
93	
94	
97	
98	
102	
103	
105	
106	
107	
110	
113	
114	
116	
117	
118	
120	
122	
123	
125	
127	
129	
131	
133	
134	
136	
138	
140	
142	
146	
146	
150	
151	
154	
154	
155	
157	
159	
161	
164	
166	
168	
170	
172	
173	
174	
176	
178	
180	
181	
183	
184	
186	
187	
189	
191	
192	
194	
195	
197	
199	
202	
203	
204	
206	
209	
211	
211	
213	
216	
217	
218	
220	
221	
223	
225	
227	
228	
230	
231	
233	
235	
517	
522	
526	
530	
535	
539	
543	
546	
550	
553	
556	
560	
562	
566	
570	
575	
578	
582	
585	
591	
594	
599	
602	
605	
610	
614	
617	
619	
622	
626	
630	
633	
637	
641	
644	
648	
652	
654	
658	
661	
665	
667	
670	
673	
677	
680	
683	
684	
686	
688	
692	
695	
697	
700	
700	
704	
705	
709	
713	
715	
717	
719	
721	
722	
724	
727	
727	
729	
729	
731	
733	
736	
736	
737	
738	
740	
742	
744	
744	
746	
746	
749	
749	
750	
750	
752	
753	
755	
757	
758	
759	
760	
762	
763	
764	
765	
767	
767	
768	
768	
3183	
3187	
3191	
3194	
3198	
3201	
3209	
3210	
3215	
3221	
3228	
3232	
3234	
3238	
3241	
3245	
3250	
3255	
3258	
3260	
3262	
3272	
3273	
3275	
3275	
3279	
3281	
3287	
3291	
3297	
3302	
3310	
3311	
3315	
3319	
3323	
3324	
3329	
3333	
3337	
3339	
3342	
3344	
3346	
3350	
3354	
3356	
3360	
3364	
3367	
3369	
3372	
3376	
3381	
3382	
3388	
3393	
3395	
3397	
3400	
3405	
3407	
3410	
3412	
3415	
3416	
3419	
3421	
3422	
3423	
3426	
3428	
3428	
3429	
3433	
3436	
3439	
3439	
3442	
3444	
3448	
3449	
3453	
3457	
3459	
3460	
3461	
3462	
3465	
3465	
3471	
3472	
3472	
3474	
3475	
3477	
3480	
3481	
3484	
3486	
2968	
2968	
2968	
2969	
2970	
2972	
2972	
2973	
2977	
2978	
2981	
2983	
2984	
2984	
2984	
2985	
2986	
2987	
2987	
2989	
2994	
2995	
2996	
2997	
3000	
3001	
3002	
3004	
3008	
3011	
3011	
3012	
3013	
3014	
3014	
3015	
3017	
3019	
3019	
3020	
3026	
3030	
3033	
3036	
3037	
3038	
3040	
3040	
3043	
3043	
3044	
3046	
3047	
3049	
3050	
3051	
3054	
3054	
3056	
3056	
3058	
3059	
3061	
3062	
3063	
3064	
3064	
3065	
3066	
3066	
3067	
3068	
3070	
3070	
3072	
3074	
3074	
3076	
3077	
3078	
3080	
3084	
3085	
3086	
3087	
3089	
3091	
3092	
3092	
3094	
3095	
3096	
3100	
3103	
3104	
3104	
3105	
3106	
3108	
3108	
