n_interc	
0	
0	
0	
0	
0	
0	
0	
0	
0	
0	
0	
0	
0	
0	
0	
0	
0	
0	
0	
0	
0	
0	
0	
0	
0	
0	
0	
0	
0	
0	
0	
0	
0	
0	
0	
0	
0	
0	
0	
0	
0	
0	
0	
0	
0	
0	
0	
0	
0	
0	
0	
0	
0	
0	
0	
0	
0	
0	
0	
0	
0	
0	
0	
0	
0	
0	
0	
1	
1	
1	
1	
1	
2	
2	
2	
2	
2	
2	
2	
2	
2	
3	
3	
3	
3	
3	
3	
3	
3	
3	
4	
5	
5	
5	
5	
5	
7	
8	
8	
8	
67	
68	
70	
71	
73	
74	
77	
79	
81	
82	
83	
85	
88	
89	
92	
92	
93	
96	
98	
100	
100	
102	
103	
107	
108	
112	
114	
115	
116	
119	
122	
123	
124	
125	
128	
130	
131	
133	
135	
137	
138	
142	
146	
146	
148	
148	
150	
152	
152	
156	
156	
160	
162	
163	
165	
166	
170	
171	
175	
176	
176	
179	
179	
180	
184	
184	
187	
189	
191	
194	
195	
198	
200	
202	
203	
205	
207	
208	
209	
212	
214	
214	
217	
217	
218	
221	
223	
223	
225	
227	
229	
231	
233	
235	
235	
237	
238	
240	
241	
243	
532	
536	
539	
542	
545	
552	
555	
556	
561	
566	
570	
574	
579	
581	
584	
590	
594	
597	
603	
606	
610	
612	
616	
621	
627	
631	
636	
640	
642	
646	
648	
650	
656	
661	
667	
669	
672	
675	
679	
681	
685	
687	
692	
694	
697	
700	
702	
708	
710	
713	
715	
717	
719	
722	
724	
730	
731	
733	
735	
738	
744	
745	
746	
748	
748	
752	
756	
757	
757	
758	
761	
762	
764	
765	
767	
767	
767	
768	
770	
772	
774	
775	
777	
778	
783	
783	
783	
783	
784	
785	
785	
785	
787	
788	
788	
788	
790	
791	
793	
795	
3297	
3301	
3302	
3306	
3310	
3312	
3317	
3320	
3324	
3330	
3332	
3342	
3344	
3348	
3352	
3353	
3356	
3358	
3364	
3368	
3373	
3375	
3379	
3384	
3388	
3393	
3397	
3400	
3405	
3408	
3411	
3416	
3418	
3420	
3424	
3427	
3430	
3436	
3441	
3445	
3449	
3452	
3457	
3458	
3459	
3460	
3464	
3467	
3472	
3473	
3476	
3478	
3480	
3482	
3485	
3487	
3489	
3491	
3493	
3496	
3497	
3499	
3501	
3503	
3505	
3506	
3509	
3512	
3515	
3516	
3522	
3523	
3523	
3525	
3525	
3529	
3531	
3536	
3539	
3541	
3541	
3542	
3542	
3543	
3546	
3548	
3549	
3549	
3550	
3553	
3554	
3556	
3556	
3558	
3562	
3563	
3565	
3569	
3572	
3575	
3047	
3047	
3048	
3052	
3054	
3056	
3058	
3058	
3059	
3060	
3064	
3066	
3068	
3068	
3069	
3070	
3070	
3071	
3071	
3071	
3075	
3078	
3080	
3081	
3082	
3085	
3087	
3090	
3090	
3092	
3093	
3095	
3096	
3101	
3103	
3103	
3105	
3108	
3110	
3111	
3112	
3115	
3117	
3119	
3121	
3123	
3126	
3128	
3129	
3129	
3129	
3131	
3131	
3133	
3135	
3135	
3138	
3138	
3140	
3142	
3143	
3145	
3145	
3148	
3150	
3151	
3155	
3155	
3155	
3156	
3156	
3159	
3160	
3163	
3165	
3167	
3169	
3171	
3171	
3173	
3175	
3177	
3177	
3179	
3181	
3181	
3183	
3184	
3187	
3190	
3193	
3196	
3199	
3200	
3202	
3202	
3202	
3202	
3203	
3203	
