n_interc	
0	
0	
0	
0	
0	
0	
0	
0	
0	
0	
0	
0	
0	
0	
0	
0	
0	
0	
0	
0	
0	
0	
0	
0	
0	
0	
0	
0	
0	
0	
0	
0	
0	
0	
0	
0	
0	
0	
0	
0	
0	
0	
0	
0	
0	
0	
0	
0	
0	
0	
0	
0	
0	
0	
0	
0	
0	
0	
0	
0	
0	
0	
0	
0	
0	
0	
0	
1	
1	
1	
2	
2	
2	
2	
2	
2	
2	
3	
3	
3	
3	
3	
4	
4	
4	
4	
4	
4	
5	
5	
5	
5	
7	
7	
7	
7	
7	
7	
7	
7	
69	
72	
73	
75	
77	
80	
82	
83	
84	
87	
90	
91	
92	
93	
94	
96	
97	
100	
100	
102	
104	
106	
107	
108	
109	
111	
114	
115	
116	
117	
119	
120	
124	
125	
127	
130	
132	
133	
135	
136	
138	
140	
141	
143	
146	
149	
151	
152	
154	
155	
158	
159	
159	
160	
163	
165	
168	
169	
169	
172	
174	
174	
176	
178	
182	
183	
184	
186	
188	
188	
190	
192	
194	
196	
199	
201	
201	
203	
203	
204	
207	
209	
210	
211	
212	
214	
216	
218	
219	
221	
223	
227	
229	
229	
231	
232	
234	
235	
236	
240	
525	
528	
533	
535	
539	
543	
547	
550	
555	
556	
559	
563	
566	
571	
575	
578	
582	
588	
592	
593	
595	
600	
604	
608	
611	
616	
619	
624	
629	
633	
636	
636	
641	
643	
648	
654	
656	
661	
666	
670	
673	
676	
680	
683	
684	
688	
694	
697	
701	
703	
707	
709	
711	
714	
717	
720	
722	
724	
729	
732	
734	
737	
739	
740	
742	
746	
748	
751	
752	
753	
755	
756	
758	
760	
761	
763	
764	
767	
768	
770	
771	
773	
774	
777	
780	
783	
783	
784	
786	
786	
788	
788	
789	
789	
789	
793	
794	
794	
795	
797	
3307	
3315	
3319	
3322	
3324	
3325	
3330	
3332	
3335	
3339	
3342	
3343	
3348	
3352	
3359	
3362	
3366	
3369	
3371	
3375	
3381	
3383	
3386	
3389	
3392	
3394	
3397	
3402	
3407	
3413	
3418	
3423	
3426	
3429	
3435	
3440	
3444	
3447	
3448	
3450	
3452	
3454	
3457	
3460	
3466	
3469	
3472	
3474	
3480	
3481	
3483	
3484	
3488	
3492	
3494	
3497	
3498	
3502	
3506	
3509	
3514	
3516	
3516	
3521	
3521	
3527	
3528	
3531	
3534	
3535	
3537	
3540	
3540	
3545	
3547	
3550	
3551	
3554	
3554	
3556	
3558	
3559	
3562	
3563	
3569	
3569	
3571	
3573	
3576	
3579	
3580	
3582	
3583	
3586	
3590	
3594	
3597	
3597	
3597	
3597	
3065	
3069	
3071	
3072	
3073	
3076	
3077	
3078	
3082	
3082	
3083	
3084	
3085	
3086	
3086	
3087	
3087	
3088	
3089	
3089	
3091	
3094	
3096	
3099	
3099	
3101	
3102	
3104	
3106	
3106	
3108	
3110	
3111	
3113	
3115	
3115	
3116	
3117	
3118	
3123	
3126	
3128	
3130	
3133	
3134	
3135	
3136	
3137	
3139	
3141	
3143	
3143	
3145	
3145	
3145	
3146	
3148	
3149	
3151	
3153	
3154	
3156	
3158	
3159	
3159	
3163	
3165	
3167	
3169	
3169	
3172	
3176	
3177	
3177	
3180	
3181	
3184	
3187	
3188	
3190	
3190	
3192	
3195	
3198	
3199	
3200	
3203	
3204	
3205	
3206	
3209	
3212	
3213	
3213	
3213	
3214	
3216	
3219	
3220	
3222	
