n_interc	
0	
0	
0	
0	
0	
0	
0	
0	
0	
0	
0	
0	
0	
0	
0	
0	
0	
0	
0	
0	
0	
0	
0	
0	
0	
0	
0	
0	
0	
0	
0	
0	
0	
0	
0	
0	
0	
0	
0	
0	
0	
0	
0	
0	
0	
0	
0	
0	
0	
0	
0	
0	
0	
0	
0	
0	
0	
0	
0	
0	
1	
1	
1	
1	
1	
1	
1	
1	
1	
1	
1	
1	
1	
1	
1	
1	
1	
2	
2	
2	
2	
2	
2	
2	
3	
3	
4	
5	
5	
5	
5	
5	
5	
5	
5	
6	
6	
6	
6	
6	
57	
58	
61	
62	
65	
67	
68	
69	
71	
73	
74	
76	
77	
79	
80	
81	
84	
85	
86	
88	
90	
92	
95	
97	
99	
102	
103	
103	
104	
105	
106	
110	
112	
114	
115	
117	
119	
120	
122	
123	
125	
127	
129	
130	
131	
134	
137	
138	
140	
142	
144	
145	
149	
151	
152	
153	
155	
158	
160	
161	
163	
164	
165	
167	
170	
172	
176	
178	
179	
180	
182	
183	
186	
187	
190	
193	
194	
195	
197	
198	
199	
201	
202	
203	
204	
206	
209	
211	
213	
215	
217	
219	
221	
222	
223	
227	
228	
229	
230	
232	
509	
514	
518	
523	
525	
531	
536	
538	
542	
545	
548	
553	
555	
559	
565	
567	
570	
575	
579	
583	
586	
590	
595	
599	
603	
607	
609	
613	
620	
623	
625	
629	
633	
637	
641	
645	
648	
652	
656	
660	
663	
666	
670	
672	
675	
677	
680	
684	
688	
694	
697	
700	
701	
704	
707	
713	
714	
716	
720	
722	
724	
727	
729	
732	
735	
736	
738	
739	
743	
744	
746	
748	
749	
751	
753	
755	
757	
760	
761	
762	
765	
766	
767	
768	
771	
772	
772	
774	
775	
777	
777	
778	
779	
780	
782	
783	
783	
784	
785	
786	
3267	
3270	
3275	
3277	
3280	
3282	
3286	
3289	
3290	
3296	
3302	
3305	
3308	
3310	
3316	
3320	
3322	
3325	
3328	
3330	
3333	
3337	
3340	
3343	
3345	
3350	
3352	
3356	
3359	
3361	
3366	
3369	
3375	
3377	
3381	
3385	
3389	
3392	
3395	
3398	
3401	
3403	
3404	
3407	
3412	
3417	
3420	
3421	
3422	
3424	
3428	
3433	
3438	
3449	
3452	
3456	
3457	
3464	
3467	
3468	
3471	
3474	
3478	
3482	
3484	
3485	
3490	
3495	
3497	
3497	
3498	
3502	
3506	
3506	
3507	
3511	
3514	
3517	
3517	
3520	
3523	
3523	
3527	
3530	
3532	
3536	
3541	
3545	
3546	
3549	
3552	
3554	
3555	
3557	
3558	
3560	
3560	
3561	
3563	
3564	
3036	
3036	
3036	
3039	
3040	
3042	
3043	
3044	
3047	
3047	
3047	
3048	
3050	
3051	
3053	
3056	
3056	
3058	
3059	
3060	
3062	
3066	
3068	
3068	
3070	
3072	
3073	
3074	
3075	
3075	
3077	
3078	
3080	
3084	
3085	
3087	
3088	
3088	
3091	
3093	
3094	
3098	
3100	
3104	
3104	
3105	
3106	
3109	
3112	
3113	
3114	
3115	
3117	
3118	
3118	
3118	
3121	
3123	
3125	
3126	
3127	
3127	
3129	
3130	
3132	
3135	
3137	
3138	
3140	
3141	
3142	
3145	
3147	
3150	
3150	
3152	
3153	
3155	
3156	
3159	
3159	
3163	
3165	
3165	
3166	
3168	
3169	
3170	
3170	
3174	
3176	
3177	
3178	
3179	
3180	
3181	
3182	
3184	
3188	
3189	
