n_interc	
0	
0	
0	
0	
0	
0	
0	
0	
0	
0	
0	
0	
0	
0	
0	
0	
0	
0	
0	
0	
0	
0	
0	
0	
0	
0	
0	
0	
0	
0	
0	
0	
0	
0	
0	
0	
0	
0	
0	
0	
0	
0	
0	
0	
0	
0	
0	
0	
0	
0	
0	
0	
0	
0	
0	
0	
0	
0	
0	
1	
1	
1	
1	
1	
1	
1	
1	
1	
1	
1	
1	
1	
1	
2	
2	
3	
3	
3	
3	
3	
3	
3	
3	
3	
3	
4	
4	
4	
4	
4	
4	
4	
5	
6	
6	
7	
7	
7	
7	
8	
65	
68	
69	
71	
73	
75	
76	
79	
80	
82	
83	
85	
87	
87	
91	
93	
94	
96	
97	
101	
103	
104	
105	
106	
109	
111	
113	
114	
116	
117	
119	
121	
123	
124	
127	
129	
132	
134	
135	
137	
139	
141	
143	
145	
147	
149	
150	
153	
155	
156	
159	
159	
161	
163	
164	
167	
169	
171	
173	
175	
176	
177	
179	
181	
183	
185	
187	
188	
191	
192	
194	
195	
196	
199	
200	
202	
203	
204	
207	
209	
211	
212	
214	
215	
217	
219	
221	
222	
224	
227	
229	
231	
232	
234	
236	
238	
240	
242	
243	
245	
535	
539	
542	
545	
550	
552	
556	
560	
566	
571	
576	
581	
583	
587	
591	
595	
599	
603	
608	
612	
615	
618	
623	
627	
632	
635	
640	
644	
648	
654	
657	
662	
664	
668	
672	
677	
681	
683	
686	
690	
693	
697	
702	
706	
710	
713	
716	
720	
723	
726	
729	
731	
733	
735	
738	
740	
743	
747	
748	
752	
754	
756	
759	
762	
764	
766	
767	
769	
770	
773	
775	
776	
777	
780	
783	
784	
787	
788	
789	
791	
791	
793	
794	
796	
797	
798	
800	
801	
801	
803	
803	
805	
806	
807	
808	
809	
810	
812	
812	
813	
3378	
3379	
3386	
3393	
3400	
3406	
3412	
3416	
3417	
3421	
3424	
3430	
3434	
3438	
3440	
3445	
3447	
3450	
3452	
3454	
3456	
3458	
3464	
3467	
3470	
3472	
3475	
3478	
3480	
3482	
3485	
3489	
3495	
3499	
3502	
3506	
3508	
3513	
3518	
3523	
3525	
3531	
3531	
3533	
3536	
3541	
3545	
3547	
3550	
3553	
3562	
3563	
3566	
3568	
3572	
3576	
3579	
3581	
3584	
3585	
3589	
3592	
3597	
3600	
3604	
3606	
3608	
3612	
3614	
3617	
3619	
3622	
3625	
3628	
3632	
3634	
3635	
3636	
3639	
3642	
3645	
3650	
3651	
3652	
3653	
3654	
3655	
3658	
3662	
3664	
3666	
3666	
3668	
3670	
3674	
3676	
3678	
3680	
3682	
3685	
3138	
3138	
3140	
3143	
3146	
3147	
3148	
3152	
3154	
3155	
3157	
3160	
3160	
3161	
3163	
3163	
3167	
3168	
3170	
3170	
3172	
3172	
3177	
3178	
3180	
3183	
3184	
3186	
3190	
3191	
3191	
3193	
3194	
3198	
3199	
3200	
3202	
3204	
3205	
3206	
3207	
3208	
3210	
3211	
3212	
3215	
3215	
3215	
3216	
3217	
3217	
3219	
3219	
3222	
3223	
3224	
3227	
3230	
3231	
3232	
3233	
3236	
3237	
3239	
3241	
3241	
3243	
3246	
3246	
3247	
3249	
3249	
3252	
3253	
3257	
3258	
3259	
3260	
3260	
3261	
3262	
3264	
3267	
3267	
3268	
3270	
3271	
3273	
3275	
3275	
3276	
3278	
3279	
3280	
3281	
3282	
3283	
3284	
3287	
3287	
