n_interc	
0	
0	
0	
0	
0	
0	
0	
0	
0	
0	
0	
0	
0	
0	
0	
0	
0	
0	
0	
0	
0	
0	
0	
0	
0	
0	
0	
0	
0	
0	
0	
0	
0	
0	
0	
0	
0	
0	
0	
0	
0	
0	
0	
0	
0	
0	
0	
0	
0	
0	
0	
0	
0	
0	
0	
0	
0	
0	
0	
0	
0	
0	
0	
0	
0	
0	
1	
1	
1	
1	
1	
1	
1	
1	
1	
1	
1	
1	
1	
2	
3	
3	
3	
3	
3	
3	
3	
4	
4	
4	
4	
5	
5	
5	
5	
5	
5	
5	
6	
6	
48	
50	
51	
52	
53	
54	
57	
58	
58	
60	
60	
64	
65	
66	
69	
72	
73	
73	
75	
77	
78	
79	
81	
82	
85	
86	
89	
90	
91	
92	
93	
96	
98	
100	
101	
103	
104	
106	
109	
110	
111	
113	
115	
117	
119	
121	
123	
123	
127	
128	
129	
132	
134	
137	
137	
140	
140	
142	
144	
145	
148	
149	
151	
153	
154	
157	
159	
162	
163	
164	
165	
166	
168	
172	
172	
174	
176	
179	
182	
183	
185	
187	
188	
189	
192	
194	
195	
196	
199	
200	
201	
203	
204	
206	
208	
210	
212	
214	
215	
216	
478	
479	
483	
488	
491	
495	
498	
503	
507	
512	
516	
519	
522	
526	
529	
534	
540	
543	
549	
551	
555	
560	
566	
568	
573	
576	
581	
585	
588	
593	
597	
600	
603	
606	
610	
612	
615	
619	
623	
626	
630	
635	
640	
644	
648	
653	
657	
659	
663	
667	
671	
675	
678	
682	
684	
688	
691	
694	
696	
700	
705	
708	
709	
712	
712	
715	
716	
719	
721	
726	
727	
730	
732	
734	
735	
739	
740	
742	
745	
746	
748	
749	
750	
753	
753	
755	
757	
758	
759	
761	
763	
765	
765	
767	
768	
769	
770	
771	
771	
773	
3209	
3212	
3221	
3225	
3230	
3236	
3241	
3245	
3247	
3251	
3258	
3263	
3269	
3274	
3280	
3283	
3285	
3293	
3297	
3308	
3310	
3315	
3317	
3321	
3325	
3327	
3333	
3338	
3342	
3344	
3347	
3348	
3350	
3355	
3356	
3357	
3364	
3367	
3371	
3377	
3380	
3384	
3387	
3390	
3393	
3394	
3399	
3400	
3404	
3409	
3412	
3417	
3422	
3425	
3428	
3431	
3433	
3436	
3440	
3442	
3445	
3450	
3450	
3451	
3456	
3457	
3459	
3464	
3469	
3471	
3476	
3479	
3485	
3486	
3486	
3486	
3487	
3491	
3493	
3494	
3497	
3500	
3502	
3505	
3508	
3509	
3509	
3511	
3513	
3517	
3519	
3523	
3526	
3529	
3533	
3536	
3536	
3538	
3539	
3541	
3016	
3017	
3021	
3021	
3023	
3025	
3027	
3028	
3029	
3030	
3033	
3034	
3037	
3038	
3040	
3042	
3043	
3044	
3046	
3047	
3050	
3053	
3053	
3054	
3054	
3057	
3059	
3061	
3061	
3062	
3066	
3069	
3070	
3072	
3072	
3072	
3073	
3076	
3078	
3080	
3081	
3084	
3085	
3088	
3090	
3090	
3091	
3092	
3093	
3095	
3098	
3101	
3101	
3103	
3105	
3105	
3108	
3111	
3113	
3113	
3114	
3115	
3119	
3121	
3124	
3124	
3125	
3129	
3129	
3132	
3135	
3135	
3135	
3136	
3138	
3140	
3143	
3143	
3147	
3149	
3153	
3156	
3157	
3158	
3161	
3162	
3162	
3165	
3166	
3167	
3169	
3170	
3170	
3171	
3172	
3172	
3172	
3174	
3178	
3179	
