n_interc	
0	
0	
0	
0	
0	
0	
0	
0	
0	
0	
0	
0	
0	
0	
0	
0	
0	
0	
0	
0	
0	
0	
0	
0	
0	
0	
0	
0	
0	
0	
0	
0	
0	
0	
0	
0	
0	
0	
0	
0	
0	
0	
0	
0	
0	
0	
0	
0	
0	
0	
0	
0	
0	
0	
0	
0	
0	
0	
0	
0	
0	
0	
0	
0	
1	
1	
1	
1	
1	
2	
2	
2	
2	
2	
2	
2	
2	
2	
2	
2	
2	
2	
2	
3	
3	
3	
4	
4	
5	
6	
6	
6	
6	
7	
7	
7	
7	
7	
7	
8	
77	
77	
79	
81	
82	
84	
85	
87	
88	
89	
90	
91	
93	
96	
99	
99	
103	
103	
104	
107	
109	
111	
112	
114	
115	
118	
119	
119	
121	
121	
123	
127	
130	
132	
133	
135	
136	
138	
138	
140	
141	
143	
145	
148	
149	
149	
150	
154	
155	
156	
159	
159	
164	
166	
166	
168	
170	
172	
173	
176	
176	
179	
179	
180	
181	
185	
187	
189	
192	
192	
193	
195	
199	
202	
203	
205	
206	
208	
211	
211	
213	
214	
215	
218	
219	
221	
222	
224	
228	
228	
229	
233	
234	
235	
235	
237	
237	
241	
241	
243	
538	
540	
544	
548	
553	
557	
562	
565	
570	
572	
580	
581	
583	
589	
595	
597	
601	
607	
608	
612	
615	
617	
623	
625	
630	
633	
636	
640	
643	
647	
650	
653	
657	
659	
662	
666	
668	
673	
675	
676	
680	
682	
684	
686	
690	
692	
696	
699	
705	
707	
711	
715	
717	
718	
720	
726	
729	
730	
734	
735	
736	
738	
740	
743	
744	
744	
748	
749	
751	
753	
754	
756	
758	
760	
761	
761	
761	
763	
764	
767	
768	
768	
770	
772	
774	
776	
776	
778	
778	
780	
780	
781	
783	
783	
785	
787	
788	
789	
790	
791	
3283	
3289	
3292	
3297	
3305	
3309	
3315	
3317	
3319	
3322	
3330	
3332	
3335	
3338	
3344	
3351	
3354	
3354	
3359	
3361	
3366	
3370	
3374	
3382	
3386	
3389	
3393	
3395	
3398	
3402	
3404	
3406	
3407	
3410	
3414	
3417	
3422	
3426	
3436	
3439	
3442	
3444	
3446	
3449	
3457	
3464	
3471	
3473	
3473	
3474	
3477	
3479	
3483	
3486	
3492	
3494	
3499	
3502	
3503	
3505	
3510	
3512	
3515	
3517	
3521	
3523	
3526	
3529	
3533	
3534	
3535	
3537	
3539	
3539	
3541	
3545	
3550	
3556	
3557	
3560	
3561	
3562	
3565	
3567	
3570	
3571	
3574	
3575	
3576	
3578	
3583	
3585	
3587	
3590	
3591	
3595	
3595	
3596	
3598	
3601	
3067	
3070	
3074	
3076	
3079	
3080	
3082	
3083	
3085	
3086	
3087	
3089	
3091	
3092	
3093	
3098	
3101	
3105	
3106	
3107	
3111	
3112	
3113	
3114	
3115	
3116	
3118	
3118	
3119	
3121	
3121	
3122	
3122	
3125	
3125	
3125	
3126	
3127	
3129	
3131	
3132	
3136	
3137	
3140	
3141	
3143	
3146	
3149	
3149	
3150	
3151	
3154	
3161	
3162	
3163	
3165	
3168	
3169	
3171	
3175	
3177	
3178	
3181	
3181	
3183	
3184	
3185	
3187	
3190	
3192	
3192	
3193	
3196	
3196	
3196	
3198	
3200	
3203	
3204	
3206	
3208	
3209	
3210	
3211	
3213	
3213	
3215	
3216	
3218	
3219	
3221	
3222	
3223	
3226	
3227	
3227	
3228	
3228	
3230	
3231	
