n_interc	
0	
0	
0	
0	
0	
0	
0	
0	
0	
0	
0	
0	
0	
0	
0	
0	
0	
0	
0	
0	
0	
0	
0	
0	
0	
0	
0	
0	
0	
0	
0	
0	
0	
0	
0	
0	
0	
0	
0	
0	
0	
0	
0	
0	
0	
0	
0	
0	
0	
0	
0	
0	
0	
0	
0	
0	
0	
0	
0	
0	
0	
0	
0	
0	
0	
0	
0	
1	
1	
1	
1	
1	
1	
1	
2	
3	
3	
3	
3	
3	
3	
3	
4	
4	
4	
4	
4	
4	
5	
5	
5	
5	
5	
6	
6	
7	
7	
8	
8	
9	
69	
71	
72	
75	
75	
77	
79	
79	
82	
84	
85	
88	
92	
94	
95	
96	
98	
98	
100	
102	
103	
104	
106	
108	
111	
113	
115	
117	
119	
120	
120	
123	
124	
126	
129	
131	
131	
133	
137	
140	
142	
144	
146	
147	
149	
149	
151	
152	
153	
156	
156	
160	
162	
164	
165	
167	
169	
170	
172	
174	
175	
177	
178	
180	
183	
185	
187	
188	
191	
191	
193	
194	
195	
197	
198	
199	
203	
205	
206	
207	
209	
210	
212	
214	
217	
218	
219	
222	
223	
226	
229	
230	
231	
232	
234	
235	
236	
238	
241	
243	
528	
530	
533	
538	
543	
546	
551	
552	
558	
561	
566	
572	
574	
578	
582	
586	
589	
595	
599	
603	
606	
610	
617	
624	
625	
628	
631	
637	
642	
644	
649	
653	
656	
659	
661	
669	
671	
674	
680	
684	
689	
692	
696	
701	
703	
708	
711	
717	
719	
722	
725	
728	
732	
734	
735	
738	
742	
744	
746	
749	
751	
753	
755	
758	
760	
762	
764	
767	
770	
771	
772	
773	
774	
774	
774	
775	
776	
778	
779	
780	
781	
783	
783	
784	
786	
786	
787	
788	
789	
790	
790	
793	
793	
795	
795	
796	
797	
798	
799	
801	
3330	
3336	
3337	
3341	
3343	
3349	
3353	
3356	
3359	
3361	
3365	
3368	
3370	
3372	
3380	
3380	
3385	
3389	
3394	
3401	
3403	
3408	
3411	
3414	
3418	
3420	
3423	
3426	
3427	
3435	
3438	
3439	
3445	
3447	
3451	
3455	
3459	
3460	
3463	
3464	
3466	
3468	
3471	
3474	
3478	
3479	
3484	
3487	
3490	
3493	
3495	
3497	
3502	
3505	
3508	
3510	
3513	
3515	
3521	
3524	
3529	
3531	
3531	
3535	
3540	
3546	
3547	
3548	
3551	
3556	
3557	
3560	
3563	
3565	
3566	
3569	
3574	
3575	
3579	
3582	
3584	
3585	
3588	
3591	
3591	
3596	
3596	
3599	
3600	
3602	
3607	
3609	
3610	
3611	
3613	
3615	
3617	
3619	
3620	
3622	
3085	
3089	
3090	
3092	
3094	
3096	
3099	
3099	
3099	
3101	
3102	
3105	
3107	
3108	
3109	
3111	
3112	
3112	
3113	
3114	
3115	
3116	
3117	
3118	
3119	
3120	
3121	
3124	
3124	
3125	
3127	
3129	
3130	
3130	
3132	
3133	
3133	
3134	
3137	
3141	
3142	
3144	
3147	
3148	
3152	
3153	
3154	
3159	
3159	
3162	
3162	
3164	
3166	
3166	
3166	
3168	
3169	
3170	
3174	
3174	
3177	
3177	
3177	
3178	
3180	
3182	
3182	
3184	
3185	
3187	
3188	
3189	
3193	
3194	
3196	
3200	
3202	
3202	
3202	
3203	
3204	
3206	
3207	
3208	
3211	
3211	
3212	
3213	
3215	
3215	
3218	
3218	
3218	
3218	
3221	
3222	
3222	
3224	
3226	
3229	
