n_interc	
0	
0	
0	
0	
0	
0	
0	
0	
0	
0	
0	
0	
0	
0	
0	
0	
0	
0	
0	
0	
0	
0	
0	
0	
0	
0	
0	
0	
0	
0	
0	
0	
0	
0	
0	
0	
0	
0	
0	
0	
0	
0	
0	
0	
0	
0	
0	
0	
0	
0	
0	
1	
1	
1	
1	
1	
1	
1	
1	
1	
1	
1	
1	
1	
1	
1	
1	
1	
1	
2	
2	
3	
3	
3	
3	
3	
3	
3	
3	
3	
3	
3	
3	
3	
3	
4	
4	
4	
4	
4	
4	
4	
4	
4	
4	
4	
5	
5	
5	
5	
70	
72	
74	
76	
77	
78	
79	
81	
82	
85	
86	
88	
90	
91	
95	
96	
98	
100	
103	
105	
106	
107	
111	
113	
113	
114	
115	
117	
121	
122	
125	
125	
126	
128	
130	
132	
133	
135	
138	
139	
141	
143	
145	
146	
149	
150	
151	
153	
155	
157	
159	
160	
163	
164	
166	
170	
171	
174	
176	
177	
180	
181	
182	
185	
188	
189	
191	
192	
194	
196	
197	
198	
199	
201	
203	
204	
207	
209	
211	
214	
215	
217	
218	
220	
222	
224	
226	
227	
229	
231	
233	
235	
237	
237	
240	
241	
243	
245	
246	
247	
539	
543	
548	
554	
557	
564	
568	
571	
575	
577	
583	
586	
589	
592	
594	
598	
604	
605	
609	
611	
614	
617	
621	
625	
629	
634	
639	
642	
644	
648	
652	
654	
656	
661	
667	
671	
673	
677	
680	
684	
687	
690	
695	
698	
700	
702	
706	
708	
710	
714	
718	
719	
719	
723	
726	
728	
730	
732	
735	
737	
743	
744	
747	
749	
750	
753	
754	
755	
756	
758	
759	
761	
763	
763	
764	
765	
767	
769	
770	
772	
774	
775	
777	
779	
779	
782	
783	
784	
785	
787	
787	
787	
788	
788	
790	
793	
793	
794	
794	
796	
3302	
3305	
3309	
3313	
3319	
3322	
3326	
3330	
3335	
3336	
3341	
3342	
3346	
3352	
3356	
3359	
3367	
3371	
3378	
3382	
3386	
3393	
3399	
3403	
3408	
3411	
3417	
3422	
3427	
3427	
3431	
3438	
3442	
3444	
3449	
3450	
3453	
3459	
3460	
3463	
3468	
3471	
3472	
3478	
3481	
3485	
3486	
3489	
3495	
3496	
3502	
3504	
3508	
3508	
3512	
3517	
3519	
3519	
3525	
3527	
3531	
3536	
3538	
3542	
3545	
3546	
3551	
3554	
3559	
3559	
3565	
3569	
3570	
3574	
3578	
3582	
3582	
3583	
3583	
3587	
3588	
3592	
3596	
3599	
3600	
3600	
3602	
3602	
3602	
3605	
3608	
3613	
3615	
3615	
3616	
3617	
3622	
3624	
3625	
3627	
3089	
3090	
3090	
3094	
3094	
3095	
3098	
3101	
3102	
3103	
3106	
3107	
3109	
3112	
3113	
3115	
3116	
3117	
3118	
3121	
3124	
3125	
3128	
3131	
3131	
3132	
3134	
3136	
3138	
3140	
3141	
3142	
3142	
3145	
3145	
3148	
3149	
3149	
3150	
3152	
3154	
3155	
3157	
3160	
3162	
3163	
3163	
3165	
3165	
3166	
3167	
3167	
3170	
3172	
3173	
3174	
3174	
3176	
3178	
3180	
3180	
3182	
3182	
3184	
3184	
3187	
3188	
3190	
3190	
3190	
3193	
3194	
3195	
3199	
3199	
3202	
3204	
3204	
3205	
3206	
3209	
3210	
3212	
3212	
3213	
3214	
3215	
3217	
3217	
3219	
3219	
3221	
3224	
3225	
3227	
3229	
3232	
3232	
3235	
3236	
