id	type	l1	l2	friction	risk	count	acc	
1	FAST	1	2	0.02151630826214646	0.0	0	72.07220582742072	
2	FAST	1	3	0.027987052819351734	0.0	0	53.323494909403585	
3	FAST	1	4	0.07302656972007415	0.0	0	18.440161382399	
4	FAST	1	5	0.10800269310982086	0.0	0	12.845300817555923	
5	FAST	1	6	0.2005826597473596	0.0	1	6.6359208342989975	
6	FAST	1	7	0.05791240055316788	0.0	0	33.066235018500045	
7	FAST	1	8	0.06855335822514483	0.0	0	22.079041873738372	
8	FAST	1	68	0.36490858423453987	0.048	1	8.12599433965541	
9	FAST	1	69	0.40115801759656244	0.048	0	5.827282240707178	
10	FAST	1	70	0.423550267947518	0.048	0	4.393714393883703	
11	FAST	1	71	0.44235053412726005	0.048	0	3.9541649139619937	
12	FAST	1	72	0.28733633203502157	0.0	0	6.711690557289432	
13	FAST	1	73	0.1906077266698771	0.0	0	21.519845328210593	
14	FAST	1	74	0.20210142113627694	0.0	0	11.07721080055665	
15	FAST	1	75	0.2630703980821981	0.0	0	10.659290580931927	
16	FAST	1	76	0.3008008736105855	0.0	0	7.903140578462094	
17	FAST	1	77	0.3450902934942693	0.0	0	4.993815057051758	
18	FAST	1	78	0.36284036573475764	0.0	0	4.4256315121369525	
19	FAST	2	3	0.007516752227496343	0.0	0	214.47651718863085	
20	FAST	2	4	0.05255626523813813	0.0	0	28.747273249310577	
21	FAST	2	5	0.08753238084772358	0.0	0	16.60460948118022	
22	FAST	2	6	0.18130277439888826	0.0	1	7.063194148947591	
23	FAST	2	7	0.06458409111532147	0.0	0	26.125942849227876	
24	FAST	2	8	0.04808305763328943	0.0	0	32.70322096537565	
25	FAST	2	23	0.24993272053144797	0.0	1817	3.2336255572103476	
26	FAST	2	68	0.36470401260312413	0.048	27	8.430348599966617	
27	FAST	2	69	0.391780317504476	0.048	31	5.999617416739326	
28	FAST	2	70	0.4257275325971185	0.048	0	4.410798130474411	
29	FAST	2	71	0.43263050137245695	0.048	1754	2.158816587703823	
30	FAST	2	72	0.3002858035948819	0.0	0	5.817983372461094	
31	FAST	2	73	0.2035572098999793	0.0	0	15.334560900457447	
32	FAST	2	74	0.21505090436637914	0.0	0	9.214206403090511	
33	FAST	2	75	0.2760198696420584	0.0	0	8.710773245869524	
34	FAST	2	76	0.3137503451704458	0.0	0	7.141836178366939	
35	FAST	2	77	0.3580397650541296	0.0	0	5.218931933691319	
36	FAST	3	4	0.04596140765847902	0.0	0	33.1034940314991	
37	FAST	3	5	0.08093752715814509	0.0	0	17.067396649303724	
38	FAST	3	6	0.18231210638901338	0.0	0	7.291419484483098	
39	FAST	3	7	0.06852057262560743	0.0	0	22.56300931446671	
40	FAST	3	8	0.04148820394371095	0.0	0	36.65313034367387	
41	FAST	3	23	0.253869190371492	0.0	33	5.236839913529875	
42	FAST	3	68	0.3624783762095865	0.048	8	8.027686321778013	
43	FAST	3	69	0.3866275625916361	0.048	2	5.89722207087281	
44	FAST	3	70	0.424054534998753	0.048	0	4.559831669656858	
45	FAST	3	71	0.42731742112785376	0.048	23	3.9764703883861343	
46	FAST	3	72	0.30422229677540974	0.0	0	5.863338365046189	
47	FAST	3	73	0.20749369141026527	0.0	0	14.677277821012463	
48	FAST	3	74	0.2189873742064232	0.0	0	8.693378579092501	
49	FAST	3	75	0.27995636282258624	0.0	0	8.822916657718597	
50	FAST	3	76	0.3176868383509737	0.0	0	7.051425445335299	
51	FAST	3	77	0.36197625823465746	0.0	0	5.388477563802227	
52	FAST	4	5	0.03612179881582182	0.0	0	41.64699322994655	
53	FAST	4	6	0.131309053093839	0.0	0	11.627684399723012	
54	FAST	4	7	0.11268187659387058	0.0	0	15.274346523741158	
55	FAST	4	8	0.007503043583361338	0.0	0	290.7530088600432	
56	FAST	4	9	0.19906910328632327	0.0	1	5.9358968561445735	
57	FAST	4	23	0.20219244902298494	0.0	1	6.517336566230955	
58	FAST	4	24	0.1883962275027891	0.0	3	6.308423858111014	
59	FAST	4	68	0.38518730849483807	0.048	3	6.139517160568472	
60	FAST	4	69	0.38862564188147486	0.048	0	6.243843815647962	
61	FAST	4	71	0.42626530464684514	0.048	2	4.816628238905086	
62	FAST	4	73	0.25165497981820595	0.0	0	8.716702002089397	
63	FAST	4	74	0.26314868595484764	0.0	0	6.118607733925245	
64	FAST	4	75	0.32411765123052694	0.0	0	6.025590397700183	
65	FAST	4	76	0.36184812675891437	0.0	0	5.517015070539884	
66	FAST	5	6	0.09695465406038882	0.0	0	17.18501304420241	
67	FAST	5	7	0.1480079633072034	0.0	0	10.390295316666533	
68	FAST	5	8	0.04282913807685543	0.0	0	34.10680710599375	
69	FAST	5	9	0.1647147042528731	0.0	6	7.913025944238192	
70	FAST	5	10	0.20580158024837855	0.0	30	5.568737995027257	
71	FAST	5	11	0.315176425388388	0.0	8	5.008821765775705	
72	FAST	5	23	0.1678380499895348	0.0	9	7.180325272763959	
73	FAST	5	24	0.1540418323594195	0.0	38	7.6682206921473774	
74	FAST	5	25	0.21818540685428356	0.0	147	5.145903425473838	
75	FAST	5	68	0.41072317596004826	0.048	23	5.217477143134536	
76	FAST	5	69	0.4016265693558544	0.048	18	5.139412998168017	
77	FAST	5	71	0.4354848530175842	0.048	195	3.990467109732292	
78	FAST	5	73	0.2869810937621032	0.0	0	6.505271486749706	
79	FAST	5	74	0.2984747765582611	0.0	0	4.34009005021666	
80	FAST	5	75	0.3594437418339404	0.0	0	4.670418258525461	
81	FAST	6	7	0.22348282140222536	0.0	0	6.187015745663483	
82	FAST	6	8	0.1367366608602571	0.0	0	10.0673626538512	
83	FAST	6	9	0.07023925303818712	0.0	0	20.47476820840263	
84	FAST	6	10	0.11132612125353132	0.0	0	11.774588669450095	
85	FAST	6	11	0.2207009547232989	0.0	0	8.018168798253596	
86	FAST	6	12	0.25762382228263525	0.0	0	5.979659840427597	
87	FAST	6	23	0.1142018866986697	0.0	0	12.508870300461535	
88	FAST	6	24	0.1001154807239066	0.0	0	14.253648518183708	
89	FAST	6	25	0.16454923189317652	0.0	2	9.777155413043623	
90	FAST	6	26	0.15947391760864105	0.0	0	8.649486907340995	
91	FAST	7	8	0.10798518774699241	0.0	0	14.590590648520392	
92	FAST	7	23	0.2485729428477388	0.0	7	5.517316001124288	
93	FAST	7	24	0.2631165461086946	0.0	942	4.260745178363817	
94	FAST	7	68	0.40415430617655823	0.048	885	4.0595532171656785	
95	FAST	7	69	0.4403988038214797	0.048	63	4.2797686029547615	
96	FAST	7	72	0.25068690991330783	0.0	0	5.538783632915942	
97	FAST	7	73	0.15395831621840525	0.0	0	14.807180615262446	
98	FAST	7	74	0.16545201068480506	0.0	0	9.507939062950204	
99	FAST	7	75	0.22642097596048436	0.0	0	7.930332914881729	
100	FAST	7	76	0.26415145148887176	0.0	0	6.470454761438567	
101	FAST	8	9	0.20593583471103105	0.0	16	6.095072035124627	
102	FAST	8	23	0.20905918044769273	0.0	19	6.336571796312798	
103	FAST	8	24	0.19526296281757746	0.0	41	6.583785661116331	
104	FAST	8	68	0.381788758681206	0.048	17	6.34505701285288	
105	FAST	8	69	0.3874760334580042	0.048	21	6.465440623398415	
106	FAST	8	71	0.4256121061407696	0.048	38	4.280854226024968	
107	FAST	8	72	0.34401116178742613	0.0	0	4.512278078366007	
108	FAST	8	73	0.2472825797627654	0.0	0	8.972241128563837	
109	FAST	8	74	0.25877625866884274	0.0	0	6.506860944411191	
110	FAST	8	75	0.3197452278346027	0.0	0	6.231587973005843	
111	FAST	8	76	0.3574757033629901	0.0	0	5.59545384360541	
112	FAST	9	10	0.042910483552879006	0.0	0	35.49902204226968	
113	FAST	9	11	0.15228532869288847	0.0	0	13.186834112998065	
114	FAST	9	12	0.18920818458198294	0.0	0	9.180232159288114	
115	FAST	9	13	0.22995744825989792	0.0	0	6.8318912756669326	
116	FAST	9	14	0.25331769753086336	0.0	0	5.462500174031636	
117	FAST	9	15	0.24757465090643752	0.0	0	5.394154332241538	
118	FAST	9	23	0.17921559053844677	0.0	0	9.48334167669221	
119	FAST	9	24	0.16512918067360308	0.0	0	11.492997916156092	
120	FAST	9	25	0.17977600333395677	0.0	0	11.842560220121435	
121	FAST	9	26	0.09105827990798876	0.0	0	18.067464791615528	
122	FAST	9	27	0.17848346569391205	0.0	2	8.812290970089133	
123	FAST	9	29	0.1855811706559399	0.0	21	8.053058311472785	
124	FAST	10	11	0.10937484514000945	0.0	0	14.44673423184973	
125	FAST	10	12	0.1462977010291039	0.0	0	9.969703901595192	
126	FAST	10	13	0.18704696470701887	0.0	0	7.711785645893945	
127	FAST	10	14	0.21040721786806496	0.0	0	6.240070225319981	
128	FAST	10	15	0.2046641673535585	0.0	0	6.304753657575827	
129	FAST	10	16	0.20323672949747695	0.0	0	5.543575054119864	
130	FAST	10	23	0.213153638132304	0.0	0	7.509961601228256	
131	FAST	10	24	0.199016878953885	0.0	0	9.517379900951303	
132	FAST	10	25	0.13705416535107862	0.0	0	11.745830251050394	
133	FAST	10	26	0.04814779635510974	0.0	0	29.955819513709677	
134	FAST	10	27	0.1355729938112749	0.0	6	13.913916845468744	
135	FAST	10	29	0.14267068710306088	0.0	24	11.89836040996084	
136	FAST	11	12	0.0364924262477068	0.0	1	42.48327728466958	
137	FAST	11	13	0.07678160230952209	0.0	0	18.82649142330164	
138	FAST	11	14	0.1121667443368769	0.0	0	12.269405887368416	
139	FAST	11	15	0.13120902745063714	0.0	0	10.923751814485804	
140	FAST	11	16	0.21670056307836655	0.0	0	7.8904271452461145	
141	FAST	11	24	0.31300570982660975	0.0	0	4.8399344175792205	
142	FAST	11	25	0.2510430001138839	0.0	0	5.272436885606336	
143	FAST	11	26	0.0629029032998397	0.0	0	21.619113389326667	
144	FAST	11	27	0.15032809297584365	0.0	0	7.897446352584275	
145	FAST	11	29	0.1574258018279521	0.0	7	7.426273617698941	
146	FAST	11	31	0.2612748846871239	0.0	0	5.130197456355934	
147	FAST	12	13	0.041186765485885346	0.0	0	38.35972948881724	
148	FAST	12	14	0.0765719114033208	0.0	0	18.378716354699975	
149	FAST	12	15	0.09561419451708102	0.0	0	16.9608106235387	
150	FAST	12	16	0.14372326122945295	0.0	0	10.161376995965712	
151	FAST	12	26	0.09403059326424705	0.0	0	16.39911121306451	
152	FAST	12	27	0.1814557907204122	0.0	1	6.911639285449151	
153	FAST	12	29	0.18855348401219818	0.0	0	7.101953049148416	
154	FAST	12	31	0.19481717124778766	0.0	0	7.054616164930782	
155	FAST	13	14	0.035643937421330284	0.0	0	42.72001740440087	
156	FAST	13	15	0.05468622442517113	0.0	0	27.954411393747744	
157	FAST	13	16	0.10279528335738179	0.0	0	13.62762511647376	
158	FAST	13	26	0.13496519205354798	0.0	0	11.06817112134741	
159	FAST	13	27	0.22239038950971318	0.0	0	6.622033811246328	
160	FAST	13	29	0.22948808669157972	0.0	0	6.256539560888408	
161	FAST	13	31	0.15388919337571655	0.0	0	8.844897564974948	
162	FAST	14	15	0.019130319528464904	0.0	0	80.12811370304432	
163	FAST	14	16	0.06723938624083681	0.0	0	23.150577106379526	
164	FAST	14	26	0.1630868027618412	0.0	0	9.296548031891929	
165	FAST	14	27	0.2503014029230186	0.0	0	5.831626674303177	
166	FAST	14	29	0.25739912344536897	0.0	0	6.119613351730444	
167	FAST	14	31	0.1183333001492522	0.0	0	11.870935708115312	
168	FAST	14	32	0.21194727355834295	0.0	0	5.832413948310499	
169	FAST	15	16	0.048585982817270716	0.0	0	34.143808644602196	
170	FAST	15	26	0.15747477794306555	0.0	0	8.867084267953143	
171	FAST	15	27	0.244689378104243	0.0	0	6.729212231849767	
172	FAST	15	29	0.25178707528610955	0.0	0	6.204826156737921	
173	FAST	15	31	0.09967989283560547	0.0	0	14.765867844020814	
174	FAST	15	32	0.1932938779149381	0.0	0	6.479679052262442	
175	FAST	16	26	0.15613073174541822	0.0	0	7.663947727485627	
176	FAST	16	27	0.24334533190659563	0.0	0	6.308600369636072	
177	FAST	16	29	0.250443052428946	0.0	0	6.225235026662179	
178	FAST	16	31	0.05291526521902438	0.0	0	28.73791607487509	
179	FAST	16	32	0.14652924640827636	0.0	0	9.273018698341426	
180	FAST	17	18	0.144492633596006	0.0	0	10.10640173803691	
181	FAST	17	19	0.20948451408345695	0.0	7	7.551536137310825	
182	FAST	17	20	0.22112509410431017	0.0	1	5.711474392424093	
183	FAST	17	21	0.2301959607734761	0.0	33	6.576718949334601	
184	FAST	18	19	0.06547912086633792	0.0	0	24.988294120429106	
185	FAST	18	20	0.07711971255743301	0.0	0	19.87144446306467	
186	FAST	18	21	0.08619056366627643	0.0	1	19.710782783540278	
187	FAST	18	22	0.11826343430116347	0.0	0	13.244154778749026	
188	FAST	18	23	0.2031332533527576	0.0	1	6.686159938953128	
189	FAST	18	24	0.21725088889480668	0.0	0	6.29344004361029	
190	FAST	19	20	0.0557718564567446	0.0	0	24.9384169830398	
191	FAST	19	21	0.020826386902350846	0.0	0	72.90934978937142	
192	FAST	19	22	0.052899253647157266	0.0	1	27.33706677608802	
193	FAST	19	23	0.18178540114214978	0.0	574	6.163356912851181	
194	FAST	19	24	0.19590302501395698	0.0	81	6.352698235350696	
195	FAST	19	25	0.25918542512951476	0.0	1	5.3609745537223175	
196	FAST	20	21	0.051960300995763854	0.0	2	28.236433021443478	
197	FAST	20	22	0.057609725049702395	0.0	0	29.143444666062386	
198	FAST	20	23	0.12831906321120456	0.0	1	12.274773959659033	
199	FAST	20	24	0.14243669875325368	0.0	2	10.03592283986026	
200	FAST	20	25	0.20571908719856957	0.0	0	8.407767264286177	
201	FAST	21	22	0.03241731782414188	0.0	6	47.91244031910867	
202	FAST	21	23	0.177942145414127	0.0	683	6.236910831972398	
203	FAST	21	24	0.1920597848462567	0.0	446	6.485024895596964	
204	FAST	21	25	0.25534216940149196	0.0	6	6.06850462131362	
205	FAST	22	23	0.18354915202889183	0.0	652	7.448123244821665	
206	FAST	22	24	0.19766678757094094	0.0	508	7.684823732198761	
207	FAST	22	25	0.2609491876864987	0.0	15	7.373540099880086	
208	FAST	23	24	0.014785710209034767	0.0	0	103.73910042203893	
209	FAST	23	25	0.07806810643451191	0.0	0	18.181658640503578	
210	FAST	23	26	0.26582657077857297	0.0	0	5.480180288467503	
211	FAST	24	25	0.06401010971857911	0.0	0	20.757381779651897	
212	FAST	24	26	0.25176857017255955	0.0	0	6.3925552055185095	
213	FAST	24	27	0.3391937559584829	0.0	3	4.894078447889767	
214	FAST	25	26	0.1896613206239994	0.0	0	8.54322357213837	
215	FAST	25	27	0.2770865064099227	0.0	0	7.076208927662373	
216	FAST	25	29	0.28418422304219243	0.0	0	7.207792334326685	
217	FAST	25	30	0.4521379951502652	0.0	127	4.275578777918342	
218	FAST	26	27	0.08793642018212716	0.0	0	15.298920336981086	
219	FAST	26	29	0.09503412125407436	0.0	0	14.258095409923463	
220	FAST	26	31	0.2001531209344359	0.0	0	6.031038274131687	
221	FAST	27	29	0.009295402123045745	0.0	0	166.8615379408605	
222	FAST	27	30	0.1772491897914411	0.0	12	7.327792829256255	
223	FAST	27	31	0.28774323446876776	0.0	0	5.732452491390922	
224	FAST	28	30	0.15944353607893208	0.0	48	10.749297496226403	
225	FAST	29	30	0.16795380711879848	0.0	52	7.461085355633616	
226	FAST	29	31	0.2954023675373496	0.0	0	5.589013523641251	
227	FAST	31	32	0.09361397729917137	0.0	0	15.938813272975635	
228	FAST	31	33	0.20448155529861253	0.0	0	5.496834917805832	
229	FAST	32	33	0.11533800808672107	0.0	0	12.212994647200178	
230	FAST	32	34	0.21282922874836685	0.0	0	5.505542240330758	
231	FAST	32	35	0.1856925008734483	0.0	0	6.935985283818936	
232	FAST	33	34	0.09994297898851423	0.0	0	15.678410110474509	
233	FAST	33	35	0.08939985684434527	0.0	0	18.137584799625987	
234	FAST	33	36	0.23577195177538954	0.0	0	5.516433586901722	
235	FAST	33	43	0.21187265792180676	0.0	0	6.094047476254963	
236	FAST	33	44	0.23313834384937832	0.0	0	5.871947103428332	
237	FAST	34	35	0.07425086367565223	0.0	97	20.364425144196925	
238	FAST	34	36	0.22119958914834686	0.0	22	5.640362970246799	
239	FAST	34	40	0.21309968660406667	0.0	1599	3.5206024262611484	
240	FAST	34	41	0.19701331626663482	0.0	35	6.34490866604824	
241	FAST	34	42	0.19652467156864095	0.0	0	8.821439393577997	
242	FAST	34	43	0.11495453171851999	0.0	0	15.507091376602416	
243	FAST	34	44	0.1362202176460916	0.0	0	12.134715623480206	
244	FAST	34	45	0.17083477360173724	0.0	0	9.532789742162427	
245	FAST	34	46	0.1415772009986984	0.0	0	10.414262583521461	
246	FAST	34	47	0.2729031837234328	0.0	0	6.16814324336627	
247	FAST	34	48	0.30365908701192784	0.0	0	5.605179210916285	
248	FAST	34	49	0.2550983585980977	0.0	0	5.724487297812924	
249	FAST	34	63	0.41350450727089905	0.048	1750	2.418021008883866	
250	FAST	35	36	0.15314777123847956	0.0	0	8.854947433160776	
251	FAST	35	37	0.18349454307702828	0.0	185	6.950651701957716	
252	FAST	35	40	0.18010409662424917	0.0	1	7.06714957732512	
253	FAST	35	41	0.1906017709564348	0.0	0	7.588662299366996	
254	FAST	35	42	0.2441990567814982	0.0	0	7.060910156234174	
255	FAST	35	43	0.16262891693137727	0.0	26	7.957473387515114	
256	FAST	35	44	0.18389460285894885	0.0	39	6.875097041217618	
257	FAST	35	45	0.21850915881459448	0.0	23	5.797402450897604	
258	FAST	35	46	0.18925158232147501	0.0	0	6.487922775758036	
259	FAST	36	37	0.03814278128412667	0.0	0	40.808775546727716	
260	FAST	36	38	0.11676273844668511	0.0	0	14.816252673102579	
261	FAST	36	39	0.19725989680743664	0.0	23	7.160338647612431	
262	FAST	36	40	0.1635373363399172	0.0	0	11.448033353010526	
263	FAST	36	41	0.3269651669101407	0.0	0	8.369853569444862	
264	FAST	36	42	0.39092006082427827	0.0	0	5.0034047241387105	
265	FAST	37	38	0.08093381602122546	0.0	0	25.449476678770115	
266	FAST	37	39	0.15061684588073954	0.0	9	9.963390005866165	
267	FAST	37	40	0.14019839693063493	0.0	208	13.566112688234082	
268	FAST	37	41	0.3579232571393046	0.0	1	8.892523742679195	
269	FAST	37	42	0.4218781277129583	0.0	0	4.7763939564918045	
270	FAST	38	39	0.08372419808664779	0.0	0	18.494980603655055	
271	FAST	38	40	0.11208962348841593	0.0	920	12.418596787589944	
272	FAST	38	41	0.40779445257479646	0.0	3	7.807865287107184	
273	FAST	38	42	0.46110764581155694	0.0	2	4.399872696666904	
274	FAST	39	40	0.19341849275779302	0.0	585	6.73962457899786	
275	FAST	39	41	0.48912332573425416	0.0	58	4.54906615101897	
276	FAST	40	41	0.2986730228472532	0.0	0	33.748266840898005	
277	FAST	40	42	0.3519861888534493	0.0	0	8.822879048345209	
278	FAST	40	43	0.30170619262486453	0.0	107	4.998026779569436	
279	FAST	41	42	0.25357444285234754	0.0	0	14.69116769415638	
280	FAST	41	43	0.20648708636666077	0.0	10	6.238365511019925	
281	FAST	41	44	0.22937622353302517	0.0	17	5.289176735245657	
282	FAST	41	46	0.2310540153081182	0.0	0	6.215693751759141	
283	FAST	42	43	0.11780820928584947	0.0	1	12.822235302610073	
284	FAST	42	44	0.13084020112608316	0.0	1	10.907207610048927	
285	FAST	42	45	0.16679591294946913	0.0	0	8.210469702687632	
286	FAST	42	46	0.1325179929011762	0.0	0	13.233885912346475	
287	FAST	42	47	0.24937123796376515	0.0	0	5.7025571065061555	
288	FAST	42	49	0.20710935144416465	0.0	0	5.6115434291234045	
289	FAST	43	44	0.023101644490940768	0.0	0	69.67957830591862	
290	FAST	43	45	0.05771618877634452	0.0	0	24.736055513440572	
291	FAST	43	46	0.0288340089539606	0.0	0	54.565196422979774	
292	FAST	43	47	0.159784610568282	0.0	0	11.806687327820793	
293	FAST	43	48	0.19054051385677703	0.0	0	8.69145377788871	
294	FAST	43	49	0.14197978544294687	0.0	0	11.606873570334127	
295	FAST	43	63	0.3923885515678148	0.048	143	6.233253490181769	
296	FAST	44	45	0.03650977211722949	0.0	0	40.11537338278548	
297	FAST	44	46	0.02575993886862073	0.0	0	66.82352577720769	
298	FAST	44	47	0.14086488833480484	0.0	0	13.697118172339884	
299	FAST	44	48	0.171620779953058	0.0	0	10.269204574894534	
300	FAST	44	49	0.12306006320946969	0.0	0	14.8348941276319	
301	FAST	44	50	0.2795338767258421	0.0	0	5.0602958086745105	
302	FAST	44	54	0.4062621031342436	0.0	0	4.288208862857521	
303	FAST	44	63	0.3774616757931424	0.048	57	6.958983880389809	
304	FAST	45	46	0.05900224943214269	0.0	0	28.94658543357626	
305	FAST	45	47	0.11029916330807826	0.0	0	26.120080663188162	
306	FAST	45	48	0.1410550549263314	0.0	0	15.789330759156249	
307	FAST	45	49	0.07388850655518356	0.0	0	22.428773694817025	
308	FAST	45	50	0.2303623317417979	0.0	0	6.898454160218737	
309	FAST	45	52	0.29512067512879453	0.0	0	5.302481049408943	
310	FAST	45	53	0.3237251926661545	0.0	0	5.286069384786967	
311	FAST	45	54	0.3570905581501994	0.0	0	5.705788067278143	
312	FAST	45	56	0.4526480314016355	0.0	0	4.373037665806429	
313	FAST	45	63	0.3512879165346726	0.048	23	9.06066745093296	
314	FAST	46	47	0.15177768484110474	0.0	0	12.941747656206497	
315	FAST	46	48	0.1825335725692773	0.0	0	9.945531161097142	
316	FAST	46	49	0.1095157983215043	0.0	0	14.94284076644129	
317	FAST	47	48	0.033308403033401005	0.0	0	49.828714536593196	
318	FAST	47	49	0.04335293354340888	0.0	0	40.89712316615875	
319	FAST	47	50	0.13698732987579948	0.0	0	11.593245311373778	
320	FAST	47	51	0.1911754722673719	0.0	0	7.530981952254984	
321	FAST	47	52	0.21128708019471065	0.0	0	7.643842513758568	
322	FAST	47	53	0.2398915977320707	0.0	0	7.849135848147799	
323	FAST	47	54	0.2732569865565993	0.0	0	8.975877337557664	
324	FAST	47	56	0.3688144364675517	0.0	0	5.803003971021091	
325	FAST	47	63	0.32931771848225994	0.048	0	11.867339305168318	
326	FAST	48	49	0.07429681330803665	0.0	0	30.944762279456235	
327	FAST	48	50	0.10466340899746844	0.0	0	15.188387141627356	
328	FAST	48	51	0.15885155138904086	0.0	0	8.785154762875685	
329	FAST	48	52	0.17896317098662154	0.0	0	9.827307716557154	
330	FAST	48	53	0.2075677001942234	0.0	0	10.33140422496255	
331	FAST	48	54	0.2409330695683489	0.0	0	9.886067579144129	
332	FAST	48	55	0.31065396158262065	0.0	0	4.605397597671548	
333	FAST	48	56	0.33649051558922066	0.0	0	5.553650501777686	
334	FAST	48	63	0.33176830010421277	0.048	0	12.313932211552066	
335	FAST	49	50	0.1566683642287674	0.0	0	9.698971373826835	
336	FAST	49	51	0.1845573986865216	0.0	0	6.558507630854949	
337	FAST	49	52	0.22142669594552217	0.0	0	7.221267686086242	
338	FAST	49	53	0.25003121348288215	0.0	0	6.320097133137256	
339	FAST	49	54	0.28339660619749146	0.0	0	6.869215068094719	
340	FAST	50	51	0.08115968188268026	0.0	0	22.239223078931413	
341	FAST	50	52	0.07399500529255132	0.0	0	29.31287154422763	
342	FAST	50	53	0.10259952671999197	0.0	0	20.611476641494995	
343	FAST	50	54	0.13596489609411744	0.0	0	14.923379391526542	
344	FAST	50	55	0.20568579977863108	0.0	0	7.0996648698044575	
345	FAST	50	56	0.2315223537852311	0.0	0	7.195605113992948	
346	FAST	50	57	0.28310399822269255	0.0	0	4.799709004611304	
347	FAST	51	52	0.0866936794642085	0.0	0	17.04077523549228	
348	FAST	51	53	0.1152981970015685	0.0	0	11.928609519672323	
349	FAST	51	54	0.14866356637569397	0.0	0	9.940270100828007	
350	FAST	51	55	0.21838445838996573	0.0	0	5.849072293277086	
351	FAST	51	56	0.2442210123965657	0.0	0	4.939704336719523	
352	FAST	52	53	0.027119747672974932	0.0	0	51.73635564674236	
353	FAST	52	54	0.06466182659652175	0.0	0	23.234987442212848	
354	FAST	52	55	0.13438272639095475	0.0	0	10.50381363524619	
355	FAST	52	56	0.16021928039755476	0.0	0	9.050162892200133	
356	FAST	52	57	0.2118009365052582	0.0	0	6.422816352095921	
357	FAST	53	54	0.03255763303241363	0.0	0	43.710529162413565	
358	FAST	53	55	0.1392847375834884	0.0	0	13.266065365104046	
359	FAST	53	56	0.12811509072352725	0.0	0	12.481078739788526	
360	FAST	53	57	0.1796967429411501	0.0	0	7.770232699020442	
361	FAST	53	58	0.2558494359154547	0.0	0	4.958672385081143	
362	FAST	53	63	0.337184139804537	0.048	0	11.617156216865475	
363	FAST	54	55	0.09882882488577224	0.0	0	14.949235545233055	
364	FAST	54	56	0.09594506921502285	0.0	0	17.184504763227856	
365	FAST	54	57	0.14752673699296817	0.0	0	10.13956280685642	
366	FAST	54	58	0.2236794182970309	0.0	0	5.929743088702822	
367	FAST	54	59	0.23363279643775064	0.0	0	5.225392328692769	
368	FAST	54	63	0.31193667033525635	0.048	0	16.691684615368043	
369	FAST	55	56	0.10245118238530287	0.0	0	21.00641611897513	
370	FAST	55	57	0.11688081406400345	0.0	0	16.319261851480817	
371	FAST	55	58	0.19303349536806622	0.0	0	7.675060463561698	
372	FAST	55	59	0.15404239253103003	0.0	0	9.233016491317724	
373	FAST	55	60	0.199998124561872	0.0	0	6.458856468010021	
374	FAST	55	61	0.21647929140213404	0.0	0	5.289943096498775	
375	FAST	56	57	0.051750960196819136	0.0	0	28.00937184239923	
376	FAST	56	58	0.12790363761080126	0.0	0	11.509505953039136	
377	FAST	56	59	0.1378570196416016	0.0	0	10.31566140783278	
378	FAST	56	60	0.1863277627103322	0.0	0	6.543840705652499	
379	FAST	56	61	0.2295672264918869	0.0	0	5.0672502418827055	
380	FAST	56	63	0.3399620284812417	0.048	0	10.975308404104966	
381	FAST	56	64	0.38634472259083835	0.048	0	6.850906898445205	
382	FAST	56	65	0.43919115018064	0.048	0	4.0459323452132985	
383	FAST	56	67	0.42103726473208475	0.048	0	4.898437868473793	
384	FAST	57	58	0.07675344979601327	0.0	0	21.4450753552605	
385	FAST	57	59	0.08670683571689426	0.0	0	17.744343432474743	
386	FAST	57	60	0.13517757878562484	0.0	0	10.340005535649501	
387	FAST	57	61	0.17841704256717958	0.0	0	7.278116719769297	
388	FAST	57	63	0.384340773682992	0.048	0	6.201213275637049	
389	FAST	57	64	0.3412958770645092	0.048	0	9.965893192720952	
390	FAST	57	65	0.38984504348251814	0.048	0	5.98384083241858	
391	FAST	57	66	0.42780336506585737	0.048	0	4.2449966022330985	
392	FAST	57	67	0.37333280038000694	0.048	0	7.328728147348443	
393	FAST	58	59	0.07200593315564248	0.0	0	24.057503409995967	
394	FAST	58	60	0.08743951295287825	0.0	0	18.024783152395965	
395	FAST	58	61	0.1310579211587018	0.0	0	11.155450136366168	
396	FAST	58	62	0.255370979338627	0.0	0	5.088589524095064	
397	FAST	58	63	0.42867785119451274	0.048	0	4.440182650352614	
398	FAST	58	64	0.2815888030664809	0.048	0	33.39363129781934	
399	FAST	58	65	0.3403573143357273	0.048	0	10.795857235236308	
400	FAST	58	66	0.39043847436779794	0.048	0	6.26312373259203	
401	FAST	58	67	0.31576294598180515	0.048	0	14.526428354375271	
402	FAST	59	60	0.049577043098683535	0.0	0	28.92263185439263	
403	FAST	59	61	0.09281650299015765	0.0	0	16.317737695214618	
404	FAST	59	62	0.19190307683821625	0.0	0	7.940278151093136	
405	FAST	60	61	0.04366750880351709	0.0	0	35.821862096198856	
406	FAST	60	62	0.16798056309336168	0.0	0	10.268350775528129	
407	FAST	61	62	0.1284738884202208	0.0	0	16.168266022168197	
408	FAST	61	64	0.34189073151411264	0.048	0	10.430674763244848	
409	FAST	61	65	0.27660027650124386	0.048	0	37.71279937019395	
410	FAST	61	66	0.2846057362515169	0.048	0	30.41237584150069	
411	FAST	61	67	0.313713359586781	0.048	0	15.446641454001217	
412	FAST	62	64	0.4213812504185731	0.048	0	4.71084212701375	
413	FAST	62	65	0.3530950978131749	0.048	0	9.07571441903907	
414	FAST	62	66	0.29304974429611425	0.048	0	22.54579641802619	
415	FAST	62	67	0.39218104977363377	0.048	0	6.422595921495259	
416	FAST	64	65	0.3208596406357785	0.048	0	13.449561209313208	
417	FAST	64	66	0.37832092189058875	0.048	0	6.756442997527191	
418	FAST	64	67	0.28711509697401516	0.048	0	27.440178408155393	
419	FAST	65	66	0.30802592284334046	0.048	0	17.01070499913528	
420	FAST	65	67	0.2869529669048198	0.048	0	27.723979073134295	
421	FAST	66	67	0.34723302916346765	0.048	0	9.469795894962504	
422	FAST	68	69	0.31961417983176404	0.048	0	14.391907990355142	
423	FAST	68	70	0.31025070892562745	0.048	0	16.1245281967292	
424	FAST	68	71	0.35282413558903386	0.048	0	9.037410455505121	
425	FAST	68	73	0.3499823949333256	0.048	0	8.986355376663916	
426	FAST	68	74	0.36326856556838494	0.048	0	7.963140723803971	
427	FAST	68	75	0.32293415966345773	0.048	0	13.065708588641767	
428	FAST	68	76	0.3043083788413486	0.048	0	18.21299856273616	
429	FAST	68	77	0.3277074185209801	0.048	0	11.582675659494235	
430	FAST	68	78	0.3537868345681008	0.048	0	9.72653714182333	
431	FAST	69	70	0.35016734253612003	0.048	0	9.383058182442861	
432	FAST	69	71	0.2889421904033205	0.048	0	26.00560548101362	
433	FAST	69	73	0.409725032299345	0.048	0	5.043525074003469	
434	FAST	69	74	0.43146268347934347	0.048	0	4.139227503705532	
435	FAST	69	75	0.3940090006189977	0.048	0	5.857974365375653	
436	FAST	69	76	0.375242522649161	0.048	0	7.228389741474404	
437	FAST	69	77	0.3880713581061336	0.048	0	6.091700310057802	
438	FAST	69	78	0.4118340394161036	0.048	0	5.2657719613461005	
439	FAST	70	71	0.36321139206122	0.048	0	8.407919133293538	
440	FAST	70	73	0.39483539525942135	0.048	0	5.698475337970355	
441	FAST	70	74	0.39209968574495196	0.048	0	6.202819234201301	
442	FAST	70	75	0.3479917875872324	0.048	0	9.549380763561405	
443	FAST	70	76	0.3135398879049619	0.048	0	15.404117177983178	
444	FAST	70	77	0.29472060910445375	0.048	0	24.078836385611783	
445	FAST	70	78	0.31277550312885255	0.048	0	15.749233825863564	
446	FAST	71	75	0.4279180643201304	0.048	0	3.9230936409217123	
447	FAST	71	76	0.404332513209376	0.048	0	5.249206543699878	
448	FAST	71	77	0.40759504955365466	0.048	0	5.263642606932234	
449	FAST	71	78	0.4282032219443983	0.048	0	4.634522249722594	
450	FAST	72	73	0.14025606737595317	0.0	0	12.020050988862256	
451	FAST	72	74	0.08725546934826098	0.0	0	16.93488341716679	
452	FAST	72	75	0.06345545813248002	0.0	0	26.97945346402217	
453	FAST	72	76	0.04017865109099696	0.0	0	37.4486991232339	
454	FAST	72	77	0.04570755266690181	0.0	0	32.13496678195879	
455	FAST	72	78	0.06345764046771263	0.0	0	27.078062665172116	
456	FAST	73	74	0.05432577344421043	0.0	0	32.33307014705377	
457	FAST	73	75	0.11529474650005098	0.0	0	22.324233799997725	
458	FAST	73	76	0.1530252220284384	0.0	0	13.55722473891108	
459	FAST	73	77	0.19731463802204155	0.0	0	8.510403378012295	
460	FAST	73	78	0.21506473749309424	0.0	0	7.37301582475207	
461	FAST	74	75	0.0623156956289603	0.0	0	29.434696013863988	
462	FAST	74	76	0.10004617115734774	0.0	0	15.705316561109338	
463	FAST	74	77	0.14433558326087026	0.0	0	10.198004479676808	
464	FAST	74	78	0.16208567884184233	0.0	0	8.988107526303489	
465	FAST	75	76	0.042285826075788555	0.0	0	38.919875403645264	
466	FAST	75	77	0.087860882596482	0.0	0	16.795591237107924	
467	FAST	75	78	0.10561097428737345	0.0	0	13.708356654929815	
468	FAST	76	77	0.06410468924890102	0.0	0	30.773064449204316	
469	FAST	76	78	0.08185477704971184	0.0	0	20.99057684539851	
470	FAST	77	78	0.02740920468246461	0.0	0	55.92116845466752	
471	FAST	28	79	0.20143399056562844	0.0	48	5.898434542763953	
472	FAST	30	79	0.30053574348715506	0.0	145	3.831311757002298	
473	FAST	22	79	0.38029076302845055	0.0	845	1.7302684111681361	
474	FAST	21	80	0.2704341303108074	0.0	449	3.388823595429871	
475	FAST	19	80	0.2980044069303619	0.0	274	3.186892285553884	
476	FAST	22	80	0.25905806807927073	0.0	335	3.5135719142402064	
477	FAST	17	81	0.19505385159775934	0.0	41	5.030441267156456	
478	FAST	19	81	0.38156108178061826	0.0	388	2.5053816279018797	
479	FAST	21	81	0.2917452828780809	0.0	656	2.544646727000213	
480	FAST	28	82	0.22673669602223137	0.0	60	4.080759082915905	
481	FAST	39	82	0.26714397523935085	0.0	390	3.3585591347219794	
482	FAST	38	82	0.32148998549136304	0.0	581	2.347715312289352	
483	FAST	39	83	0.17864294854454918	0.0	286	5.9442338797927565	
484	FAST	38	83	0.2498407469172592	0.0	365	3.664992934804543	
485	FAST	37	83	0.3239003807330208	0.0	390	2.3362586684195286	
