n_interc	
0	
0	
0	
0	
0	
0	
0	
0	
0	
0	
0	
0	
0	
0	
0	
0	
0	
0	
0	
0	
0	
0	
0	
0	
0	
0	
0	
0	
0	
0	
0	
0	
0	
0	
0	
0	
0	
0	
0	
0	
0	
0	
0	
0	
0	
0	
0	
0	
0	
0	
0	
0	
0	
0	
0	
0	
0	
0	
0	
0	
0	
0	
0	
0	
0	
0	
0	
1	
1	
1	
1	
1	
1	
1	
1	
1	
1	
1	
1	
1	
1	
2	
2	
2	
2	
2	
2	
2	
2	
3	
3	
3	
4	
5	
5	
5	
5	
5	
5	
5	
64	
66	
68	
72	
72	
73	
74	
77	
78	
80	
81	
82	
84	
86	
91	
91	
92	
92	
96	
98	
99	
103	
104	
105	
105	
106	
108	
109	
109	
113	
115	
117	
119	
122	
124	
125	
127	
129	
131	
131	
133	
133	
134	
137	
138	
139	
142	
145	
146	
149	
150	
154	
157	
158	
158	
162	
164	
164	
165	
169	
170	
170	
175	
175	
177	
180	
181	
182	
185	
185	
187	
189	
189	
191	
192	
196	
197	
200	
201	
202	
203	
205	
207	
209	
211	
213	
213	
216	
218	
220	
222	
223	
225	
226	
227	
229	
232	
234	
237	
239	
525	
528	
532	
534	
538	
541	
544	
549	
553	
557	
560	
563	
567	
570	
575	
580	
582	
588	
590	
594	
599	
601	
605	
609	
614	
616	
620	
622	
626	
630	
635	
640	
643	
647	
650	
653	
655	
660	
663	
667	
671	
677	
683	
685	
685	
689	
691	
694	
699	
701	
702	
708	
714	
715	
716	
719	
721	
726	
728	
730	
733	
735	
738	
742	
746	
747	
748	
749	
751	
753	
755	
757	
759	
760	
761	
762	
763	
765	
766	
768	
769	
770	
771	
771	
771	
771	
773	
775	
777	
777	
777	
777	
778	
780	
783	
786	
786	
786	
786	
788	
3280	
3283	
3285	
3287	
3292	
3295	
3300	
3302	
3306	
3310	
3310	
3315	
3320	
3325	
3332	
3337	
3344	
3348	
3350	
3356	
3362	
3367	
3371	
3373	
3377	
3382	
3391	
3395	
3403	
3408	
3412	
3419	
3421	
3424	
3424	
3428	
3431	
3433	
3438	
3443	
3450	
3453	
3459	
3462	
3466	
3470	
3474	
3475	
3479	
3486	
3489	
3490	
3492	
3496	
3497	
3500	
3502	
3506	
3508	
3512	
3516	
3519	
3529	
3533	
3533	
3537	
3539	
3542	
3544	
3546	
3547	
3550	
3552	
3555	
3558	
3559	
3564	
3564	
3564	
3565	
3566	
3567	
3569	
3573	
3577	
3579	
3581	
3582	
3584	
3586	
3591	
3591	
3594	
3594	
3597	
3597	
3598	
3600	
3605	
3607	
3073	
3078	
3078	
3078	
3079	
3081	
3081	
3083	
3083	
3084	
3087	
3091	
3093	
3095	
3097	
3098	
3101	
3103	
3104	
3104	
3104	
3105	
3106	
3109	
3109	
3111	
3111	
3112	
3113	
3115	
3116	
3116	
3119	
3121	
3123	
3125	
3127	
3127	
3129	
3131	
3132	
3134	
3135	
3135	
3135	
3135	
3138	
3141	
3143	
3145	
3147	
3149	
3149	
3151	
3152	
3153	
3153	
3155	
3155	
3155	
3157	
3159	
3162	
3162	
3163	
3164	
3165	
3166	
3169	
3170	
3170	
3171	
3171	
3172	
3172	
3177	
3178	
3178	
3181	
3182	
3182	
3183	
3184	
3187	
3192	
3192	
3193	
3194	
3196	
3199	
3200	
3200	
3201	
3202	
3203	
3203	
3204	
3205	
3205	
3206	
