n_interc	
0	
0	
0	
0	
0	
0	
0	
0	
0	
0	
0	
0	
0	
0	
0	
0	
0	
0	
0	
0	
0	
0	
0	
0	
0	
0	
0	
0	
0	
0	
0	
0	
0	
0	
0	
0	
0	
0	
0	
0	
0	
0	
0	
0	
0	
0	
0	
0	
0	
0	
0	
0	
0	
0	
0	
0	
0	
0	
0	
0	
0	
0	
0	
0	
0	
0	
0	
0	
0	
0	
1	
1	
1	
1	
1	
1	
1	
1	
1	
1	
1	
1	
1	
1	
3	
3	
4	
4	
4	
4	
4	
4	
4	
4	
5	
5	
5	
5	
5	
5	
54	
54	
56	
57	
58	
59	
59	
63	
64	
65	
67	
68	
69	
72	
73	
74	
76	
77	
78	
84	
86	
87	
89	
90	
92	
93	
96	
97	
100	
100	
103	
104	
106	
108	
110	
112	
115	
116	
120	
121	
122	
124	
126	
127	
129	
130	
132	
133	
135	
137	
139	
141	
142	
145	
146	
149	
150	
151	
154	
155	
156	
159	
160	
161	
164	
165	
167	
168	
170	
172	
173	
174	
175	
176	
179	
182	
184	
186	
187	
189	
190	
192	
194	
195	
197	
198	
200	
203	
205	
206	
207	
208	
210	
212	
215	
216	
217	
221	
223	
224	
488	
492	
496	
501	
504	
508	
513	
515	
518	
523	
526	
530	
533	
538	
543	
546	
549	
553	
560	
562	
568	
573	
576	
580	
585	
587	
590	
592	
596	
601	
603	
607	
611	
613	
616	
620	
625	
629	
635	
639	
644	
646	
652	
655	
659	
660	
662	
665	
668	
672	
677	
678	
682	
684	
689	
691	
694	
697	
699	
701	
704	
707	
709	
712	
715	
717	
719	
721	
721	
722	
724	
727	
728	
730	
730	
732	
735	
738	
739	
743	
744	
745	
746	
747	
750	
752	
753	
753	
755	
757	
759	
760	
760	
762	
763	
765	
766	
768	
769	
771	
3190	
3194	
3196	
3202	
3204	
3209	
3213	
3214	
3219	
3223	
3227	
3230	
3233	
3236	
3238	
3241	
3247	
3252	
3259	
3262	
3265	
3269	
3270	
3273	
3278	
3282	
3287	
3291	
3293	
3296	
3300	
3303	
3307	
3311	
3313	
3317	
3321	
3325	
3327	
3329	
3335	
3336	
3339	
3344	
3349	
3349	
3353	
3355	
3361	
3365	
3368	
3373	
3373	
3375	
3380	
3382	
3382	
3387	
3389	
3392	
3395	
3399	
3405	
3411	
3413	
3416	
3419	
3422	
3426	
3429	
3433	
3435	
3436	
3438	
3441	
3442	
3443	
3446	
3449	
3453	
3454	
3455	
3458	
3460	
3464	
3465	
3467	
3469	
3472	
3474	
3474	
3478	
3479	
3479	
3483	
3485	
3488	
3490	
3491	
3493	
2980	
2981	
2982	
2983	
2986	
2986	
2988	
2992	
2993	
2995	
2995	
2997	
2998	
3002	
3007	
3007	
3008	
3010	
3014	
3014	
3015	
3018	
3020	
3023	
3023	
3028	
3029	
3031	
3032	
3036	
3036	
3037	
3039	
3043	
3044	
3047	
3049	
3050	
3051	
3053	
3056	
3057	
3057	
3057	
3059	
3060	
3062	
3063	
3066	
3066	
3067	
3069	
3071	
3076	
3076	
3078	
3079	
3082	
3082	
3082	
3085	
3086	
3086	
3086	
3087	
3090	
3092	
3093	
3094	
3095	
3095	
3098	
3099	
3100	
3101	
3104	
3108	
3111	
3112	
3114	
3114	
3119	
3122	
3126	
3126	
3127	
3130	
3134	
3136	
3139	
3141	
3142	
3142	
3144	
3145	
3145	
3146	
3147	
3150	
3153	
