n_interc	
0	
0	
0	
0	
0	
0	
0	
0	
0	
0	
0	
0	
0	
0	
0	
0	
0	
0	
0	
0	
0	
0	
0	
0	
0	
0	
0	
0	
0	
0	
0	
0	
0	
0	
0	
0	
0	
0	
0	
0	
0	
0	
0	
0	
0	
0	
0	
0	
0	
0	
0	
0	
0	
0	
0	
0	
0	
0	
0	
1	
1	
1	
1	
1	
1	
1	
1	
1	
2	
3	
3	
3	
3	
3	
4	
4	
4	
4	
4	
4	
4	
4	
4	
4	
5	
6	
6	
6	
7	
7	
7	
7	
7	
7	
7	
7	
7	
8	
8	
8	
73	
75	
77	
79	
80	
84	
84	
86	
87	
89	
92	
94	
95	
97	
98	
100	
101	
103	
105	
105	
109	
110	
111	
112	
114	
115	
118	
120	
123	
124	
126	
127	
128	
130	
132	
134	
136	
137	
140	
142	
142	
146	
147	
150	
151	
153	
155	
159	
160	
161	
163	
165	
168	
169	
170	
172	
174	
174	
177	
179	
179	
183	
184	
187	
188	
191	
192	
193	
196	
197	
200	
202	
203	
205	
207	
210	
212	
213	
215	
216	
218	
220	
221	
223	
224	
225	
227	
228	
230	
232	
235	
235	
238	
240	
242	
243	
244	
246	
250	
251	
549	
554	
559	
562	
566	
568	
571	
577	
582	
585	
590	
593	
598	
604	
608	
611	
613	
618	
623	
626	
632	
637	
641	
644	
647	
650	
654	
657	
660	
665	
669	
672	
675	
680	
681	
684	
687	
690	
696	
697	
698	
702	
705	
708	
710	
713	
714	
717	
721	
725	
726	
730	
731	
735	
737	
739	
742	
744	
746	
747	
750	
751	
756	
757	
759	
760	
762	
763	
764	
766	
768	
769	
770	
772	
773	
773	
773	
777	
778	
779	
782	
783	
783	
784	
785	
786	
787	
788	
789	
790	
790	
794	
794	
795	
796	
796	
796	
798	
799	
802	
3323	
3325	
3330	
3335	
3337	
3341	
3347	
3348	
3352	
3357	
3362	
3363	
3363	
3368	
3371	
3373	
3377	
3379	
3381	
3385	
3388	
3391	
3394	
3398	
3404	
3406	
3408	
3414	
3419	
3424	
3426	
3431	
3437	
3440	
3443	
3446	
3448	
3453	
3455	
3462	
3471	
3475	
3480	
3481	
3484	
3484	
3491	
3495	
3496	
3498	
3501	
3501	
3503	
3505	
3506	
3511	
3513	
3520	
3521	
3525	
3527	
3532	
3536	
3539	
3542	
3546	
3547	
3551	
3555	
3559	
3562	
3565	
3567	
3569	
3572	
3575	
3579	
3583	
3589	
3590	
3591	
3595	
3597	
3598	
3600	
3602	
3604	
3607	
3610	
3612	
3615	
3619	
3621	
3624	
3625	
3627	
3628	
3629	
3631	
3632	
3094	
3094	
3096	
3098	
3100	
3100	
3101	
3105	
3105	
3108	
3109	
3113	
3115	
3117	
3119	
3121	
3124	
3125	
3127	
3131	
3131	
3134	
3136	
3140	
3140	
3142	
3143	
3144	
3146	
3148	
3150	
3150	
3151	
3152	
3153	
3156	
3156	
3158	
3159	
3162	
3163	
3164	
3166	
3168	
3171	
3172	
3173	
3174	
3177	
3178	
3179	
3179	
3181	
3182	
3183	
3184	
3186	
3186	
3188	
3192	
3196	
3197	
3200	
3201	
3201	
3201	
3202	
3204	
3204	
3205	
3205	
3206	
3209	
3210	
3213	
3214	
3218	
3218	
3219	
3221	
3223	
3223	
3224	
3225	
3226	
3226	
3230	
3232	
3233	
3234	
3236	
3236	
3236	
3236	
3237	
3239	
3239	
3240	
3241	
3243	
