id	x	y	type	qual	N	n_links	count	acc	
1	0.5290865972208558	0.08782825570975693	STD	0.28910603072700236	0	18	13	0.960117993722719	
2	0.5301822646847826	0.10720123054485474	STD	0.4733047843714451	2	18	168	0.9597086439805795	
3	0.5333754021576235	0.11316317727647134	STD	0.20422626085896312	2	18	111	0.9149243284774746	
4	0.5228257638719125	0.1527978029111725	STD	0.639038258253827	0	17	338	0.9534711731174559	
5	0.5110057050013014	0.18322738970304364	STD	0.7730904443275364	0	19	1461	0.971690138524572	
6	0.46055093200691144	0.23803676739353677	STD	0.4173321755915631	0	15	24	0.965259943157196	
7	0.49049816672070146	0.0769888854245772	STD	0.520094152042746	0	16	175	0.9459685097845535	
8	0.5243639373822653	0.14811813155714765	STD	0.8384410099600712	0	18	738	0.9660841613549073	
9	0.4372574223741947	0.2995079543610299	STD	0.09520307354553847	0	16	15	0.9291733992292931	
10	0.41937970228563354	0.33373740205414487	STD	0.6314192576622908	2	15	9	0.9732862802321145	
11	0.4998163145722239	0.3654513890156738	STD	0.5376446987731072	0	15	4	0.9721250168097431	
12	0.515877597084288	0.3934792280858458	STD	0.5881726779317364	0	12	1	0.9656032583245511	
13	0.527761674424959	0.4273044524055435	STD	0.8328667516081885	0	11	1	0.9689467579180191	
14	0.5279485391483765	0.45960239084181165	STD	0.2728638786260176	0	12	3	0.8992890320430053	
15	0.5178388115657108	0.47324318956320754	STD	0.6541298862415497	0	12	1	0.967514358683787	
16	0.4983862803694047	0.5086814241359012	STD	0.2816843419048711	0	11	1	0.9627878712969546	
17	0.19045354636733625	0.002995199780724391	STD	0.5696642945076957	8	6	607	0.9747443128279389	
18	0.260845314655781	0.09852695010641736	STD	0.4671166122669612	2	7	74	0.9788701700608617	
19	0.23158108780837086	0.14021317238405023	STD	0.811085953224407	2	11	1662	0.9795316188282895	
20	0.2801200648305022	0.15889412442380177	STD	0.6441815278158096	3	8	278	0.979727578113086	
21	0.23191891500510464	0.15860984189908572	STD	0.027527332129474003	19	11	960	0.9316219471772116	
22	0.24223756772992455	0.18442460012929646	STD	0.5271827036486691	1	8	420	0.9666959193933486	
23	0.368004880062751	0.2085094845428714	STD	0.9753275088889037	1	17	1593	0.9456047707222552	
24	0.3719839740227433	0.2215652327591495	STD	0.825869046308763	9	17	1192	0.976252820797818	
25	0.3455553328417463	0.2744769879628167	STD	0.2822977760643346	5	15	221	0.9686042531536069	
26	0.44093575929207557	0.3712978642887976	STD	0.28993837904488795	0	15	1	0.9608311876704541	
27	0.36967671375721445	0.41015518237073767	STD	0.5691108061143761	0	14	2	0.9694017251977519	
28	0.1573274485692997	0.4835700453482871	STD	0.2860237423857557	0	1	0	0.9148161744285496	
29	0.36716528647906305	0.4179604961228007	STD	0.4319355525629809	0	13	0	0.9682569292844391	
30	0.22100419841716157	0.4019146525885682	STD	0.6203206993393111	0	4	0	0.9653752533594034	
31	0.47787268628758284	0.5480021666943438	STD	0.6395688185195925	0	11	2	0.9545944969362499	
32	0.46676331894608003	0.6284350713290916	STD	0.3039784275296318	0	7	8	0.963143769403744	
33	0.4608416104655608	0.7277137825604496	STD	0.1946623139112842	0	7	3	0.9440231942106813	
34	0.4626107695368043	0.8130296791693479	STD	0.8892109034617668	4	15	1497	0.9673491315298222	
35	0.41096732927400903	0.7751332799821633	STD	0.4665280864337127	0	12	222	0.9412901219846056	
36	0.28631860993830643	0.7727157794916976	STD	0.8018854296282139	3	9	1147	0.9706501531858476	
37	0.2593266062207844	0.7914395937162324	STD	0.4418358978778114	0	9	774	0.9589490897043544	
38	0.22221233076092273	0.8261440423391756	STD	0.6774670970244874	6	8	877	0.973615082492092	
39	0.1527652674630883	0.8358499459600879	STD	0.057653786984759314	6	7	566	0.9089196599444836	
40	0.28962421229098206	0.869035900942634	STD	0.008655201593727568	1	9	105	0.8886898713081409	
41	0.3153375768362312	0.8870629299068465	STD	0.5484007832412432	0	11	460	0.9067700067806509	
42	0.38914135655596416	0.9106268739207488	STD	0.16058790077713292	4	13	193	0.947466069589864	
43	0.48046327153884866	0.8968259831074697	STD	0.3134156018277596	0	13	112	0.9568655135899171	
44	0.49826819224557845	0.9044854921625778	STD	0.7722006676472861	0	14	425	0.9631772824778252	
45	0.530170585639569	0.9121028717198222	STD	0.11810424003623043	0	15	62	0.9065052986025834	
46	0.4847793275811146	0.9204492747618408	STD	0.5160192665421743	0	10	27	0.9694689124089783	
47	0.5764771347969846	0.9306369200322399	STD	0.11676304261297799	0	15	15	0.9172863935133462	
48	0.6001695919630531	0.9436531031548717	STD	0.6107813604807577	0	15	17	0.9713008531608068	
49	0.5600944622629316	0.9598293649607524	STD	0.8412705879582336	0	13	4	0.9154054155881851	
50	0.676757136993029	0.9547977108106617	STD	0.20523579165410144	0	12	6	0.9329925157429958	
51	0.7136194046106153	0.9998054959685726	STD	0.27097524778711835	0	9	0	0.9142929196433914	
52	0.7111205214921377	0.9245728367440629	STD	0.9938416796688871	0	11	1	0.9095699981678171	
53	0.7026486286056469	0.8985914288740412	STD	0.8290058459592626	0	13	2	0.9386321782862298	
54	0.6841337084613773	0.8734880730081942	STD	0.248799036172485	0	15	8	0.9344489742609505	
55	0.7487391586823343	0.8203755982229649	STD	0.5841385940788801	0	12	1	0.9479238706858888	
56	0.6913128608098928	0.8026145346104842	STD	0.920070501913379	0	18	9	0.9184365543050544	
57	0.7062995413951377	0.7555676817559628	STD	0.8358159920273955	0	15	6	0.9608765321071246	
58	0.6946833467470882	0.6969819624143379	STD	0.04217141962266724	0	14	2	0.8641655681299164	
59	0.7445355675199029	0.6959235961593058	STD	0.9758649592285868	0	8	0	0.9197071745457412	
60	0.7473714992321001	0.650423921638075	STD	0.7833819087762279	0	7	0	0.9668805608472599	
61	0.7721569420072685	0.624518859745052	STD	0.17873988251468664	0	11	2	0.9351358511506785	
62	0.8472347325369116	0.5978493123203564	STD	0.48943493028722007	0	8	0	0.9062413969445179	
63	0.6209223901931383	0.862215538216282	EXIT	0.6259495832402258	0	11	1995	0.9686959556770072	
64	0.6867054774731324	0.6640745017298447	EXIT	0.3856284621152175	0	8	8	0.9503400375312102	
65	0.7439150209175545	0.6185191430027415	EXIT	0.9494911668821624	0	8	4	0.9161370366947243	
66	0.8022264606500168	0.6031697550197176	EXIT	0.4058278606961141	0	7	0	0.9571928677592215	
67	0.7063966504933027	0.6299630166307487	EXIT	0.34810134208404286	0	8	2	0.9609129829527265	
68	0.6461870198678478	0.09215924135885288	EXIT	0.6152751087942625	0	16	909	0.9615008911354556	
69	0.6634258961832257	0.1619477070633198	EXIT	0.6871697659415716	0	16	1634	0.9705464423051868	
70	0.7037625067289622	0.06778424955955283	EXIT	0.22096965375324795	0	12	9	0.9412510223166594	
71	0.6987624479386872	0.18315924981954215	EXIT	0.5680081036183451	0	13	334	0.9075879999929827	
72	0.6538685441834395	0.0001945040314274314	STD	0.33239157424067645	0	11	0	0.9693200122752281	
73	0.559825411665789	0.03740877169667725	STD	0.7022292626040709	0	16	3	0.9457494319255091	
74	0.576153581988845	0.000263010258388662	STD	0.8510653959911396	0	16	5	0.8852735659187594	
75	0.6133145736295614	0.024517878037257763	STD	0.7934040008182044	1	17	3	0.9707604880477764	
76	0.6463688669273957	0.03557925245900701	STD	0.032138367043816896	0	16	2	0.8647820300383543	
77	0.6875197664588574	0.02368811010106969	STD	0.41212136653564313	0	13	1	0.9195608773854774	
78	0.7032177008976098	0.0027391257024041026	STD	0.7442673950706731	0	11	1	0.8824700336438426	
79	0.0	0.16739974381321332	ENTRY	0.0	0	3	1029	0.8388373587773078	
80	0.0	0.09264704114812372	ENTRY	0.0	0	3	1022	0.8593891854122967	
81	0.0	0.7574325266526842	ENTRY	0.0	1	3	1086	0.8359745208281549	
82	0.0	0.08967710694166908	ENTRY	0.0	1	3	1001	0.862501596355438	
83	0.0	0.8876083456974577	ENTRY	0.0	0	3	1043	0.8299090237515095	
