n_interc	
0	
0	
0	
0	
0	
0	
0	
0	
0	
0	
0	
0	
0	
0	
0	
0	
0	
0	
0	
0	
0	
0	
0	
0	
0	
0	
0	
0	
0	
0	
0	
0	
0	
0	
0	
0	
0	
0	
0	
0	
0	
0	
0	
0	
0	
0	
0	
0	
0	
0	
0	
0	
0	
0	
0	
0	
0	
0	
0	
0	
0	
0	
0	
0	
0	
0	
0	
1	
1	
1	
1	
1	
1	
1	
1	
1	
2	
2	
2	
2	
2	
2	
2	
2	
2	
2	
2	
2	
2	
3	
4	
5	
6	
6	
6	
6	
6	
6	
6	
6	
71	
72	
74	
77	
77	
78	
83	
83	
86	
88	
92	
93	
94	
97	
99	
100	
103	
106	
108	
110	
111	
113	
116	
116	
118	
120	
123	
124	
126	
127	
130	
130	
132	
132	
136	
139	
141	
143	
144	
145	
148	
149	
149	
151	
154	
155	
157	
157	
159	
160	
164	
166	
169	
170	
172	
173	
174	
175	
177	
179	
180	
184	
184	
189	
189	
190	
193	
193	
195	
195	
196	
198	
202	
205	
208	
209	
211	
212	
214	
215	
216	
217	
219	
221	
222	
224	
226	
227	
228	
229	
231	
233	
234	
238	
240	
241	
243	
244	
246	
247	
545	
549	
552	
557	
559	
562	
564	
568	
573	
577	
580	
585	
589	
591	
594	
596	
600	
604	
607	
613	
616	
618	
623	
627	
630	
633	
637	
640	
643	
647	
652	
656	
661	
664	
667	
670	
674	
677	
680	
683	
686	
691	
691	
694	
698	
700	
703	
705	
708	
712	
714	
717	
718	
722	
724	
729	
730	
733	
733	
735	
737	
739	
740	
742	
744	
745	
747	
749	
751	
753	
754	
757	
757	
757	
759	
761	
762	
764	
764	
767	
767	
770	
770	
771	
772	
774	
776	
777	
777	
778	
778	
779	
780	
781	
782	
784	
785	
787	
787	
790	
3289	
3292	
3295	
3298	
3306	
3308	
3314	
3315	
3322	
3325	
3328	
3331	
3333	
3336	
3338	
3342	
3348	
3349	
3352	
3355	
3359	
3364	
3366	
3369	
3372	
3375	
3377	
3382	
3383	
3387	
3391	
3395	
3399	
3405	
3410	
3410	
3417	
3419	
3423	
3424	
3426	
3427	
3433	
3438	
3441	
3445	
3449	
3454	
3459	
3461	
3465	
3471	
3475	
3477	
3480	
3483	
3486	
3488	
3492	
3495	
3495	
3500	
3501	
3501	
3502	
3504	
3506	
3510	
3510	
3511	
3514	
3515	
3516	
3517	
3521	
3526	
3527	
3529	
3532	
3535	
3538	
3541	
3543	
3545	
3548	
3551	
3553	
3555	
3559	
3560	
3561	
3563	
3565	
3566	
3569	
3572	
3573	
3574	
3576	
3579	
3052	
3055	
3057	
3058	
3059	
3059	
3062	
3062	
3062	
3065	
3068	
3070	
3070	
3073	
3076	
3078	
3078	
3080	
3084	
3084	
3088	
3089	
3090	
3092	
3094	
3096	
3098	
3099	
3100	
3100	
3100	
3104	
3105	
3107	
3108	
3109	
3110	
3112	
3114	
3116	
3116	
3117	
3118	
3120	
3121	
3123	
3123	
3124	
3128	
3129	
3129	
3133	
3134	
3134	
3135	
3137	
3138	
3140	
3142	
3142	
3144	
3146	
3146	
3148	
3150	
3152	
3154	
3157	
3158	
3159	
3163	
3163	
3165	
3167	
3168	
3169	
3169	
3171	
3174	
3175	
3175	
3176	
3176	
3178	
3179	
3180	
3181	
3182	
3184	
3184	
3186	
3186	
3188	
3188	
3190	
3192	
3192	
3192	
3195	
3197	
