n_interc	
0	
0	
0	
0	
0	
0	
0	
0	
0	
0	
0	
0	
0	
0	
0	
0	
0	
0	
0	
0	
0	
0	
0	
0	
0	
0	
0	
0	
0	
0	
0	
0	
0	
0	
0	
0	
0	
0	
0	
0	
0	
0	
0	
0	
0	
0	
0	
0	
0	
0	
0	
0	
0	
0	
0	
0	
0	
1	
1	
1	
1	
1	
1	
1	
1	
1	
1	
1	
2	
2	
2	
2	
2	
3	
3	
3	
3	
4	
4	
4	
4	
4	
4	
6	
6	
6	
6	
6	
6	
6	
7	
7	
7	
7	
7	
7	
7	
7	
7	
8	
73	
76	
77	
80	
83	
84	
86	
89	
90	
92	
94	
97	
97	
99	
100	
102	
104	
105	
108	
111	
112	
114	
116	
118	
119	
122	
124	
125	
127	
129	
131	
132	
135	
136	
138	
140	
142	
144	
145	
146	
148	
151	
152	
155	
156	
157	
159	
162	
164	
166	
167	
169	
171	
171	
174	
177	
178	
179	
182	
186	
186	
188	
189	
190	
192	
193	
195	
198	
201	
201	
204	
207	
207	
209	
209	
212	
215	
216	
217	
218	
221	
221	
223	
225	
227	
228	
230	
233	
235	
235	
237	
239	
241	
242	
244	
245	
249	
250	
252	
254	
556	
558	
562	
565	
570	
574	
578	
581	
587	
590	
594	
598	
603	
608	
614	
617	
621	
625	
627	
631	
634	
637	
640	
643	
648	
650	
653	
658	
661	
664	
666	
670	
673	
676	
680	
683	
685	
688	
691	
694	
698	
700	
702	
708	
711	
715	
718	
720	
723	
725	
726	
728	
732	
735	
737	
739	
741	
743	
747	
751	
753	
756	
758	
759	
762	
765	
767	
769	
771	
771	
773	
775	
776	
778	
779	
781	
781	
783	
784	
784	
785	
787	
787	
789	
790	
792	
793	
793	
794	
795	
795	
797	
797	
799	
799	
800	
801	
802	
802	
805	
3340	
3345	
3349	
3350	
3354	
3358	
3363	
3365	
3367	
3367	
3369	
3372	
3376	
3379	
3382	
3384	
3387	
3393	
3395	
3397	
3399	
3402	
3410	
3414	
3416	
3423	
3426	
3429	
3430	
3435	
3436	
3439	
3442	
3446	
3450	
3453	
3459	
3464	
3465	
3469	
3472	
3474	
3477	
3480	
3480	
3481	
3483	
3490	
3493	
3499	
3501	
3505	
3508	
3509	
3512	
3514	
3517	
3521	
3522	
3524	
3525	
3526	
3528	
3531	
3534	
3537	
3537	
3538	
3541	
3544	
3547	
3548	
3548	
3553	
3556	
3558	
3561	
3565	
3566	
3572	
3575	
3575	
3577	
3582	
3583	
3584	
3584	
3586	
3588	
3588	
3594	
3594	
3596	
3598	
3600	
3603	
3603	
3605	
3606	
3609	
3073	
3074	
3076	
3077	
3078	
3080	
3082	
3084	
3087	
3088	
3089	
3092	
3094	
3095	
3096	
3098	
3100	
3100	
3101	
3102	
3102	
3103	
3104	
3106	
3109	
3111	
3111	
3113	
3113	
3114	
3117	
3117	
3118	
3119	
3120	
3121	
3124	
3125	
3125	
3130	
3132	
3133	
3136	
3136	
3138	
3139	
3142	
3142	
3143	
3146	
3149	
3150	
3152	
3153	
3155	
3157	
3159	
3160	
3163	
3165	
3166	
3167	
3167	
3169	
3171	
3171	
3173	
3175	
3177	
3180	
3183	
3183	
3185	
3185	
3185	
3185	
3189	
3191	
3192	
3193	
3194	
3194	
3195	
3197	
3199	
3200	
3201	
3202	
3202	
3202	
3205	
3205	
3206	
3207	
3208	
3209	
3211	
3212	
3214	
3214	
