n_interc	
0	
0	
0	
0	
0	
0	
0	
0	
0	
0	
0	
0	
0	
0	
0	
0	
0	
0	
0	
0	
0	
0	
0	
0	
0	
0	
0	
0	
0	
0	
0	
0	
0	
0	
0	
0	
0	
0	
0	
0	
0	
0	
0	
0	
0	
0	
0	
0	
0	
0	
0	
0	
0	
0	
0	
0	
0	
0	
0	
0	
0	
0	
0	
0	
0	
0	
0	
1	
1	
1	
1	
1	
2	
2	
2	
2	
3	
3	
3	
4	
4	
4	
4	
4	
4	
4	
4	
5	
5	
5	
6	
6	
6	
6	
6	
6	
6	
6	
7	
7	
60	
61	
61	
66	
67	
69	
70	
73	
74	
75	
75	
77	
81	
82	
83	
85	
87	
88	
90	
94	
96	
98	
98	
100	
102	
105	
107	
109	
110	
111	
112	
113	
116	
118	
119	
120	
121	
124	
127	
129	
131	
132	
134	
136	
139	
140	
141	
142	
144	
147	
148	
149	
151	
152	
153	
157	
158	
160	
162	
163	
165	
168	
170	
172	
173	
175	
177	
178	
182	
183	
184	
186	
187	
189	
190	
193	
194	
194	
196	
198	
199	
200	
203	
204	
205	
207	
208	
210	
212	
213	
215	
215	
219	
220	
221	
221	
224	
227	
229	
230	
502	
505	
508	
512	
514	
518	
519	
526	
530	
532	
536	
540	
546	
548	
552	
557	
560	
564	
568	
572	
574	
576	
581	
583	
587	
591	
595	
598	
603	
607	
610	
613	
616	
621	
623	
627	
629	
631	
638	
640	
642	
644	
647	
652	
656	
659	
662	
666	
669	
672	
676	
679	
680	
684	
686	
688	
692	
695	
696	
699	
701	
702	
704	
706	
710	
712	
712	
716	
718	
722	
725	
726	
728	
730	
730	
733	
735	
736	
738	
739	
740	
742	
743	
744	
745	
747	
747	
748	
750	
751	
751	
753	
754	
755	
757	
758	
759	
760	
760	
760	
3159	
3166	
3166	
3170	
3172	
3174	
3178	
3182	
3185	
3188	
3192	
3193	
3198	
3202	
3206	
3209	
3215	
3219	
3226	
3229	
3234	
3236	
3240	
3244	
3249	
3252	
3257	
3260	
3268	
3270	
3276	
3279	
3281	
3283	
3286	
3287	
3292	
3298	
3301	
3304	
3306	
3307	
3311	
3313	
3317	
3321	
3324	
3329	
3332	
3337	
3341	
3343	
3348	
3352	
3354	
3357	
3361	
3366	
3369	
3371	
3373	
3375	
3377	
3379	
3383	
3386	
3387	
3390	
3391	
3395	
3397	
3399	
3401	
3403	
3406	
3407	
3412	
3415	
3417	
3418	
3424	
3428	
3431	
3433	
3435	
3436	
3437	
3439	
3439	
3444	
3445	
3447	
3447	
3448	
3451	
3454	
3456	
3459	
3461	
3464	
2948	
2950	
2952	
2954	
2955	
2956	
2958	
2960	
2962	
2965	
2966	
2969	
2970	
2971	
2973	
2974	
2974	
2974	
2974	
2975	
2978	
2979	
2982	
2984	
2986	
2989	
2989	
2991	
2996	
2996	
2997	
2999	
3000	
3002	
3003	
3004	
3005	
3006	
3007	
3007	
3008	
3009	
3012	
3017	
3017	
3019	
3020	
3022	
3024	
3027	
3027	
3027	
3027	
3028	
3031	
3032	
3032	
3033	
3034	
3036	
3038	
3040	
3040	
3044	
3046	
3046	
3048	
3048	
3050	
3050	
3052	
3054	
3055	
3059	
3060	
3062	
3063	
3065	
3066	
3066	
3066	
3068	
3069	
3071	
3071	
3073	
3074	
3076	
3079	
3082	
3082	
3083	
3084	
3085	
3087	
3089	
3091	
3092	
3094	
3096	
