id	x	y	type	qual	N	n_links	count	acc	
1	0.5290865972208558	0.08782825570975693	STD	0.5949532216263689	0	18	5	0.892867134981622	
2	0.5301822646847826	0.10720123054485474	STD	0.3864121157569613	0	18	117	0.936184203811751	
3	0.5333754021576235	0.11316317727647134	STD	0.02112268103278958	0	18	16	0.8902103144010648	
4	0.5228257638719125	0.1527978029111725	STD	0.3148534821673734	1	17	156	0.9707099007308387	
5	0.5110057050013014	0.18322738970304364	STD	0.3075105648346279	16	19	1561	0.9698969349357341	
6	0.46055093200691144	0.23803676739353677	STD	0.9741998346190555	3	15	183	0.9524594845474553	
7	0.49049816672070146	0.0769888854245772	STD	0.8916519757294199	0	16	1987	0.9683903160902081	
8	0.5243639373822653	0.14811813155714765	STD	0.15558235483618899	0	18	79	0.948257435711087	
9	0.4372574223741947	0.2995079543610299	STD	0.04457369173299952	0	16	104	0.9438195024734648	
10	0.41937970228563354	0.33373740205414487	STD	0.13735405345784502	0	15	62	0.9472732098102364	
11	0.4998163145722239	0.3654513890156738	STD	0.6234428974091273	0	15	125	0.9635080468264605	
12	0.515877597084288	0.3934792280858458	STD	0.7002245913005207	0	12	31	0.9720173504794904	
13	0.527761674424959	0.4273044524055435	STD	0.7509625625193042	0	11	16	0.9711787099496649	
14	0.5279485391483765	0.45960239084181165	STD	0.014761822096413413	0	12	12	0.8911290477011456	
15	0.5178388115657108	0.47324318956320754	STD	0.9015009576583484	0	12	14	0.9662230785235207	
16	0.4983862803694047	0.5086814241359012	STD	0.14733529395940592	0	11	5	0.9526288492868157	
17	0.19045354636733625	0.002995199780724391	STD	0.6389031613639002	3	5	273	0.9378385184761205	
18	0.260845314655781	0.09852695010641736	STD	0.6587215794235455	0	7	45	0.9755071773032576	
19	0.23158108780837086	0.14021317238405023	STD	0.7169303824263684	6	10	970	0.954973054643625	
20	0.2801200648305022	0.15889412442380177	STD	0.48190140029147877	1	8	24	0.9754279892316972	
21	0.23191891500510464	0.15860984189908572	STD	0.2553281539151888	8	10	669	0.9721361732884974	
22	0.24223756772992455	0.18442460012929646	STD	0.37731393381045253	9	8	326	0.9743154541096484	
23	0.368004880062751	0.2085094845428714	STD	0.6143163823836062	1	17	757	0.9758015415301494	
24	0.3719839740227433	0.2215652327591495	STD	0.6453055140072441	4	17	1521	0.9808204590812034	
25	0.3455553328417463	0.2744769879628167	STD	0.7238554253410443	0	15	1630	0.9743501248937022	
26	0.44093575929207557	0.3712978642887976	STD	0.3186453326511818	1	15	62	0.9728306629396563	
27	0.36967671375721445	0.41015518237073767	STD	0.7229526990574962	0	14	403	0.9576104293034036	
28	0.1573274485692997	0.4835700453482871	STD	0.1616143392852123	1	4	754	0.9118306441848124	
29	0.36716528647906305	0.4179604961228007	STD	0.15000672919626146	12	14	946	0.947970694377765	
30	0.22100419841716157	0.4019146525885682	STD	0.20780012335129872	6	7	1575	0.9545499962796334	
31	0.47787268628758284	0.5480021666943438	STD	0.11572227506103516	0	11	12	0.8953829910306997	
32	0.46676331894608003	0.6284350713290916	STD	0.5572465063972867	0	7	2	0.9576968667013331	
33	0.4608416104655608	0.7277137825604496	STD	0.32074399750818894	0	7	0	0.9603993620960816	
34	0.4626107695368043	0.8130296791693479	STD	0.7786056558579195	0	15	559	0.9262768245791595	
35	0.41096732927400903	0.7751332799821633	STD	0.888911695886347	7	12	92	0.9625136451672539	
36	0.28631860993830643	0.7727157794916976	STD	0.022449971672988234	5	9	229	0.8794920771867814	
37	0.2593266062207844	0.7914395937162324	STD	0.44894235727585086	2	7	168	0.9566208924845594	
38	0.22221233076092273	0.8261440423391756	STD	0.3166531338550833	1	6	129	0.9691243913230319	
39	0.1527652674630883	0.8358499459600879	STD	0.8887694541869049	1	7	1199	0.9485403577165871	
40	0.28962421229098206	0.869035900942634	STD	0.336611288279727	0	9	340	0.9240185830096432	
41	0.3153375768362312	0.8870629299068465	STD	0.6273353688075296	0	11	356	0.9471880135164625	
42	0.38914135655596416	0.9106268739207488	STD	0.8930317489800139	4	13	218	0.9616460239609567	
43	0.48046327153884866	0.8968259831074697	STD	0.2590686571779135	0	13	226	0.9068123094477114	
44	0.49826819224557845	0.9044854921625778	STD	0.8018320879549321	1	14	298	0.9656415464900262	
45	0.530170585639569	0.9121028717198222	STD	0.29609286366155985	0	15	50	0.9546426051850241	
46	0.4847793275811146	0.9204492747618408	STD	0.881438476907459	0	10	34	0.9573686032351246	
47	0.5764771347969846	0.9306369200322399	STD	0.1564694833275695	1	15	44	0.9318891104138904	
48	0.6001695919630531	0.9436531031548717	STD	0.683809977598475	0	15	30	0.9664110225324716	
49	0.5600944622629316	0.9598293649607524	STD	0.9918566627910679	0	13	8	0.9115887401383684	
50	0.676757136993029	0.9547977108106617	STD	0.7766724079421812	0	12	3	0.96091821224344	
51	0.7136194046106153	0.9998054959685726	STD	0.9908720515212763	0	9	0	0.9085974909157021	
52	0.7111205214921377	0.9245728367440629	STD	0.7012266061813426	0	11	1	0.9607030530504845	
53	0.7026486286056469	0.8985914288740412	STD	0.7713438698438899	0	13	6	0.9510008603578919	
54	0.6841337084613773	0.8734880730081942	STD	0.088310930415757	0	15	4	0.906111935739369	
55	0.7487391586823343	0.8203755982229649	STD	0.8461765771111545	0	12	0	0.9654486693683123	
56	0.6913128608098928	0.8026145346104842	STD	0.4257256350414864	0	18	5	0.9581784476814074	
57	0.7062995413951377	0.7555676817559628	STD	0.43247268652422366	0	15	0	0.9647065219190789	
58	0.6946833467470882	0.6969819624143379	STD	0.1580077887738589	0	14	0	0.9310783286648251	
59	0.7445355675199029	0.6959235961593058	STD	0.001324049241054448	0	8	0	0.7857007160524314	
60	0.7473714992321001	0.650423921638075	STD	0.394368384109971	0	7	0	0.9691264179165965	
61	0.7721569420072685	0.624518859745052	STD	6.580514338949683e-5	0	11	0	0.8197134129365135	
62	0.8472347325369116	0.5978493123203564	STD	0.29765487646706323	0	8	0	0.8985843221731066	
63	0.6209223901931383	0.862215538216282	EXIT	0.8606394480940973	0	11	1025	0.922223249123162	
64	0.6867054774731324	0.6640745017298447	EXIT	0.5425925974530077	0	8	1	0.8980399076787107	
65	0.7439150209175545	0.6185191430027415	EXIT	0.6205249277791614	0	8	0	0.9577392843226524	
66	0.8022264606500168	0.6031697550197176	EXIT	0.009846814998016873	0	7	0	0.8433839171810149	
67	0.7063966504933027	0.6299630166307487	EXIT	0.9149951579016553	0	8	2	0.9569166349363473	
68	0.6461870198678478	0.09215924135885288	EXIT	0.8458351066623215	0	16	3015	0.9587949986508374	
69	0.6634258961832257	0.1619477070633198	EXIT	0.17533602233837176	0	16	30	0.9282442840502939	
70	0.7037625067289622	0.06778424955955283	EXIT	0.18163072452546292	0	12	8	0.9358452180035334	
71	0.6987624479386872	0.18315924981954215	EXIT	0.8921024051563209	0	13	747	0.9585668827837299	
72	0.6538685441834395	0.0001945040314274314	STD	0.8494382237963816	0	11	0	0.9537413288160943	
73	0.559825411665789	0.03740877169667725	STD	0.07551037666889604	0	16	1	0.9212530055718864	
74	0.576153581988845	0.000263010258388662	STD	0.17968263903852844	0	16	2	0.9539240164979258	
75	0.6133145736295614	0.024517878037257763	STD	0.8670023811304781	0	17	1	0.9497036579592094	
76	0.6463688669273957	0.03557925245900701	STD	0.8936908329202842	0	16	1	0.9627335004527121	
77	0.6875197664588574	0.02368811010106969	STD	0.1094322575674107	0	13	0	0.9168210810023327	
78	0.7032177008976098	0.0027391257024041026	STD	0.5737852060688715	0	11	0	0.9130316655747267	
79	0.0	0.5406560423859028	ENTRY	0.0	0	3	1210	0.8199549106789976	
80	0.0	0.46846651195580535	ENTRY	0.0	1	3	1227	0.8427292352330252	
81	0.0	0.6002249115636347	ENTRY	0.0	1	3	1288	0.8234248523734354	
82	0.0	0.2342426741336079	ENTRY	0.0	0	3	999	0.8617455075689873	
83	0.0	0.06002485724401163	ENTRY	0.0	2	3	1028	0.8455265482787898	
