n_interc	
0	
0	
0	
0	
0	
0	
0	
0	
0	
0	
0	
0	
0	
0	
0	
0	
0	
0	
0	
0	
0	
0	
0	
0	
0	
0	
0	
0	
0	
0	
0	
0	
0	
0	
0	
0	
0	
0	
0	
0	
0	
0	
0	
0	
0	
0	
0	
0	
0	
0	
0	
0	
0	
0	
0	
0	
0	
0	
0	
0	
0	
0	
0	
0	
0	
0	
0	
0	
0	
0	
1	
1	
1	
1	
1	
1	
1	
1	
1	
1	
1	
1	
1	
1	
3	
3	
4	
4	
4	
4	
4	
4	
4	
4	
5	
5	
5	
5	
5	
5	
54	
54	
56	
57	
58	
59	
59	
63	
64	
65	
67	
68	
69	
72	
73	
74	
76	
77	
78	
84	
86	
87	
89	
90	
92	
93	
96	
97	
100	
100	
103	
104	
106	
108	
110	
112	
115	
116	
120	
121	
122	
124	
126	
127	
129	
130	
132	
133	
135	
137	
139	
141	
142	
145	
146	
149	
150	
151	
154	
155	
156	
159	
160	
161	
164	
165	
167	
168	
170	
172	
173	
174	
175	
176	
179	
182	
184	
186	
187	
189	
190	
192	
194	
195	
197	
198	
200	
203	
205	
206	
207	
208	
210	
212	
215	
216	
217	
221	
223	
224	
488	
492	
496	
501	
504	
508	
513	
515	
518	
523	
526	
530	
533	
538	
543	
546	
549	
553	
560	
562	
568	
573	
576	
580	
585	
587	
590	
592	
596	
601	
603	
608	
610	
613	
619	
621	
625	
630	
635	
639	
644	
644	
647	
649	
651	
655	
659	
663	
668	
670	
672	
676	
682	
683	
687	
689	
693	
697	
700	
702	
703	
707	
709	
710	
713	
714	
717	
717	
720	
722	
722	
726	
727	
727	
730	
731	
733	
733	
736	
737	
738	
739	
740	
742	
742	
745	
747	
749	
750	
752	
752	
755	
756	
756	
757	
759	
760	
760	
760	
762	
3164	
3166	
3170	
3176	
3179	
3187	
3191	
3197	
3201	
3204	
3206	
3210	
3215	
3219	
3225	
3230	
3237	
3242	
3247	
3253	
3257	
3261	
3262	
3267	
3272	
3278	
3282	
3284	
3289	
3294	
3296	
3302	
3305	
3307	
3310	
3312	
3319	
3323	
3325	
3332	
3339	
3340	
3343	
3345	
3354	
3357	
3357	
3358	
3361	
3364	
3366	
3372	
3376	
3379	
3385	
3388	
3391	
3392	
3395	
3401	
3402	
3404	
3409	
3412	
3416	
3422	
3422	
3426	
3427	
3428	
3431	
3432	
3434	
3435	
3439	
3440	
3444	
3446	
3449	
3454	
3456	
3457	
3459	
3461	
3463	
3465	
3465	
3466	
3469	
3471	
3471	
3474	
3478	
3479	
3481	
3486	
3487	
3488	
3489	
3490	
2977	
2979	
2981	
2982	
2985	
2985	
2986	
2988	
2990	
2994	
2997	
2998	
3001	
3001	
3005	
3010	
3012	
3012	
3015	
3017	
3018	
3019	
3020	
3021	
3022	
3024	
3024	
3026	
3028	
3028	
3030	
3031	
3031	
3035	
3035	
3037	
3038	
3038	
3040	
3045	
3046	
3048	
3049	
3050	
3051	
3052	
3055	
3057	
3061	
3064	
3068	
3068	
3069	
3072	
3078	
3078	
3079	
3080	
3081	
3083	
3085	
3085	
3088	
3089	
3091	
3093	
3095	
3097	
3098	
3098	
3098	
3101	
3102	
3103	
3104	
3106	
3106	
3109	
3110	
3111	
3112	
3113	
3117	
3119	
3120	
3123	
3126	
3129	
3130	
3133	
3134	
3139	
3141	
3145	
3148	
3149	
3149	
3150	
3151	
3154	
