n_interc	
0	
0	
0	
0	
0	
0	
0	
0	
0	
0	
0	
0	
0	
0	
0	
0	
0	
0	
0	
0	
0	
0	
0	
0	
0	
0	
0	
0	
0	
0	
0	
0	
0	
0	
0	
0	
0	
0	
0	
0	
0	
0	
0	
0	
0	
0	
0	
0	
0	
0	
0	
0	
0	
0	
0	
0	
0	
0	
0	
0	
0	
0	
0	
1	
1	
1	
1	
1	
1	
1	
1	
1	
1	
1	
1	
1	
1	
2	
2	
2	
2	
2	
2	
2	
3	
3	
5	
5	
5	
5	
5	
5	
6	
6	
6	
6	
6	
6	
6	
7	
61	
62	
64	
66	
68	
72	
73	
74	
75	
78	
80	
81	
82	
84	
86	
87	
89	
90	
93	
95	
98	
99	
101	
102	
104	
105	
106	
108	
109	
111	
113	
114	
117	
117	
118	
121	
124	
125	
126	
129	
130	
132	
134	
137	
139	
140	
141	
143	
145	
147	
148	
151	
153	
155	
156	
157	
159	
160	
163	
165	
167	
169	
170	
172	
173	
174	
177	
178	
180	
182	
183	
185	
187	
189	
190	
191	
195	
196	
197	
200	
202	
203	
206	
207	
209	
210	
212	
213	
215	
217	
219	
220	
222	
223	
225	
227	
228	
230	
231	
233	
511	
514	
519	
521	
525	
530	
535	
539	
542	
545	
549	
553	
557	
561	
566	
570	
575	
578	
582	
584	
589	
593	
595	
596	
600	
604	
608	
611	
615	
618	
623	
627	
632	
635	
639	
642	
645	
648	
652	
655	
659	
662	
666	
669	
672	
675	
678	
682	
684	
687	
690	
693	
696	
699	
702	
705	
708	
709	
712	
715	
718	
721	
722	
725	
728	
731	
734	
737	
739	
742	
745	
747	
749	
751	
752	
752	
753	
755	
756	
759	
761	
761	
763	
765	
767	
768	
770	
771	
773	
774	
776	
777	
778	
778	
779	
780	
780	
782	
783	
783	
3252	
3258	
3261	
3265	
3271	
3277	
3281	
3288	
3294	
3299	
3303	
3305	
3307	
3311	
3321	
3324	
3327	
3330	
3335	
3337	
3338	
3343	
3346	
3352	
3356	
3360	
3363	
3366	
3368	
3371	
3374	
3378	
3383	
3386	
3394	
3396	
3399	
3404	
3406	
3412	
3415	
3420	
3425	
3431	
3433	
3441	
3443	
3444	
3449	
3453	
3458	
3460	
3464	
3471	
3473	
3477	
3481	
3484	
3486	
3490	
3496	
3499	
3501	
3501	
3504	
3505	
3508	
3510	
3513	
3514	
3515	
3520	
3526	
3526	
3530	
3534	
3535	
3536	
3541	
3543	
3544	
3546	
3550	
3552	
3554	
3561	
3564	
3565	
3566	
3568	
3572	
3574	
3575	
3577	
3581	
3583	
3583	
3585	
3588	
3592	
3056	
3056	
3059	
3061	
3062	
3064	
3067	
3068	
3072	
3075	
3077	
3080	
3081	
3082	
3084	
3085	
3085	
3087	
3088	
3088	
3090	
3091	
3092	
3093	
3093	
3093	
3095	
3097	
3101	
3103	
3103	
3106	
3108	
3109	
3110	
3111	
3112	
3113	
3115	
3116	
3117	
3119	
3120	
3120	
3121	
3123	
3123	
3124	
3124	
3125	
3125	
3125	
3127	
3129	
3132	
3134	
3137	
3140	
3142	
3142	
3144	
3144	
3146	
3147	
3148	
3149	
3149	
3151	
3153	
3153	
3155	
3158	
3159	
3162	
3163	
3165	
3166	
3170	
3172	
3173	
3173	
3175	
3176	
3178	
3179	
3182	
3183	
3183	
3184	
3187	
3188	
3189	
3190	
3191	
3194	
3194	
3194	
3196	
3200	
3201	
