n_interc	
0	
0	
0	
0	
0	
0	
0	
0	
0	
0	
0	
0	
0	
0	
0	
0	
0	
0	
0	
0	
0	
0	
0	
0	
0	
0	
0	
0	
0	
0	
0	
0	
0	
0	
0	
0	
0	
0	
0	
0	
0	
0	
0	
0	
0	
0	
0	
0	
0	
0	
0	
0	
0	
0	
0	
0	
0	
0	
0	
0	
0	
0	
0	
0	
0	
0	
0	
2	
2	
2	
2	
2	
2	
2	
2	
2	
2	
2	
2	
3	
3	
4	
4	
4	
4	
4	
5	
5	
5	
6	
6	
6	
6	
6	
6	
6	
6	
6	
6	
7	
59	
62	
62	
65	
65	
69	
70	
70	
73	
74	
75	
77	
79	
81	
83	
85	
85	
88	
89	
91	
92	
94	
95	
97	
100	
100	
103	
104	
106	
109	
109	
113	
114	
116	
118	
121	
122	
124	
127	
128	
130	
131	
133	
134	
136	
138	
140	
142	
145	
146	
147	
149	
151	
152	
154	
154	
157	
159	
160	
163	
166	
166	
169	
171	
173	
174	
176	
176	
178	
180	
181	
183	
186	
187	
190	
190	
192	
193	
196	
197	
199	
202	
203	
205	
207	
208	
211	
212	
214	
216	
217	
219	
221	
224	
224	
227	
229	
231	
233	
235	
510	
514	
518	
521	
525	
527	
531	
536	
539	
543	
547	
549	
554	
557	
561	
565	
567	
570	
574	
578	
582	
587	
590	
594	
596	
600	
605	
610	
613	
617	
620	
625	
628	
633	
638	
642	
644	
648	
651	
656	
661	
663	
667	
671	
676	
679	
682	
684	
689	
691	
694	
698	
699	
703	
706	
710	
712	
715	
717	
721	
724	
726	
729	
731	
733	
735	
738	
739	
742	
743	
745	
747	
750	
751	
754	
755	
757	
758	
759	
759	
762	
762	
764	
764	
765	
767	
767	
769	
771	
772	
774	
775	
776	
778	
779	
779	
781	
781	
782	
783	
3253	
3257	
3262	
3267	
3269	
3273	
3277	
3279	
3280	
3283	
3285	
3289	
3293	
3299	
3301	
3307	
3314	
3318	
3321	
3322	
3325	
3329	
3335	
3342	
3348	
3353	
3361	
3365	
3371	
3374	
3376	
3380	
3385	
3387	
3388	
3393	
3401	
3401	
3405	
3407	
3412	
3421	
3424	
3426	
3431	
3438	
3441	
3441	
3447	
3453	
3458	
3461	
3465	
3468	
3470	
3471	
3474	
3475	
3477	
3481	
3488	
3489	
3493	
3495	
3498	
3502	
3502	
3508	
3509	
3510	
3513	
3515	
3519	
3521	
3521	
3523	
3524	
3525	
3529	
3529	
3535	
3537	
3540	
3542	
3543	
3544	
3544	
3546	
3549	
3551	
3553	
3557	
3559	
3561	
3562	
3563	
3563	
3564	
3565	
3568	
3041	
3045	
3046	
3047	
3050	
3052	
3053	
3056	
3060	
3061	
3061	
3061	
3064	
3065	
3066	
3068	
3071	
3075	
3075	
3080	
3082	
3084	
3084	
3084	
3087	
3088	
3088	
3089	
3091	
3091	
3093	
3094	
3096	
3098	
3100	
3101	
3102	
3103	
3106	
3110	
3112	
3113	
3116	
3121	
3123	
3124	
3126	
3126	
3128	
3129	
3129	
3130	
3131	
3131	
3132	
3132	
3135	
3136	
3136	
3137	
3140	
3140	
3142	
3143	
3144	
3148	
3148	
3149	
3154	
3155	
3158	
3160	
3160	
3161	
3165	
3166	
3166	
3168	
3172	
3172	
3173	
3174	
3174	
3177	
3179	
3179	
3181	
3184	
3187	
3187	
3188	
3192	
3194	
3194	
3197	
3198	
3198	
3198	
3202	
3202	
