id	type	l1	l2	friction	risk	count	acc	
1	FAST	1	2	0.02151630826214646	0.0	0	74.01204846028114	
2	FAST	1	3	0.027987052819351734	0.0	0	54.54756848292558	
3	FAST	1	4	0.07302656972007415	0.0	0	20.908041912455083	
4	FAST	1	5	0.10800269310982086	0.0	0	12.41223773850778	
5	FAST	1	6	0.2005826597473596	0.0	0	6.495739466475929	
6	FAST	1	7	0.05791240055316788	0.0	0	34.1574304600234	
7	FAST	1	8	0.06855335822514483	0.0	0	21.677954780036792	
8	FAST	1	68	0.36490858423453987	0.048	0	8.050235286262259	
9	FAST	1	69	0.40115801759656244	0.048	0	5.691049901356319	
10	FAST	1	70	0.423550267947518	0.048	0	4.867828758008952	
11	FAST	1	71	0.44235053412726005	0.048	0	3.755880094044886	
12	FAST	1	72	0.28733633203502157	0.0	0	7.108265749750892	
13	FAST	1	73	0.1906077266698771	0.0	0	21.483564079054453	
14	FAST	1	74	0.20210142113627694	0.0	0	11.997052807195981	
15	FAST	1	75	0.2630703980821981	0.0	0	9.76152525515611	
16	FAST	1	76	0.3008008736105855	0.0	0	7.958504864698921	
17	FAST	1	77	0.3450902934942693	0.0	0	5.562108519449292	
18	FAST	1	78	0.36284036573475764	0.0	0	4.758170195288855	
19	FAST	2	3	0.007516752227496343	0.0	0	211.56091732687622	
20	FAST	2	4	0.05255626523813813	0.0	0	30.1673768101566	
21	FAST	2	5	0.08753238084772358	0.0	0	16.513261489202083	
22	FAST	2	6	0.18130277439888826	0.0	0	7.6949614010559415	
23	FAST	2	7	0.06458409111532147	0.0	0	27.06151870914359	
24	FAST	2	8	0.04808305763328943	0.0	0	33.55102671264774	
25	FAST	2	23	0.24993272053144797	0.0	2	5.459396488166679	
26	FAST	2	68	0.36470401260312413	0.048	0	8.18980184047937	
27	FAST	2	69	0.391780317504476	0.048	2	6.2717545119475755	
28	FAST	2	70	0.4257275325971185	0.048	0	4.4269127354792355	
29	FAST	2	71	0.43263050137245695	0.048	0	4.330577268660606	
30	FAST	2	72	0.3002858035948819	0.0	0	5.91931242640926	
31	FAST	2	73	0.2035572098999793	0.0	0	15.37127581959442	
32	FAST	2	74	0.21505090436637914	0.0	0	9.466263574209313	
33	FAST	2	75	0.2760198696420584	0.0	0	8.570628228771595	
34	FAST	2	76	0.3137503451704458	0.0	0	7.028909503874082	
35	FAST	2	77	0.3580397650541296	0.0	0	4.99884729253744	
36	FAST	3	4	0.04596140765847902	0.0	0	31.924698332743866	
37	FAST	3	5	0.08093752715814509	0.0	0	17.136137908399316	
38	FAST	3	6	0.18231210638901338	0.0	0	7.895291573084207	
39	FAST	3	7	0.06852057262560743	0.0	0	23.420984195641264	
40	FAST	3	8	0.04148820394371095	0.0	0	38.24870906499365	
41	FAST	3	23	0.253869190371492	0.0	0	5.563380266868622	
42	FAST	3	68	0.3624783762095865	0.048	0	7.926930083233836	
43	FAST	3	69	0.3866275625916361	0.048	0	6.304441403565744	
44	FAST	3	70	0.424054534998753	0.048	0	4.423405285360839	
45	FAST	3	71	0.42731742112785376	0.048	0	4.627716465526314	
46	FAST	3	72	0.30422229677540974	0.0	0	5.7207488913025095	
47	FAST	3	73	0.20749369141026527	0.0	0	14.26235220901781	
48	FAST	3	74	0.2189873742064232	0.0	0	9.252667080540617	
49	FAST	3	75	0.27995636282258624	0.0	0	9.034844363576692	
50	FAST	3	76	0.3176868383509737	0.0	0	7.4178632794758625	
51	FAST	3	77	0.36197625823465746	0.0	0	5.090537001328161	
52	FAST	4	5	0.03612179881582182	0.0	0	42.589996274482985	
53	FAST	4	6	0.131309053093839	0.0	0	11.260564648514343	
54	FAST	4	7	0.11268187659387058	0.0	0	14.895211149694909	
55	FAST	4	8	0.007503043583361338	0.0	0	281.3395575257772	
56	FAST	4	9	0.19906910328632327	0.0	0	6.453695891238145	
57	FAST	4	23	0.20219244902298494	0.0	0	6.687063312627704	
58	FAST	4	24	0.1883962275027891	0.0	4	6.466725770731965	
59	FAST	4	68	0.38518730849483807	0.048	0	6.670482681212097	
60	FAST	4	69	0.38862564188147486	0.048	4	6.408517847465595	
61	FAST	4	71	0.42626530464684514	0.048	0	4.8264615598429454	
62	FAST	4	73	0.25165497981820595	0.0	0	8.99041090838211	
63	FAST	4	74	0.26314868595484764	0.0	0	5.959755617630973	
64	FAST	4	75	0.32411765123052694	0.0	0	6.303401068939177	
65	FAST	4	76	0.36184812675891437	0.0	0	5.674889429462254	
66	FAST	5	6	0.09695465406038882	0.0	0	16.726886435583708	
67	FAST	5	7	0.1480079633072034	0.0	0	10.716494990379458	
68	FAST	5	8	0.04282913807685543	0.0	0	35.669057247608144	
69	FAST	5	9	0.1647147042528731	0.0	0	8.19473365012338	
70	FAST	5	10	0.20580158024837855	0.0	0	5.797223509438086	
71	FAST	5	11	0.315176425388388	0.0	0	5.205259816377109	
72	FAST	5	23	0.1678380499895348	0.0	4	7.5984412234228325	
73	FAST	5	24	0.1540418323594195	0.0	111	7.5211333855220435	
74	FAST	5	25	0.21818540685428356	0.0	790	4.584104744941172	
75	FAST	5	68	0.41072317596004826	0.048	0	5.577473281405332	
76	FAST	5	69	0.4016265693558544	0.048	901	4.3907316512177434	
77	FAST	5	71	0.4354848530175842	0.048	1	4.4660387205088865	
78	FAST	5	73	0.2869810937621032	0.0	0	6.484940077320966	
79	FAST	5	74	0.2984747765582611	0.0	0	5.095213167573814	
80	FAST	5	75	0.3594437418339404	0.0	0	4.6377865652779	
81	FAST	6	7	0.22348282140222536	0.0	0	6.6253871346946305	
82	FAST	6	8	0.1367366608602571	0.0	0	10.673746537786288	
83	FAST	6	9	0.07023925303818712	0.0	0	20.81127029962004	
84	FAST	6	10	0.11132612125353132	0.0	0	12.1512904154125	
85	FAST	6	11	0.2207009547232989	0.0	0	8.358712458335836	
86	FAST	6	12	0.25762382228263525	0.0	0	6.266905744943752	
87	FAST	6	23	0.1142018866986697	0.0	0	12.233414671739151	
88	FAST	6	24	0.1001154807239066	0.0	0	14.465271516623966	
89	FAST	6	25	0.16454923189317652	0.0	0	9.316045732088439	
90	FAST	6	26	0.15947391760864105	0.0	0	8.918525938588315	
91	FAST	7	8	0.10798518774699241	0.0	0	16.53098365637977	
92	FAST	7	23	0.2485729428477388	0.0	2	5.733157604315259	
93	FAST	7	24	0.2631165461086946	0.0	1865	2.691739619005105	
94	FAST	7	68	0.40415430617655823	0.048	0	5.535225026230017	
95	FAST	7	69	0.4403988038214797	0.048	1859	1.732788819677722	
96	FAST	7	72	0.25068690991330783	0.0	0	5.478537508843058	
97	FAST	7	73	0.15395831621840525	0.0	0	15.63451308703839	
98	FAST	7	74	0.16545201068480506	0.0	0	10.510999334324977	
99	FAST	7	75	0.22642097596048436	0.0	0	7.983991710751104	
100	FAST	7	76	0.26415145148887176	0.0	0	6.2046008575730465	
101	FAST	8	9	0.20593583471103105	0.0	0	6.055618930265884	
102	FAST	8	23	0.20905918044769273	0.0	2	6.147833410874335	
103	FAST	8	24	0.19526296281757746	0.0	28	6.4211977477262625	
104	FAST	8	68	0.381788758681206	0.048	0	7.199219440066544	
105	FAST	8	69	0.3874760334580042	0.048	30	6.371215167656512	
106	FAST	8	71	0.4256121061407696	0.048	0	5.08159416081772	
107	FAST	8	72	0.34401116178742613	0.0	0	4.416052306977365	
108	FAST	8	73	0.2472825797627654	0.0	0	9.536901580948102	
109	FAST	8	74	0.25877625866884274	0.0	0	7.264908614891893	
110	FAST	8	75	0.3197452278346027	0.0	0	6.262710690500105	
111	FAST	8	76	0.3574757033629901	0.0	0	5.613480864192267	
112	FAST	9	10	0.042910483552879006	0.0	0	35.143499786099966	
113	FAST	9	11	0.15228532869288847	0.0	0	12.760804685122002	
114	FAST	9	12	0.18920818458198294	0.0	0	9.444389708237955	
115	FAST	9	13	0.22995744825989792	0.0	0	6.9806195915615294	
116	FAST	9	14	0.25331769753086336	0.0	0	5.3549227581436885	
117	FAST	9	15	0.24757465090643752	0.0	0	5.298410061159629	
118	FAST	9	23	0.17921559053844677	0.0	0	9.548526294995114	
119	FAST	9	24	0.16512918067360308	0.0	0	11.519607711235672	
120	FAST	9	25	0.17977600333395677	0.0	0	12.53012583137664	
121	FAST	9	26	0.09105827990798876	0.0	0	18.80245205763173	
122	FAST	9	27	0.17848346569391205	0.0	0	8.436518439814284	
123	FAST	9	29	0.1855811706559399	0.0	0	8.109228321540776	
124	FAST	10	11	0.10937484514000945	0.0	0	14.565189582120482	
125	FAST	10	12	0.1462977010291039	0.0	0	11.385043417263738	
126	FAST	10	13	0.18704696470701887	0.0	0	7.568585014878622	
127	FAST	10	14	0.21040721786806496	0.0	0	6.174934864281818	
128	FAST	10	15	0.2046641673535585	0.0	0	6.454765065657331	
129	FAST	10	16	0.20323672949747695	0.0	0	5.476143997259199	
130	FAST	10	23	0.213153638132304	0.0	0	8.089171773228419	
131	FAST	10	24	0.199016878953885	0.0	0	9.449446805210906	
132	FAST	10	25	0.13705416535107862	0.0	0	13.351675749749722	
133	FAST	10	26	0.04814779635510974	0.0	0	30.62443318628329	
134	FAST	10	27	0.1355729938112749	0.0	0	13.48642363299414	
135	FAST	10	29	0.14267068710306088	0.0	0	13.13997497460979	
136	FAST	11	12	0.0364924262477068	0.0	0	41.01888097488205	
137	FAST	11	13	0.07678160230952209	0.0	0	19.359479557080746	
138	FAST	11	14	0.1121667443368769	0.0	0	12.320404049969843	
139	FAST	11	15	0.13120902745063714	0.0	0	11.093977885073413	
140	FAST	11	16	0.21670056307836655	0.0	0	7.421954901520611	
141	FAST	11	24	0.31300570982660975	0.0	0	5.059206940579862	
142	FAST	11	25	0.2510430001138839	0.0	0	5.618467782212664	
143	FAST	11	26	0.0629029032998397	0.0	0	23.01661210478213	
144	FAST	11	27	0.15032809297584365	0.0	0	8.300437493599212	
145	FAST	11	29	0.1574258018279521	0.0	0	7.56574595262499	
146	FAST	11	31	0.2612748846871239	0.0	0	5.703805592494888	
147	FAST	12	13	0.041186765485885346	0.0	0	38.28037021525316	
148	FAST	12	14	0.0765719114033208	0.0	0	18.765303002069032	
149	FAST	12	15	0.09561419451708102	0.0	0	16.50125569598568	
150	FAST	12	16	0.14372326122945295	0.0	0	9.786327495894893	
151	FAST	12	26	0.09403059326424705	0.0	0	15.918149530067828	
152	FAST	12	27	0.1814557907204122	0.0	0	7.238184763322245	
153	FAST	12	29	0.18855348401219818	0.0	0	6.701473041366957	
154	FAST	12	31	0.19481717124778766	0.0	0	6.838493617937287	
155	FAST	13	14	0.035643937421330284	0.0	0	40.01675509920807	
156	FAST	13	15	0.05468622442517113	0.0	0	29.133612106298784	
157	FAST	13	16	0.10279528335738179	0.0	0	15.357851490726347	
158	FAST	13	26	0.13496519205354798	0.0	0	11.86361423264258	
159	FAST	13	27	0.22239038950971318	0.0	0	6.637710576636119	
160	FAST	13	29	0.22948808669157972	0.0	0	6.5973469945188725	
161	FAST	13	31	0.15388919337571655	0.0	0	8.483472590362997	
162	FAST	14	15	0.019130319528464904	0.0	0	80.59930440964479	
163	FAST	14	16	0.06723938624083681	0.0	0	24.190695972977544	
164	FAST	14	26	0.1630868027618412	0.0	0	9.40932943385193	
165	FAST	14	27	0.2503014029230186	0.0	0	6.025129787219632	
166	FAST	14	29	0.25739912344536897	0.0	0	6.22472186536173	
167	FAST	14	31	0.1183333001492522	0.0	0	11.770426188174238	
168	FAST	14	32	0.21194727355834295	0.0	0	6.218893110317202	
169	FAST	15	16	0.048585982817270716	0.0	0	34.64385202083768	
170	FAST	15	26	0.15747477794306555	0.0	0	8.902406310173626	
171	FAST	15	27	0.244689378104243	0.0	0	6.3052455100579925	
172	FAST	15	29	0.25178707528610955	0.0	0	6.40582288748845	
173	FAST	15	31	0.09967989283560547	0.0	0	14.926823311738984	
174	FAST	15	32	0.1932938779149381	0.0	0	6.7487535959291085	
175	FAST	16	26	0.15613073174541822	0.0	0	8.070608176969087	
176	FAST	16	27	0.24334533190659563	0.0	0	6.230441162160956	
177	FAST	16	29	0.250443052428946	0.0	0	6.59271186039866	
178	FAST	16	31	0.05291526521902438	0.0	0	30.668156950191417	
179	FAST	16	32	0.14652924640827636	0.0	0	9.300747231800647	
180	FAST	17	18	0.144492633596006	0.0	0	10.023882850041822	
181	FAST	17	19	0.20948451408345695	0.0	73	7.564517816139708	
182	FAST	17	20	0.22112509410431017	0.0	22	5.527743343070674	
183	FAST	17	21	0.2301959607734761	0.0	5	6.418799005103963	
184	FAST	18	19	0.06547912086633792	0.0	0	24.26294908808028	
185	FAST	18	20	0.07711971255743301	0.0	0	21.284771761174632	
186	FAST	18	21	0.08619056366627643	0.0	0	19.509279502111713	
187	FAST	18	22	0.11826343430116347	0.0	0	14.58847500146586	
188	FAST	18	23	0.2031332533527576	0.0	0	7.009852531682512	
189	FAST	18	24	0.21725088889480668	0.0	0	6.543285067485714	
190	FAST	19	20	0.0557718564567446	0.0	0	25.415787141474773	
191	FAST	19	21	0.020826386902350846	0.0	0	77.00752039173494	
192	FAST	19	22	0.052899253647157266	0.0	0	28.39669125015782	
193	FAST	19	23	0.18178540114214978	0.0	7	7.285418154935438	
194	FAST	19	24	0.19590302501395698	0.0	1074	4.815530268062149	
195	FAST	19	25	0.25918542512951476	0.0	16	5.637077755161028	
196	FAST	20	21	0.051960300995763854	0.0	0	27.098512911950188	
197	FAST	20	22	0.057609725049702395	0.0	0	29.47054806982947	
198	FAST	20	23	0.12831906321120456	0.0	1	12.459888350986652	
199	FAST	20	24	0.14243669875325368	0.0	20	11.103406715422324	
200	FAST	20	25	0.20571908719856957	0.0	1	8.254362371538194	
201	FAST	21	22	0.03241731782414188	0.0	0	51.039965726170934	
202	FAST	21	23	0.177942145414127	0.0	2	7.741906459998496	
203	FAST	21	24	0.1920597848462567	0.0	916	5.725937553151546	
204	FAST	21	25	0.25534216940149196	0.0	1	6.408528618939314	
205	FAST	22	23	0.18354915202889183	0.0	0	9.210897144170351	
206	FAST	22	24	0.19766678757094094	0.0	0	8.37936959467681	
207	FAST	22	25	0.2609491876864987	0.0	0	7.332776474056236	
208	FAST	23	24	0.014785710209034767	0.0	0	101.08651843376315	
209	FAST	23	25	0.07806810643451191	0.0	0	19.333029204546214	
210	FAST	23	26	0.26582657077857297	0.0	0	5.350434650100324	
211	FAST	24	25	0.06401010971857911	0.0	0	22.382003863423304	
212	FAST	24	26	0.25176857017255955	0.0	0	6.552069054059546	
213	FAST	24	27	0.3391937559584829	0.0	0	5.120508437683473	
214	FAST	25	26	0.1896613206239994	0.0	0	8.199028598375973	
215	FAST	25	27	0.2770865064099227	0.0	0	7.5789810056820155	
216	FAST	25	29	0.28418422304219243	0.0	0	7.259888725566769	
217	FAST	25	30	0.4521379951502652	0.0	774	3.9361272526478657	
218	FAST	26	27	0.08793642018212716	0.0	0	15.554555433062715	
219	FAST	26	29	0.09503412125407436	0.0	0	13.882014646749942	
220	FAST	26	31	0.2001531209344359	0.0	0	5.9918134676073205	
221	FAST	27	29	0.009295402123045745	0.0	0	176.36524178745734	
222	FAST	27	30	0.1772491897914411	0.0	0	7.549395798418492	
223	FAST	27	31	0.28774323446876776	0.0	0	5.424770947490604	
224	FAST	28	30	0.15944353607893208	0.0	123	10.734832762118955	
225	FAST	29	30	0.16795380711879848	0.0	0	7.224819837797576	
226	FAST	29	31	0.2954023675373496	0.0	0	5.697350549401532	
227	FAST	31	32	0.09361397729917137	0.0	0	15.359519310513388	
228	FAST	31	33	0.20448155529861253	0.0	0	6.156373540206566	
229	FAST	32	33	0.11533800808672107	0.0	0	12.483142709361266	
230	FAST	32	34	0.21282922874836685	0.0	0	5.49209535095091	
231	FAST	32	35	0.1856925008734483	0.0	0	7.043014068855597	
232	FAST	33	34	0.09994297898851423	0.0	0	14.958114291904701	
233	FAST	33	35	0.08939985684434527	0.0	0	18.028970196533162	
234	FAST	33	36	0.23577195177538954	0.0	0	5.902802727643738	
235	FAST	33	43	0.21187265792180676	0.0	0	5.858667258241737	
236	FAST	33	44	0.23313834384937832	0.0	0	5.960124949840549	
237	FAST	34	35	0.07425086367565223	0.0	0	20.609812027449752	
238	FAST	34	36	0.22119958914834686	0.0	220	5.5415132430783105	
239	FAST	34	40	0.21309968660406667	0.0	12	5.727788069222177	
240	FAST	34	41	0.19701331626663482	0.0	2	6.662704969286732	
241	FAST	34	42	0.19652467156864095	0.0	2	9.401572057559637	
242	FAST	34	43	0.11495453171851999	0.0	0	14.953836430409758	
243	FAST	34	44	0.1362202176460916	0.0	0	12.359371048761027	
244	FAST	34	45	0.17083477360173724	0.0	0	9.890526861457474	
245	FAST	34	46	0.1415772009986984	0.0	0	11.208518701540665	
246	FAST	34	47	0.2729031837234328	0.0	0	6.033723232429053	
247	FAST	34	48	0.30365908701192784	0.0	0	5.083013281449981	
248	FAST	34	49	0.2550983585980977	0.0	0	5.8510645703834365	
249	FAST	34	63	0.41350450727089905	0.048	235	4.777360310715523	
250	FAST	35	36	0.15314777123847956	0.0	0	9.039194244045467	
251	FAST	35	37	0.18349454307702828	0.0	289	6.777036850677567	
252	FAST	35	40	0.18010409662424917	0.0	0	6.909442113251613	
253	FAST	35	41	0.1906017709564348	0.0	0	7.524963991433499	
254	FAST	35	42	0.2441990567814982	0.0	0	7.651850247795372	
255	FAST	35	43	0.16262891693137727	0.0	255	7.4282419607561945	
256	FAST	35	44	0.18389460285894885	0.0	33	6.940740734801202	
257	FAST	35	45	0.21850915881459448	0.0	1	5.492608957225777	
258	FAST	35	46	0.18925158232147501	0.0	0	7.137516762427302	
259	FAST	36	37	0.03814278128412667	0.0	8	41.48644146540645	
260	FAST	36	38	0.11676273844668511	0.0	164	14.941861606899822	
261	FAST	36	39	0.19725989680743664	0.0	52	6.970450695374684	
262	FAST	36	40	0.1635373363399172	0.0	1	12.07105875909933	
263	FAST	36	41	0.3269651669101407	0.0	1	8.776548164507775	
264	FAST	36	42	0.39092006082427827	0.0	0	4.902710727960501	
265	FAST	37	38	0.08093381602122546	0.0	3	24.74798366215867	
266	FAST	37	39	0.15061684588073954	0.0	0	10.027311047670706	
267	FAST	37	40	0.14019839693063493	0.0	24	15.192554189225811	
268	FAST	37	41	0.3579232571393046	0.0	3	8.495253092154355	
269	FAST	37	42	0.4218781277129583	0.0	2	4.744997445300675	
270	FAST	38	39	0.08372419808664779	0.0	0	18.175780721104204	
271	FAST	38	40	0.11208962348841593	0.0	830	12.639877034143538	
272	FAST	38	41	0.40779445257479646	0.0	85	8.004426154364516	
273	FAST	38	42	0.46110764581155694	0.0	134	4.145466154688456	
274	FAST	39	40	0.19341849275779302	0.0	670	6.82147697468642	
275	FAST	39	41	0.48912332573425416	0.0	4	4.553835299887337	
276	FAST	40	41	0.2986730228472532	0.0	0	35.63462734855747	
277	FAST	40	42	0.3519861888534493	0.0	0	9.316665924102614	
278	FAST	40	43	0.30170619262486453	0.0	1493	3.181388799027027	
279	FAST	41	42	0.25357444285234754	0.0	0	13.306458125231288	
280	FAST	41	43	0.20648708636666077	0.0	86	6.342124596116945	
281	FAST	41	44	0.22937622353302517	0.0	3	5.8833526947417525	
282	FAST	41	46	0.2310540153081182	0.0	0	6.010688596223857	
283	FAST	42	43	0.11780820928584947	0.0	126	13.47567450198514	
284	FAST	42	44	0.13084020112608316	0.0	3	10.876257133126185	
285	FAST	42	45	0.16679591294946913	0.0	0	7.635197866054272	
286	FAST	42	46	0.1325179929011762	0.0	0	13.198590683813894	
287	FAST	42	47	0.24937123796376515	0.0	2	5.203350273058148	
288	FAST	42	49	0.20710935144416465	0.0	0	6.180031758041824	
289	FAST	43	44	0.023101644490940768	0.0	0	69.72128289984666	
290	FAST	43	45	0.05771618877634452	0.0	0	24.616363002798302	
291	FAST	43	46	0.0288340089539606	0.0	0	55.11089510991888	
292	FAST	43	47	0.159784610568282	0.0	0	11.966879970017349	
293	FAST	43	48	0.19054051385677703	0.0	0	8.954424444524971	
294	FAST	43	49	0.14197978544294687	0.0	0	11.944165270502184	
295	FAST	43	63	0.3923885515678148	0.048	1955	2.9579435098935054	
296	FAST	44	45	0.03650977211722949	0.0	0	42.57082605300758	
297	FAST	44	46	0.02575993886862073	0.0	0	68.47312034368785	
298	FAST	44	47	0.14086488833480484	0.0	0	14.682835771120711	
299	FAST	44	48	0.171620779953058	0.0	0	11.039313909149058	
300	FAST	44	49	0.12306006320946969	0.0	0	14.662578421966819	
301	FAST	44	50	0.2795338767258421	0.0	0	5.184845102361696	
302	FAST	44	54	0.4062621031342436	0.0	0	4.771319089640162	
303	FAST	44	63	0.3774616757931424	0.048	39	6.90095320475984	
304	FAST	45	46	0.05900224943214269	0.0	0	29.884214609687017	
305	FAST	45	47	0.11029916330807826	0.0	0	25.32969963742234	
306	FAST	45	48	0.1410550549263314	0.0	0	16.226784722604798	
307	FAST	45	49	0.07388850655518356	0.0	0	24.068243746441325	
308	FAST	45	50	0.2303623317417979	0.0	0	7.073782970149474	
309	FAST	45	52	0.29512067512879453	0.0	0	5.378051807656569	
310	FAST	45	53	0.3237251926661545	0.0	0	5.402485653443403	
311	FAST	45	54	0.3570905581501994	0.0	0	5.864283215487377	
312	FAST	45	56	0.4526480314016355	0.0	0	3.944271326840037	
313	FAST	45	63	0.3512879165346726	0.048	1	9.754693685971125	
314	FAST	46	47	0.15177768484110474	0.0	0	12.343842722454054	
315	FAST	46	48	0.1825335725692773	0.0	0	9.868407803932467	
316	FAST	46	49	0.1095157983215043	0.0	0	14.442628572835037	
317	FAST	47	48	0.033308403033401005	0.0	0	49.7416692245056	
318	FAST	47	49	0.04335293354340888	0.0	0	40.947555695013136	
319	FAST	47	50	0.13698732987579948	0.0	0	12.383944006592507	
320	FAST	47	51	0.1911754722673719	0.0	0	6.77949397375347	
321	FAST	47	52	0.21128708019471065	0.0	0	8.384256252578767	
322	FAST	47	53	0.2398915977320707	0.0	0	8.527657923343622	
323	FAST	47	54	0.2732569865565993	0.0	0	8.391140877160124	
324	FAST	47	56	0.3688144364675517	0.0	0	5.129360985061741	
325	FAST	47	63	0.32931771848225994	0.048	2	12.71972746698541	
326	FAST	48	49	0.07429681330803665	0.0	0	30.652288555011825	
327	FAST	48	50	0.10466340899746844	0.0	0	15.864428899225116	
328	FAST	48	51	0.15885155138904086	0.0	0	9.272910839162613	
329	FAST	48	52	0.17896317098662154	0.0	0	10.184986323446637	
330	FAST	48	53	0.2075677001942234	0.0	0	10.167692318401807	
331	FAST	48	54	0.2409330695683489	0.0	0	9.894864853476847	
332	FAST	48	55	0.31065396158262065	0.0	0	4.820090953671697	
333	FAST	48	56	0.33649051558922066	0.0	0	5.424307893404496	
334	FAST	48	63	0.33176830010421277	0.048	0	12.514196630570936	
335	FAST	49	50	0.1566683642287674	0.0	0	10.544761711643288	
336	FAST	49	51	0.1845573986865216	0.0	0	6.970766344255496	
337	FAST	49	52	0.22142669594552217	0.0	0	6.938662427783359	
338	FAST	49	53	0.25003121348288215	0.0	0	6.531958843825392	
339	FAST	49	54	0.28339660619749146	0.0	0	6.570059273414688	
340	FAST	50	51	0.08115968188268026	0.0	0	22.343058765526692	
341	FAST	50	52	0.07399500529255132	0.0	0	28.2685804645361	
342	FAST	50	53	0.10259952671999197	0.0	0	20.856498368334652	
343	FAST	50	54	0.13596489609411744	0.0	0	14.407070120590847	
344	FAST	50	55	0.20568579977863108	0.0	0	6.779003272511259	
345	FAST	50	56	0.2315223537852311	0.0	0	6.8805490660956785	
346	FAST	50	57	0.28310399822269255	0.0	0	4.3664902573714794	
347	FAST	51	52	0.0866936794642085	0.0	0	17.31988148177358	
348	FAST	51	53	0.1152981970015685	0.0	0	12.175654719136947	
349	FAST	51	54	0.14866356637569397	0.0	0	8.998778447739925	
350	FAST	51	55	0.21838445838996573	0.0	0	5.702549250667197	
351	FAST	51	56	0.2442210123965657	0.0	0	5.046087152869604	
352	FAST	52	53	0.027119747672974932	0.0	0	50.19000424389556	
353	FAST	52	54	0.06466182659652175	0.0	0	21.985246749737314	
354	FAST	52	55	0.13438272639095475	0.0	0	10.934074049015237	
355	FAST	52	56	0.16021928039755476	0.0	0	9.602347258379451	
356	FAST	52	57	0.2118009365052582	0.0	0	6.327984924618819	
357	FAST	53	54	0.03255763303241363	0.0	0	44.24942642148879	
358	FAST	53	55	0.1392847375834884	0.0	0	13.684552371794016	
359	FAST	53	56	0.12811509072352725	0.0	0	12.162182280598728	
360	FAST	53	57	0.1796967429411501	0.0	0	7.611060768065667	
361	FAST	53	58	0.2558494359154547	0.0	0	5.049432912203947	
362	FAST	53	63	0.337184139804537	0.048	0	11.1649629979909	
363	FAST	54	55	0.09882882488577224	0.0	0	14.997733226503376	
364	FAST	54	56	0.09594506921502285	0.0	0	18.207753495348253	
365	FAST	54	57	0.14752673699296817	0.0	0	9.807100454980755	
366	FAST	54	58	0.2236794182970309	0.0	0	6.0941710731446355	
367	FAST	54	59	0.23363279643775064	0.0	0	5.293673804201485	
368	FAST	54	63	0.31193667033525635	0.048	0	16.16017419338353	
369	FAST	55	56	0.10245118238530287	0.0	0	22.40210951529038	
370	FAST	55	57	0.11688081406400345	0.0	0	16.593336846326586	
371	FAST	55	58	0.19303349536806622	0.0	0	8.630662693276648	
372	FAST	55	59	0.15404239253103003	0.0	0	8.980191396409607	
373	FAST	55	60	0.199998124561872	0.0	0	5.822936735314502	
374	FAST	55	61	0.21647929140213404	0.0	0	5.295059600679989	
375	FAST	56	57	0.051750960196819136	0.0	0	26.884664068287346	
376	FAST	56	58	0.12790363761080126	0.0	0	11.15361860616665	
377	FAST	56	59	0.1378570196416016	0.0	0	9.923450639513122	
378	FAST	56	60	0.1863277627103322	0.0	0	6.692135858048349	
379	FAST	56	61	0.2295672264918869	0.0	0	5.5849113967527995	
380	FAST	56	63	0.3399620284812417	0.048	0	11.367202867134214	
381	FAST	56	64	0.38634472259083835	0.048	0	6.599787498438964	
382	FAST	56	65	0.43919115018064	0.048	0	4.1717170616162464	
383	FAST	56	67	0.42103726473208475	0.048	0	5.08837983594068	
384	FAST	57	58	0.07675344979601327	0.0	0	22.771510158449125	
385	FAST	57	59	0.08670683571689426	0.0	0	16.636804689272342	
386	FAST	57	60	0.13517757878562484	0.0	0	10.399960051253741	
387	FAST	57	61	0.17841704256717958	0.0	0	7.463900608947634	
388	FAST	57	63	0.384340773682992	0.048	0	6.3509837065830625	
389	FAST	57	64	0.3412958770645092	0.048	0	10.37312819712117	
390	FAST	57	65	0.38984504348251814	0.048	0	6.099332517229162	
391	FAST	57	66	0.42780336506585737	0.048	0	4.711830150895051	
392	FAST	57	67	0.37333280038000694	0.048	0	7.101503921378908	
393	FAST	58	59	0.07200593315564248	0.0	0	26.661116841328727	
394	FAST	58	60	0.08743951295287825	0.0	0	19.248291854647434	
395	FAST	58	61	0.1310579211587018	0.0	0	10.618650913675978	
396	FAST	58	62	0.255370979338627	0.0	0	5.758230749516583	
397	FAST	58	63	0.42867785119451274	0.048	0	4.281327938199389	
398	FAST	58	64	0.2815888030664809	0.048	0	32.10011114558245	
399	FAST	58	65	0.3403573143357273	0.048	0	11.642473315172868	
400	FAST	58	66	0.39043847436779794	0.048	0	6.403681088431519	
401	FAST	58	67	0.31576294598180515	0.048	0	16.317475874914653	
402	FAST	59	60	0.049577043098683535	0.0	0	27.973672102095815	
403	FAST	59	61	0.09281650299015765	0.0	0	16.154235131303313	
404	FAST	59	62	0.19190307683821625	0.0	0	7.852121775048456	
405	FAST	60	61	0.04366750880351709	0.0	0	37.77699480726777	
406	FAST	60	62	0.16798056309336168	0.0	0	10.087455479233835	
407	FAST	61	62	0.1284738884202208	0.0	0	15.356947176092632	
408	FAST	61	64	0.34189073151411264	0.048	0	10.291170811400637	
409	FAST	61	65	0.27660027650124386	0.048	0	40.80679854361024	
410	FAST	61	66	0.2846057362515169	0.048	0	30.065351468723406	
411	FAST	61	67	0.313713359586781	0.048	0	15.50039535237775	
412	FAST	62	64	0.4213812504185731	0.048	0	4.909864111248027	
413	FAST	62	65	0.3530950978131749	0.048	0	8.990302569400525	
414	FAST	62	66	0.29304974429611425	0.048	0	24.085524159428935	
415	FAST	62	67	0.39218104977363377	0.048	0	5.789864990288473	
416	FAST	64	65	0.3208596406357785	0.048	0	14.027438394733405	
417	FAST	64	66	0.37832092189058875	0.048	0	7.714632902563884	
418	FAST	64	67	0.28711509697401516	0.048	0	28.87833443315886	
419	FAST	65	66	0.30802592284334046	0.048	0	17.528945684613237	
420	FAST	65	67	0.2869529669048198	0.048	0	27.102895256174776	
421	FAST	66	67	0.34723302916346765	0.048	0	10.024229140222237	
422	FAST	68	69	0.31961417983176404	0.048	0	14.984614616643295	
423	FAST	68	70	0.31025070892562745	0.048	0	16.690203599285915	
424	FAST	68	71	0.35282413558903386	0.048	0	8.742953250438553	
425	FAST	68	73	0.3499823949333256	0.048	0	10.103183866386718	
426	FAST	68	74	0.36326856556838494	0.048	0	8.272633089328748	
427	FAST	68	75	0.32293415966345773	0.048	0	14.098169253021192	
428	FAST	68	76	0.3043083788413486	0.048	0	19.23368376569527	
429	FAST	68	77	0.3277074185209801	0.048	0	12.665930641662593	
430	FAST	68	78	0.3537868345681008	0.048	0	9.296839124867724	
431	FAST	69	70	0.35016734253612003	0.048	0	8.932305334332922	
432	FAST	69	71	0.2889421904033205	0.048	0	26.915639486331926	
433	FAST	69	73	0.409725032299345	0.048	0	5.1193868127694335	
434	FAST	69	74	0.43146268347934347	0.048	0	4.267925655384795	
435	FAST	69	75	0.3940090006189977	0.048	0	6.3348477630378905	
436	FAST	69	76	0.375242522649161	0.048	0	7.182185538170028	
437	FAST	69	77	0.3880713581061336	0.048	0	6.349791105449123	
438	FAST	69	78	0.4118340394161036	0.048	0	4.99870970475059	
439	FAST	70	71	0.36321139206122	0.048	0	7.568235464056466	
440	FAST	70	73	0.39483539525942135	0.048	0	6.083314725136143	
441	FAST	70	74	0.39209968574495196	0.048	0	6.360677323192695	
442	FAST	70	75	0.3479917875872324	0.048	0	10.39398106158106	
443	FAST	70	76	0.3135398879049619	0.048	0	16.009582444388396	
444	FAST	70	77	0.29472060910445375	0.048	0	22.90263738100744	
445	FAST	70	78	0.31277550312885255	0.048	0	15.764820769579103	
446	FAST	71	75	0.4279180643201304	0.048	0	4.532953153236154	
447	FAST	71	76	0.404332513209376	0.048	0	5.532155368479188	
448	FAST	71	77	0.40759504955365466	0.048	0	5.469506467853518	
449	FAST	71	78	0.4282032219443983	0.048	0	4.578489463382554	
450	FAST	72	73	0.14025606737595317	0.0	0	11.481393647553462	
451	FAST	72	74	0.08725546934826098	0.0	0	16.152275472398244	
452	FAST	72	75	0.06345545813248002	0.0	0	28.79124631243651	
453	FAST	72	76	0.04017865109099696	0.0	0	38.38419132363396	
454	FAST	72	77	0.04570755266690181	0.0	0	32.387232507510106	
455	FAST	72	78	0.06345764046771263	0.0	0	27.487106641302734	
456	FAST	73	74	0.05432577344421043	0.0	0	32.506422928912976	
457	FAST	73	75	0.11529474650005098	0.0	0	23.614160275720113	
458	FAST	73	76	0.1530252220284384	0.0	0	14.389248612804252	
459	FAST	73	77	0.19731463802204155	0.0	0	8.501322441583074	
460	FAST	73	78	0.21506473749309424	0.0	0	7.361672247701244	
461	FAST	74	75	0.0623156956289603	0.0	0	31.386059374691964	
462	FAST	74	76	0.10004617115734774	0.0	0	15.328235510079397	
463	FAST	74	77	0.14433558326087026	0.0	0	10.667934665405618	
464	FAST	74	78	0.16208567884184233	0.0	0	9.162640537603332	
465	FAST	75	76	0.042285826075788555	0.0	0	39.38012861620249	
466	FAST	75	77	0.087860882596482	0.0	0	17.675357963088683	
467	FAST	75	78	0.10561097428737345	0.0	0	13.453946315978804	
468	FAST	76	77	0.06410468924890102	0.0	0	31.30076484808924	
469	FAST	76	78	0.08185477704971184	0.0	0	19.909536050070635	
470	FAST	77	78	0.02740920468246461	0.0	0	54.10581897308897	
471	FAST	19	79	0.3253503198505974	0.0	532	3.513432844765538	
472	FAST	21	79	0.28343022409128854	0.0	451	3.449263067165921	
473	FAST	17	79	0.25392633860247116	0.0	53	3.777854462494162	
474	FAST	28	80	0.22278759400811704	0.0	53	5.341216860517132	
475	FAST	30	80	0.2972283010649743	0.0	666	2.972189542102634	
476	FAST	39	80	0.470639194108194	0.0	294	1.6580386735921016	
477	FAST	17	81	0.27680014074802767	0.0	49	4.437457458868279	
478	FAST	19	81	0.37700744708461564	0.0	502	2.618811326623813	
479	FAST	21	81	0.37785125491655425	0.0	491	2.7158458541041792	
480	FAST	28	82	0.30799719183988244	0.0	70	3.7602414214184376	
481	FAST	39	82	0.2802355799517526	0.0	255	3.3501301899403617	
482	FAST	38	82	0.37736926654511543	0.0	698	2.4706241908364475	
483	FAST	39	83	0.19571702507332417	0.0	197	6.177986767214476	
484	FAST	38	83	0.3130529348455633	0.0	521	3.4830550713332453	
485	FAST	37	83	0.35495425640229133	0.0	332	3.273114307935831	
