n_interc	
0	
0	
0	
0	
0	
0	
0	
0	
0	
0	
0	
0	
0	
0	
0	
0	
0	
0	
0	
0	
0	
0	
0	
0	
0	
0	
0	
0	
0	
0	
0	
0	
0	
0	
0	
0	
0	
0	
0	
0	
0	
0	
0	
0	
0	
0	
0	
0	
0	
0	
0	
0	
0	
0	
0	
0	
1	
1	
1	
1	
1	
1	
1	
1	
1	
1	
1	
1	
1	
1	
1	
1	
1	
1	
1	
1	
1	
1	
2	
2	
2	
2	
2	
2	
2	
2	
2	
2	
2	
2	
3	
5	
5	
5	
5	
5	
5	
5	
5	
6	
60	
62	
64	
64	
68	
69	
72	
72	
74	
75	
77	
79	
80	
82	
86	
88	
89	
89	
92	
94	
96	
96	
98	
101	
104	
105	
107	
109	
110	
114	
116	
116	
118	
118	
121	
123	
124	
127	
129	
130	
132	
134	
135	
136	
137	
138	
141	
141	
144	
147	
149	
149	
152	
152	
155	
157	
160	
162	
163	
164	
165	
169	
170	
172	
174	
176	
177	
178	
180	
183	
185	
186	
188	
189	
191	
193	
195	
198	
199	
200	
201	
203	
204	
206	
207	
208	
211	
212	
215	
215	
216	
218	
221	
223	
223	
225	
226	
229	
231	
232	
510	
513	
516	
521	
523	
527	
533	
538	
542	
545	
550	
552	
555	
560	
564	
569	
572	
575	
579	
585	
587	
591	
595	
598	
601	
606	
611	
615	
620	
623	
626	
627	
633	
638	
642	
646	
648	
653	
655	
657	
660	
660	
664	
667	
669	
672	
675	
678	
682	
685	
686	
690	
693	
697	
700	
702	
704	
706	
708	
709	
711	
715	
717	
720	
720	
721	
725	
728	
730	
733	
735	
737	
739	
740	
741	
743	
744	
746	
749	
751	
752	
752	
754	
755	
756	
759	
761	
763	
764	
765	
766	
769	
770	
773	
773	
775	
776	
776	
778	
781	
3231	
3238	
3242	
3248	
3254	
3257	
3263	
3268	
3272	
3277	
3282	
3282	
3284	
3289	
3291	
3295	
3299	
3302	
3305	
3311	
3315	
3320	
3326	
3328	
3331	
3334	
3335	
3340	
3344	
3346	
3350	
3353	
3354	
3359	
3361	
3363	
3367	
3369	
3370	
3374	
3376	
3379	
3381	
3385	
3388	
3391	
3394	
3398	
3405	
3407	
3410	
3412	
3415	
3419	
3420	
3424	
3426	
3428	
3430	
3434	
3436	
3438	
3442	
3444	
3449	
3452	
3454	
3456	
3459	
3460	
3464	
3465	
3467	
3469	
3471	
3473	
3473	
3474	
3478	
3479	
3480	
3483	
3485	
3490	
3492	
3495	
3498	
3500	
3502	
3503	
3506	
3507	
3510	
3512	
3513	
3516	
3519	
3524	
3529	
3530	
3008	
3008	
3010	
3010	
3010	
3013	
3014	
3015	
3018	
3020	
3023	
3026	
3028	
3029	
3032	
3032	
3034	
3038	
3040	
3041	
3041	
3044	
3046	
3046	
3048	
3049	
3051	
3052	
3057	
3058	
3059	
3059	
3061	
3066	
3069	
3071	
3071	
3074	
3075	
3075	
3076	
3077	
3079	
3079	
3080	
3080	
3082	
3084	
3084	
3087	
3090	
3091	
3092	
3093	
3097	
3102	
3103	
3104	
3106	
3108	
3110	
3111	
3111	
3112	
3114	
3116	
3117	
3118	
3118	
3119	
3120	
3120	
3123	
3124	
3125	
3126	
3127	
3129	
3130	
3131	
3134	
3135	
3137	
3139	
3139	
3142	
3143	
3144	
3145	
3146	
3148	
3149	
3149	
3150	
3151	
3153	
3156	
3160	
3160	
3162	
