id	type	l1	l2	friction	risk	count	acc	
1	FAST	1	2	0.02151630826214646	0.0	0	68.93027503094717	
2	FAST	1	3	0.027987052819351734	0.0	0	50.599010027892575	
3	FAST	1	4	0.07302656972007415	0.0	0	18.674900795770153	
4	FAST	1	5	0.10800269310982086	0.0	0	11.754464995307165	
5	FAST	1	6	0.2005826597473596	0.0	0	6.535332898356308	
6	FAST	1	7	0.05791240055316788	0.0	0	31.003604859507405	
7	FAST	1	8	0.06855335822514483	0.0	0	20.276924611756275	
8	FAST	1	68	0.36490858423453987	0.048	0	7.195690290550055	
9	FAST	1	69	0.40115801759656244	0.048	0	5.084112537347563	
10	FAST	1	70	0.423550267947518	0.048	0	4.51290630767422	
11	FAST	1	71	0.44235053412726005	0.048	0	3.659489003411652	
12	FAST	1	72	0.28733633203502157	0.0	0	6.1428905975408865	
13	FAST	1	73	0.1906077266698771	0.0	0	18.690931088037562	
14	FAST	1	74	0.20210142113627694	0.0	0	10.031985404021519	
15	FAST	1	75	0.2630703980821981	0.0	0	9.534197086521141	
16	FAST	1	76	0.3008008736105855	0.0	0	7.613363738598995	
17	FAST	1	77	0.3450902934942693	0.0	0	5.363347997540322	
18	FAST	1	78	0.36284036573475764	0.0	0	5.819815537537212	
19	FAST	2	3	0.007516752227496343	0.0	0	207.28574035470095	
20	FAST	2	4	0.05255626523813813	0.0	0	27.334038971605025	
21	FAST	2	5	0.08753238084772358	0.0	0	14.852273924828808	
22	FAST	2	6	0.18130277439888826	0.0	0	6.8916843286545255	
23	FAST	2	7	0.06458409111532147	0.0	0	25.034026548395435	
24	FAST	2	8	0.04808305763328943	0.0	0	30.91247075758815	
25	FAST	2	23	0.24993272053144797	0.0	373	4.574867562918461	
26	FAST	2	68	0.36470401260312413	0.048	6	7.715384892802809	
27	FAST	2	69	0.391780317504476	0.048	120	5.329480254707223	
28	FAST	2	70	0.4257275325971185	0.048	2	4.289606706975976	
29	FAST	2	71	0.43263050137245695	0.048	245	3.606400885312933	
30	FAST	2	72	0.3002858035948819	0.0	0	5.919514772859331	
31	FAST	2	73	0.2035572098999793	0.0	0	14.077993435228045	
32	FAST	2	74	0.21505090436637914	0.0	0	8.625458781409147	
33	FAST	2	75	0.2760198696420584	0.0	0	8.231602976132237	
34	FAST	2	76	0.3137503451704458	0.0	0	6.884900582716621	
35	FAST	2	77	0.3580397650541296	0.0	0	5.068925611229388	
36	FAST	3	4	0.04596140765847902	0.0	0	31.91136044466078	
37	FAST	3	5	0.08093752715814509	0.0	0	16.23996803057816	
38	FAST	3	6	0.18231210638901338	0.0	0	6.99218528442498	
39	FAST	3	7	0.06852057262560743	0.0	0	22.978720130637267	
40	FAST	3	8	0.04148820394371095	0.0	0	36.217284489368126	
41	FAST	3	23	0.253869190371492	0.0	428	4.172323791149566	
42	FAST	3	68	0.3624783762095865	0.048	29	7.590996200465044	
43	FAST	3	69	0.3866275625916361	0.048	36	6.106763948521013	
44	FAST	3	70	0.424054534998753	0.048	8	3.8472240233984576	
45	FAST	3	71	0.42731742112785376	0.048	354	3.725171287242667	
46	FAST	3	72	0.30422229677540974	0.0	0	5.44825287629805	
47	FAST	3	73	0.20749369141026527	0.0	0	13.860204328077582	
48	FAST	3	74	0.2189873742064232	0.0	0	9.004655855126789	
49	FAST	3	75	0.27995636282258624	0.0	0	7.867176895671891	
50	FAST	3	76	0.3176868383509737	0.0	0	6.69251419746965	
51	FAST	3	77	0.36197625823465746	0.0	0	4.84294074040727	
52	FAST	4	5	0.03612179881582182	0.0	0	39.730521754871184	
53	FAST	4	6	0.131309053093839	0.0	0	11.113432723360297	
54	FAST	4	7	0.11268187659387058	0.0	0	14.414567394034	
55	FAST	4	8	0.007503043583361338	0.0	0	276.4022798996175	
56	FAST	4	9	0.19906910328632327	0.0	8	5.855951381809458	
57	FAST	4	23	0.20219244902298494	0.0	1	5.956826290303534	
58	FAST	4	24	0.1883962275027891	0.0	4	6.204858185855179	
59	FAST	4	68	0.38518730849483807	0.048	1	6.5254977883611005	
60	FAST	4	69	0.38862564188147486	0.048	3	5.75538185197176	
61	FAST	4	71	0.42626530464684514	0.048	9	4.117118748674292	
62	FAST	4	73	0.25165497981820595	0.0	0	8.576545482293222	
63	FAST	4	74	0.26314868595484764	0.0	0	6.089069009572768	
64	FAST	4	75	0.32411765123052694	0.0	0	5.8486416686864	
65	FAST	4	76	0.36184812675891437	0.0	0	5.081270821695567	
66	FAST	5	6	0.09695465406038882	0.0	0	15.876321559090677	
67	FAST	5	7	0.1480079633072034	0.0	0	10.583174788550982	
68	FAST	5	8	0.04282913807685543	0.0	0	37.41762394760997	
69	FAST	5	9	0.1647147042528731	0.0	15	7.459592417378141	
70	FAST	5	10	0.20580158024837855	0.0	6	5.745489319502802	
71	FAST	5	11	0.315176425388388	0.0	6	4.564898636016945	
72	FAST	5	23	0.1678380499895348	0.0	8	7.010162558442311	
73	FAST	5	24	0.1540418323594195	0.0	7	7.861830058629845	
74	FAST	5	25	0.21818540685428356	0.0	1382	3.275382757834819	
75	FAST	5	68	0.41072317596004826	0.048	26	4.797180885897861	
76	FAST	5	69	0.4016265693558544	0.048	299	4.29974663826344	
77	FAST	5	71	0.4354848530175842	0.048	1095	2.6760467132444723	
78	FAST	5	73	0.2869810937621032	0.0	0	5.873263734770641	
79	FAST	5	74	0.2984747765582611	0.0	0	4.471576020340116	
80	FAST	5	75	0.3594437418339404	0.0	0	4.4612582931950024	
81	FAST	6	7	0.22348282140222536	0.0	0	5.998317032102385	
82	FAST	6	8	0.1367366608602571	0.0	0	9.543583767871446	
83	FAST	6	9	0.07023925303818712	0.0	0	18.871058448264318	
84	FAST	6	10	0.11132612125353132	0.0	0	11.020667753412592	
85	FAST	6	11	0.2207009547232989	0.0	0	7.427700547489135	
86	FAST	6	12	0.25762382228263525	0.0	0	6.407068036488684	
87	FAST	6	23	0.1142018866986697	0.0	0	12.254700819194019	
88	FAST	6	24	0.1001154807239066	0.0	0	13.137948894290446	
89	FAST	6	25	0.16454923189317652	0.0	0	8.8454311369067	
90	FAST	6	26	0.15947391760864105	0.0	0	8.148572668601782	
91	FAST	7	8	0.10798518774699241	0.0	0	15.686000460485287	
92	FAST	7	23	0.2485729428477388	0.0	0	5.179747009280719	
93	FAST	7	24	0.2631165461086946	0.0	0	5.053473020164428	
94	FAST	7	68	0.40415430617655823	0.048	0	5.12469216366437	
95	FAST	7	69	0.4403988038214797	0.048	0	3.907106486056503	
96	FAST	7	72	0.25068690991330783	0.0	0	5.128099522116172	
97	FAST	7	73	0.15395831621840525	0.0	0	14.705924383237262	
98	FAST	7	74	0.16545201068480506	0.0	0	9.358943174479574	
99	FAST	7	75	0.22642097596048436	0.0	0	7.359381783778826	
100	FAST	7	76	0.26415145148887176	0.0	0	6.230271390865118	
101	FAST	8	9	0.20593583471103105	0.0	85	5.287786945658591	
102	FAST	8	23	0.20905918044769273	0.0	10	5.939114182273422	
103	FAST	8	24	0.19526296281757746	0.0	52	5.967002238558105	
104	FAST	8	68	0.381788758681206	0.048	5	6.333707630538647	
105	FAST	8	69	0.3874760334580042	0.048	27	5.912708180508776	
106	FAST	8	71	0.4256121061407696	0.048	115	3.8085620703617624	
107	FAST	8	72	0.34401116178742613	0.0	0	4.276312088425586	
108	FAST	8	73	0.2472825797627654	0.0	0	8.38645920070395	
109	FAST	8	74	0.25877625866884274	0.0	0	6.357624595033389	
110	FAST	8	75	0.3197452278346027	0.0	0	6.100493372890161	
111	FAST	8	76	0.3574757033629901	0.0	0	4.905906254296993	
112	FAST	9	10	0.042910483552879006	0.0	0	33.70724867463817	
113	FAST	9	11	0.15228532869288847	0.0	0	12.534913954812884	
114	FAST	9	12	0.18920818458198294	0.0	0	8.68054462742307	
115	FAST	9	13	0.22995744825989792	0.0	0	6.523617461345811	
116	FAST	9	14	0.25331769753086336	0.0	0	4.899937031058024	
117	FAST	9	15	0.24757465090643752	0.0	0	4.71188133827828	
118	FAST	9	23	0.17921559053844677	0.0	0	9.06701229093046	
119	FAST	9	24	0.16512918067360308	0.0	0	11.061865651877953	
120	FAST	9	25	0.17977600333395677	0.0	0	11.21547787871064	
121	FAST	9	26	0.09105827990798876	0.0	0	17.105878526186338	
122	FAST	9	27	0.17848346569391205	0.0	0	8.519505277587673	
123	FAST	9	29	0.1855811706559399	0.0	108	7.471544641834399	
124	FAST	10	11	0.10937484514000945	0.0	0	14.088220077860074	
125	FAST	10	12	0.1462977010291039	0.0	0	10.031691211098224	
126	FAST	10	13	0.18704696470701887	0.0	0	7.471655359881679	
127	FAST	10	14	0.21040721786806496	0.0	0	5.968782647014872	
128	FAST	10	15	0.2046641673535585	0.0	0	5.809507619949515	
129	FAST	10	16	0.20323672949747695	0.0	0	5.220721762732159	
130	FAST	10	23	0.213153638132304	0.0	0	7.639209432126872	
131	FAST	10	24	0.199016878953885	0.0	0	8.710755025210986	
132	FAST	10	25	0.13705416535107862	0.0	0	12.42425314468844	
133	FAST	10	26	0.04814779635510974	0.0	0	29.179650007423874	
134	FAST	10	27	0.1355729938112749	0.0	0	12.223438325341988	
135	FAST	10	29	0.14267068710306088	0.0	6	11.381520062574008	
136	FAST	11	12	0.0364924262477068	0.0	0	39.50240107547934	
137	FAST	11	13	0.07678160230952209	0.0	0	18.24554261915894	
138	FAST	11	14	0.1121667443368769	0.0	0	12.029979009498646	
139	FAST	11	15	0.13120902745063714	0.0	0	10.38170819858965	
140	FAST	11	16	0.21670056307836655	0.0	0	6.533971252497949	
141	FAST	11	24	0.31300570982660975	0.0	0	4.390497582790177	
142	FAST	11	25	0.2510430001138839	0.0	0	5.7106502725209785	
143	FAST	11	26	0.0629029032998397	0.0	0	21.465632396152003	
144	FAST	11	27	0.15032809297584365	0.0	0	8.164862790990243	
145	FAST	11	29	0.1574258018279521	0.0	6	7.592979706943512	
146	FAST	11	31	0.2612748846871239	0.0	0	5.137828697160655	
147	FAST	12	13	0.041186765485885346	0.0	0	37.632065836586364	
148	FAST	12	14	0.0765719114033208	0.0	0	17.81923028249032	
149	FAST	12	15	0.09561419451708102	0.0	0	16.04705722760124	
150	FAST	12	16	0.14372326122945295	0.0	0	10.016376917802047	
151	FAST	12	26	0.09403059326424705	0.0	0	15.725014220771715	
152	FAST	12	27	0.1814557907204122	0.0	0	6.861337988308286	
153	FAST	12	29	0.18855348401219818	0.0	0	6.82361564436779	
154	FAST	12	31	0.19481717124778766	0.0	0	6.348318321638313	
155	FAST	13	14	0.035643937421330284	0.0	0	38.95009848787289	
156	FAST	13	15	0.05468622442517113	0.0	0	27.43264277939412	
157	FAST	13	16	0.10279528335738179	0.0	0	13.451843966971188	
158	FAST	13	26	0.13496519205354798	0.0	0	11.109452544298781	
159	FAST	13	27	0.22239038950971318	0.0	0	6.093798433016485	
160	FAST	13	29	0.22948808669157972	0.0	0	6.35034951099229	
161	FAST	13	31	0.15388919337571655	0.0	0	8.545578310265745	
162	FAST	14	15	0.019130319528464904	0.0	0	76.79896697660301	
163	FAST	14	16	0.06723938624083681	0.0	0	22.063014249506175	
164	FAST	14	26	0.1630868027618412	0.0	0	8.985628509986835	
165	FAST	14	27	0.2503014029230186	0.0	0	5.5593047712074695	
166	FAST	14	29	0.25739912344536897	0.0	0	5.697139197868595	
167	FAST	14	31	0.1183333001492522	0.0	0	11.276605662775154	
168	FAST	14	32	0.21194727355834295	0.0	0	5.414556962370589	
169	FAST	15	16	0.048585982817270716	0.0	0	31.52178220517416	
170	FAST	15	26	0.15747477794306555	0.0	0	8.47291224431078	
171	FAST	15	27	0.244689378104243	0.0	0	5.913413454934733	
172	FAST	15	29	0.25178707528610955	0.0	0	5.439206548626968	
173	FAST	15	31	0.09967989283560547	0.0	0	13.938456328988114	
174	FAST	15	32	0.1932938779149381	0.0	0	6.479114788726872	
175	FAST	16	26	0.15613073174541822	0.0	0	6.545778741671958	
176	FAST	16	27	0.24334533190659563	0.0	0	5.713514779818505	
177	FAST	16	29	0.250443052428946	0.0	0	6.162034421991408	
178	FAST	16	31	0.05291526521902438	0.0	0	29.05727076652886	
179	FAST	16	32	0.14652924640827636	0.0	0	8.615833445105663	
180	FAST	17	18	0.144492633596006	0.0	0	9.536732459430112	
181	FAST	17	19	0.20948451408345695	0.0	0	7.536577269441469	
182	FAST	17	20	0.22112509410431017	0.0	0	5.525248579830492	
183	FAST	17	21	0.2301959607734761	0.0	0	6.1608448601527455	
184	FAST	18	19	0.06547912086633792	0.0	0	24.685124862522525	
185	FAST	18	20	0.07711971255743301	0.0	0	19.340902542682446	
186	FAST	18	21	0.08619056366627643	0.0	0	17.374135696682043	
187	FAST	18	22	0.11826343430116347	0.0	0	13.114833471542033	
188	FAST	18	23	0.2031332533527576	0.0	0	6.336954091600223	
189	FAST	18	24	0.21725088889480668	0.0	0	6.38287183439162	
190	FAST	19	20	0.0557718564567446	0.0	0	23.93786875199345	
191	FAST	19	21	0.020826386902350846	0.0	0	70.48718555535281	
192	FAST	19	22	0.052899253647157266	0.0	0	28.59834620102149	
193	FAST	19	23	0.18178540114214978	0.0	243	6.41650617918882	
194	FAST	19	24	0.19590302501395698	0.0	3	6.076439735957549	
195	FAST	19	25	0.25918542512951476	0.0	38	5.253929779721445	
196	FAST	20	21	0.051960300995763854	0.0	0	28.31824027145199	
197	FAST	20	22	0.057609725049702395	0.0	0	27.2261123349948	
198	FAST	20	23	0.12831906321120456	0.0	0	11.657897928979855	
199	FAST	20	24	0.14243669875325368	0.0	0	9.953895468426786	
200	FAST	20	25	0.20571908719856957	0.0	0	7.848287739938115	
201	FAST	21	22	0.03241731782414188	0.0	0	46.35996939046519	
202	FAST	21	23	0.177942145414127	0.0	143	6.8921146352319225	
203	FAST	21	24	0.1920597848462567	0.0	27	6.327197609867452	
204	FAST	21	25	0.25534216940149196	0.0	19	5.687062531959387	
205	FAST	22	23	0.18354915202889183	0.0	435	7.710171892654772	
206	FAST	22	24	0.19766678757094094	0.0	33	7.478108360710176	
207	FAST	22	25	0.2609491876864987	0.0	60	6.72334613037637	
208	FAST	23	24	0.014785710209034767	0.0	0	98.32708801297552	
209	FAST	23	25	0.07806810643451191	0.0	0	18.327648329539446	
210	FAST	23	26	0.26582657077857297	0.0	0	5.4347738745498635	
211	FAST	24	25	0.06401010971857911	0.0	0	21.391439063091283	
212	FAST	24	26	0.25176857017255955	0.0	0	5.803967650338321	
213	FAST	24	27	0.3391937559584829	0.0	0	4.196087580665952	
214	FAST	25	26	0.1896613206239994	0.0	0	7.776272938929097	
215	FAST	25	27	0.2770865064099227	0.0	0	6.853795637752991	
216	FAST	25	29	0.28418422304219243	0.0	615	5.55477063578725	
217	FAST	25	30	0.4521379951502652	0.0	655	3.573398259384845	
218	FAST	26	27	0.08793642018212716	0.0	0	14.10032714677979	
219	FAST	26	29	0.09503412125407436	0.0	0	13.345177202561757	
220	FAST	26	31	0.2001531209344359	0.0	0	5.669502349369131	
221	FAST	27	29	0.009295402123045745	0.0	0	163.4203451452713	
222	FAST	27	30	0.1772491897914411	0.0	0	6.68117948894472	
223	FAST	27	31	0.28774323446876776	0.0	0	5.588833763311855	
224	FAST	28	30	0.15944353607893208	0.0	126	10.669303190915771	
225	FAST	29	30	0.16795380711879848	0.0	0	7.392610808428757	
226	FAST	29	31	0.2954023675373496	0.0	0	5.031406552994061	
227	FAST	31	32	0.09361397729917137	0.0	0	15.278139565516836	
228	FAST	31	33	0.20448155529861253	0.0	0	5.6923195489241545	
229	FAST	32	33	0.11533800808672107	0.0	0	11.252099369048995	
230	FAST	32	34	0.21282922874836685	0.0	0	5.284168315974752	
231	FAST	32	35	0.1856925008734483	0.0	0	6.647285949640511	
232	FAST	33	34	0.09994297898851423	0.0	0	13.96132333781248	
233	FAST	33	35	0.08939985684434527	0.0	0	18.06860774576689	
234	FAST	33	36	0.23577195177538954	0.0	0	5.201767644792523	
235	FAST	33	43	0.21187265792180676	0.0	0	5.839886474383873	
236	FAST	33	44	0.23313834384937832	0.0	0	5.445740253549576	
237	FAST	34	35	0.07425086367565223	0.0	4	18.59891163795757	
238	FAST	34	36	0.22119958914834686	0.0	48	5.10663722887475	
239	FAST	34	40	0.21309968660406667	0.0	27	5.504587670802311	
240	FAST	34	41	0.19701331626663482	0.0	34	5.946035834260078	
241	FAST	34	42	0.19652467156864095	0.0	2	8.67289036006506	
242	FAST	34	43	0.11495453171851999	0.0	0	14.044570757673029	
243	FAST	34	44	0.1362202176460916	0.0	0	11.734607520100989	
244	FAST	34	45	0.17083477360173724	0.0	0	9.469631595825632	
245	FAST	34	46	0.1415772009986984	0.0	0	10.450627871586413	
246	FAST	34	47	0.2729031837234328	0.0	0	5.721262463218498	
247	FAST	34	48	0.30365908701192784	0.0	0	4.734696940119876	
248	FAST	34	49	0.2550983585980977	0.0	0	5.286134155135686	
249	FAST	34	63	0.41350450727089905	0.048	115	4.842829052669128	
250	FAST	35	36	0.15314777123847956	0.0	0	8.806370495370949	
251	FAST	35	37	0.18349454307702828	0.0	15	7.053741350006906	
252	FAST	35	40	0.18010409662424917	0.0	0	7.057758545910566	
253	FAST	35	41	0.1906017709564348	0.0	0	7.305140543856927	
254	FAST	35	42	0.2441990567814982	0.0	0	7.1876521871764245	
255	FAST	35	43	0.16262891693137727	0.0	0	7.437638990410136	
256	FAST	35	44	0.18389460285894885	0.0	10	6.896406594340114	
257	FAST	35	45	0.21850915881459448	0.0	1	5.475074799220314	
258	FAST	35	46	0.18925158232147501	0.0	0	6.1906725569597185	
259	FAST	36	37	0.03814278128412667	0.0	2	38.80967921970184	
260	FAST	36	38	0.11676273844668511	0.0	44	13.448244623261386	
261	FAST	36	39	0.19725989680743664	0.0	2	6.993792569522495	
262	FAST	36	40	0.1635373363399172	0.0	0	11.590042123524753	
263	FAST	36	41	0.3269651669101407	0.0	0	7.748358004659705	
264	FAST	36	42	0.39092006082427827	0.0	0	4.989428312642465	
265	FAST	37	38	0.08093381602122546	0.0	2	24.88638806769234	
266	FAST	37	39	0.15061684588073954	0.0	0	9.298779581195049	
267	FAST	37	40	0.14019839693063493	0.0	1	14.1110373500956	
268	FAST	37	41	0.3579232571393046	0.0	226	7.311020661732868	
269	FAST	37	42	0.4218781277129583	0.0	0	4.593174937133726	
270	FAST	38	39	0.08372419808664779	0.0	1	16.996180606810835	
271	FAST	38	40	0.11208962348841593	0.0	33	15.151372034483224	
272	FAST	38	41	0.40779445257479646	0.0	566	6.871457657427366	
273	FAST	38	42	0.46110764581155694	0.0	65	3.899149983788462	
274	FAST	39	40	0.19341849275779302	0.0	0	7.033852477460837	
275	FAST	39	41	0.48912332573425416	0.0	1655	2.2976889268657157	
276	FAST	40	41	0.2986730228472532	0.0	1	32.04360109671344	
277	FAST	40	42	0.3519861888534493	0.0	0	8.585525904354494	
278	FAST	40	43	0.30170619262486453	0.0	6	4.690906974113002	
279	FAST	41	42	0.25357444285234754	0.0	0	13.36279225186341	
280	FAST	41	43	0.20648708636666077	0.0	6	6.1645658160031624	
281	FAST	41	44	0.22937622353302517	0.0	2398	2.178240273629015	
282	FAST	41	46	0.2310540153081182	0.0	0	5.645923500348623	
283	FAST	42	43	0.11780820928584947	0.0	0	13.112557722341467	
284	FAST	42	44	0.13084020112608316	0.0	61	10.353944453549742	
285	FAST	42	45	0.16679591294946913	0.0	1	7.667054444224412	
286	FAST	42	46	0.1325179929011762	0.0	0	12.739338796564555	
287	FAST	42	47	0.24937123796376515	0.0	0	5.170448328131003	
288	FAST	42	49	0.20710935144416465	0.0	0	5.64127240612748	
289	FAST	43	44	0.023101644490940768	0.0	0	69.2173074760584	
290	FAST	43	45	0.05771618877634452	0.0	0	24.155795315533375	
291	FAST	43	46	0.0288340089539606	0.0	0	54.86447598382422	
292	FAST	43	47	0.159784610568282	0.0	0	10.957326625516334	
293	FAST	43	48	0.19054051385677703	0.0	0	8.48745434939809	
294	FAST	43	49	0.14197978544294687	0.0	0	11.020713162098504	
295	FAST	43	63	0.3923885515678148	0.048	12	5.751782104189195	
296	FAST	44	45	0.03650977211722949	0.0	0	41.80291567969295	
297	FAST	44	46	0.02575993886862073	0.0	0	65.31820466230464	
298	FAST	44	47	0.14086488833480484	0.0	0	14.063347316613594	
299	FAST	44	48	0.171620779953058	0.0	0	10.38762844839344	
300	FAST	44	49	0.12306006320946969	0.0	0	13.894256227415704	
301	FAST	44	50	0.2795338767258421	0.0	0	4.857345148650467	
302	FAST	44	54	0.4062621031342436	0.0	0	4.309948880395471	
303	FAST	44	63	0.3774616757931424	0.048	2461	2.2585601726699656	
304	FAST	45	46	0.05900224943214269	0.0	0	28.270724592124903	
305	FAST	45	47	0.11029916330807826	0.0	0	24.13204007240352	
306	FAST	45	48	0.1410550549263314	0.0	0	14.961579833086857	
307	FAST	45	49	0.07388850655518356	0.0	0	22.719762806792094	
308	FAST	45	50	0.2303623317417979	0.0	0	6.4841397759493535	
309	FAST	45	52	0.29512067512879453	0.0	0	4.950578035807705	
310	FAST	45	53	0.3237251926661545	0.0	0	4.818270215128854	
311	FAST	45	54	0.3570905581501994	0.0	0	5.578637866957369	
312	FAST	45	56	0.4526480314016355	0.0	0	3.75274370426488	
313	FAST	45	63	0.3512879165346726	0.048	2	8.725628257105122	
314	FAST	46	47	0.15177768484110474	0.0	0	11.583370596608438	
315	FAST	46	48	0.1825335725692773	0.0	0	9.118136726995111	
316	FAST	46	49	0.1095157983215043	0.0	0	14.03510336252706	
317	FAST	47	48	0.033308403033401005	0.0	0	48.77860687062665	
318	FAST	47	49	0.04335293354340888	0.0	0	39.742405308285676	
319	FAST	47	50	0.13698732987579948	0.0	0	10.903373888460646	
320	FAST	47	51	0.1911754722673719	0.0	0	6.925349325867618	
321	FAST	47	52	0.21128708019471065	0.0	0	7.500203213393026	
322	FAST	47	53	0.2398915977320707	0.0	0	7.403651391394629	
323	FAST	47	54	0.2732569865565993	0.0	0	8.042547871775902	
324	FAST	47	56	0.3688144364675517	0.0	0	4.96083567138235	
325	FAST	47	63	0.32931771848225994	0.048	0	10.93563705004297	
326	FAST	48	49	0.07429681330803665	0.0	0	29.52980764666843	
327	FAST	48	50	0.10466340899746844	0.0	0	14.864663182642118	
328	FAST	48	51	0.15885155138904086	0.0	0	8.378272856556563	
329	FAST	48	52	0.17896317098662154	0.0	0	9.121632806846442	
330	FAST	48	53	0.2075677001942234	0.0	0	9.832367357911988	
331	FAST	48	54	0.2409330695683489	0.0	0	9.202717790824465	
332	FAST	48	55	0.31065396158262065	0.0	0	4.895683546643729	
333	FAST	48	56	0.33649051558922066	0.0	0	5.076513163564143	
334	FAST	48	63	0.33176830010421277	0.048	0	9.789568723595316	
335	FAST	49	50	0.1566683642287674	0.0	0	9.370919985683743	
336	FAST	49	51	0.1845573986865216	0.0	0	5.992727311846047	
337	FAST	49	52	0.22142669594552217	0.0	0	6.577729935284849	
338	FAST	49	53	0.25003121348288215	0.0	0	5.9698682071269085	
339	FAST	49	54	0.28339660619749146	0.0	0	6.328969213677892	
340	FAST	50	51	0.08115968188268026	0.0	0	20.386395022320162	
341	FAST	50	52	0.07399500529255132	0.0	0	26.294368033722282	
342	FAST	50	53	0.10259952671999197	0.0	0	20.05647203890416	
343	FAST	50	54	0.13596489609411744	0.0	0	14.956504768104853	
344	FAST	50	55	0.20568579977863108	0.0	0	6.670004571156762	
345	FAST	50	56	0.2315223537852311	0.0	0	6.578921007512367	
346	FAST	50	57	0.28310399822269255	0.0	0	4.126597390764778	
347	FAST	51	52	0.0866936794642085	0.0	0	15.984752045793376	
348	FAST	51	53	0.1152981970015685	0.0	0	10.553702764764637	
349	FAST	51	54	0.14866356637569397	0.0	0	8.746655786514966	
350	FAST	51	55	0.21838445838996573	0.0	0	5.502726024394877	
351	FAST	51	56	0.2442210123965657	0.0	0	4.551038151481126	
352	FAST	52	53	0.027119747672974932	0.0	0	48.14733170971224	
353	FAST	52	54	0.06466182659652175	0.0	0	21.536976646773354	
354	FAST	52	55	0.13438272639095475	0.0	0	9.64281210812664	
355	FAST	52	56	0.16021928039755476	0.0	0	9.202708333884065	
356	FAST	52	57	0.2118009365052582	0.0	0	6.097272899846016	
357	FAST	53	54	0.03255763303241363	0.0	0	40.91829464937996	
358	FAST	53	55	0.1392847375834884	0.0	0	13.625396733781312	
359	FAST	53	56	0.12811509072352725	0.0	0	11.7624069915944	
360	FAST	53	57	0.1796967429411501	0.0	0	7.5144666619004	
361	FAST	53	58	0.2558494359154547	0.0	0	4.54347220690769	
362	FAST	53	63	0.337184139804537	0.048	0	10.826923760911201	
363	FAST	54	55	0.09882882488577224	0.0	0	14.151273743477462	
364	FAST	54	56	0.09594506921502285	0.0	0	16.780113792330933	
365	FAST	54	57	0.14752673699296817	0.0	0	8.949350136721373	
366	FAST	54	58	0.2236794182970309	0.0	0	5.555513442061943	
367	FAST	54	59	0.23363279643775064	0.0	0	5.097311353229836	
368	FAST	54	63	0.31193667033525635	0.048	0	15.02448648463688	
369	FAST	55	56	0.10245118238530287	0.0	0	20.880766822339194	
370	FAST	55	57	0.11688081406400345	0.0	0	14.660222453439685	
371	FAST	55	58	0.19303349536806622	0.0	0	7.902413768141973	
372	FAST	55	59	0.15404239253103003	0.0	0	9.079294668417797	
373	FAST	55	60	0.199998124561872	0.0	0	6.051492628789694	
374	FAST	55	61	0.21647929140213404	0.0	0	5.3905579853786145	
375	FAST	56	57	0.051750960196819136	0.0	0	26.418939742605353	
376	FAST	56	58	0.12790363761080126	0.0	0	11.04326853618928	
377	FAST	56	59	0.1378570196416016	0.0	0	8.828581542105868	
378	FAST	56	60	0.1863277627103322	0.0	0	6.577195660398753	
379	FAST	56	61	0.2295672264918869	0.0	0	4.760469742295088	
380	FAST	56	63	0.3399620284812417	0.048	0	10.092038917619275	
381	FAST	56	64	0.38634472259083835	0.048	0	6.103205363889521	
382	FAST	56	65	0.43919115018064	0.048	0	3.897469751540287	
383	FAST	56	67	0.42103726473208475	0.048	0	4.2912198550136385	
384	FAST	57	58	0.07675344979601327	0.0	0	21.419429201624812	
385	FAST	57	59	0.08670683571689426	0.0	0	17.119808491704692	
386	FAST	57	60	0.13517757878562484	0.0	0	10.056320492144714	
387	FAST	57	61	0.17841704256717958	0.0	0	7.3598087432343	
388	FAST	57	63	0.384340773682992	0.048	0	6.292129740316952	
389	FAST	57	64	0.3412958770645092	0.048	0	9.711796346718812	
390	FAST	57	65	0.38984504348251814	0.048	0	5.780412361660356	
391	FAST	57	66	0.42780336506585737	0.048	0	4.516297894451793	
392	FAST	57	67	0.37333280038000694	0.048	0	6.364518922189315	
393	FAST	58	59	0.07200593315564248	0.0	0	25.557627181829734	
394	FAST	58	60	0.08743951295287825	0.0	0	18.07252343699531	
395	FAST	58	61	0.1310579211587018	0.0	0	10.818696042545538	
396	FAST	58	62	0.255370979338627	0.0	0	5.201404903704022	
397	FAST	58	63	0.42867785119451274	0.048	0	4.267279246781656	
398	FAST	58	64	0.2815888030664809	0.048	0	33.19375680462224	
399	FAST	58	65	0.3403573143357273	0.048	0	9.720646086258796	
400	FAST	58	66	0.39043847436779794	0.048	0	5.5993336081042235	
401	FAST	58	67	0.31576294598180515	0.048	0	14.92648124055365	
402	FAST	59	60	0.049577043098683535	0.0	0	29.118958146989307	
403	FAST	59	61	0.09281650299015765	0.0	0	15.744557973713896	
404	FAST	59	62	0.19190307683821625	0.0	0	6.955878274916827	
405	FAST	60	61	0.04366750880351709	0.0	0	35.51583356030736	
406	FAST	60	62	0.16798056309336168	0.0	0	9.555212428309755	
407	FAST	61	62	0.1284738884202208	0.0	0	15.238763112129785	
408	FAST	61	64	0.34189073151411264	0.048	0	9.461710649694528	
409	FAST	61	65	0.27660027650124386	0.048	0	35.763764806172134	
410	FAST	61	66	0.2846057362515169	0.048	0	27.390853484185968	
411	FAST	61	67	0.313713359586781	0.048	0	15.300119565116457	
412	FAST	62	64	0.4213812504185731	0.048	0	4.396906207677948	
413	FAST	62	65	0.3530950978131749	0.048	0	8.492816269838233	
414	FAST	62	66	0.29304974429611425	0.048	0	23.25796788402563	
415	FAST	62	67	0.39218104977363377	0.048	0	5.703108922927998	
416	FAST	64	65	0.3208596406357785	0.048	0	13.611958552021951	
417	FAST	64	66	0.37832092189058875	0.048	0	6.197344922286557	
418	FAST	64	67	0.28711509697401516	0.048	0	26.029525106251356	
419	FAST	65	66	0.30802592284334046	0.048	0	16.659315774446156	
420	FAST	65	67	0.2869529669048198	0.048	0	27.2089181823915	
421	FAST	66	67	0.34723302916346765	0.048	0	9.205272116898481	
422	FAST	68	69	0.31961417983176404	0.048	0	12.848848429438267	
423	FAST	68	70	0.31025070892562745	0.048	0	15.686285399686978	
424	FAST	68	71	0.35282413558903386	0.048	0	8.41799765240363	
425	FAST	68	73	0.3499823949333256	0.048	0	8.82638223714361	
426	FAST	68	74	0.36326856556838494	0.048	0	7.632016168438085	
427	FAST	68	75	0.32293415966345773	0.048	0	12.603777621233071	
428	FAST	68	76	0.3043083788413486	0.048	0	17.033740865028555	
429	FAST	68	77	0.3277074185209801	0.048	0	10.74389837462001	
430	FAST	68	78	0.3537868345681008	0.048	0	7.942548784845273	
431	FAST	69	70	0.35016734253612003	0.048	0	8.595107676776633	
432	FAST	69	71	0.2889421904033205	0.048	0	25.922907674046897	
433	FAST	69	73	0.409725032299345	0.048	0	4.7679159092931025	
434	FAST	69	74	0.43146268347934347	0.048	0	3.913441414843098	
435	FAST	69	75	0.3940090006189977	0.048	0	5.537888923336225	
436	FAST	69	76	0.375242522649161	0.048	0	6.206706649811407	
437	FAST	69	77	0.3880713581061336	0.048	0	5.555076803605722	
438	FAST	69	78	0.4118340394161036	0.048	0	4.731652869338821	
439	FAST	70	71	0.36321139206122	0.048	0	7.349642598138914	
440	FAST	70	73	0.39483539525942135	0.048	0	5.401536169282759	
441	FAST	70	74	0.39209968574495196	0.048	0	5.178321279191601	
442	FAST	70	75	0.3479917875872324	0.048	0	8.810712877590063	
443	FAST	70	76	0.3135398879049619	0.048	0	15.61257547135854	
444	FAST	70	77	0.29472060910445375	0.048	0	22.661157801314754	
445	FAST	70	78	0.31277550312885255	0.048	0	14.928689604677203	
446	FAST	71	75	0.4279180643201304	0.048	0	3.7516360366422608	
447	FAST	71	76	0.404332513209376	0.048	0	4.846896088028568	
448	FAST	71	77	0.40759504955365466	0.048	0	5.367429927737058	
449	FAST	71	78	0.4282032219443983	0.048	0	3.932478508216959	
450	FAST	72	73	0.14025606737595317	0.0	0	10.707397998448416	
451	FAST	72	74	0.08725546934826098	0.0	0	14.975799309082278	
452	FAST	72	75	0.06345545813248002	0.0	0	26.855534530201876	
453	FAST	72	76	0.04017865109099696	0.0	0	34.660785694444364	
454	FAST	72	77	0.04570755266690181	0.0	0	31.9394398284562	
455	FAST	72	78	0.06345764046771263	0.0	0	24.89759698984375	
456	FAST	73	74	0.05432577344421043	0.0	0	31.37177134219494	
457	FAST	73	75	0.11529474650005098	0.0	0	20.620552967334238	
458	FAST	73	76	0.1530252220284384	0.0	0	14.27628160389372	
459	FAST	73	77	0.19731463802204155	0.0	0	8.384135699934879	
460	FAST	73	78	0.21506473749309424	0.0	0	6.680167116710179	
461	FAST	74	75	0.0623156956289603	0.0	0	28.634114628375954	
462	FAST	74	76	0.10004617115734774	0.0	0	15.317037030249528	
463	FAST	74	77	0.14433558326087026	0.0	0	10.64431480301674	
464	FAST	74	78	0.16208567884184233	0.0	0	8.798679600039865	
465	FAST	75	76	0.042285826075788555	0.0	0	37.33049016654515	
466	FAST	75	77	0.087860882596482	0.0	0	16.12517259702641	
467	FAST	75	78	0.10561097428737345	0.0	0	12.4408165276499	
468	FAST	76	77	0.06410468924890102	0.0	0	29.903371644056936	
469	FAST	76	78	0.08185477704971184	0.0	0	19.14450057070179	
470	FAST	77	78	0.02740920468246461	0.0	0	49.915054977667936	
471	FAST	28	79	0.18189511763356866	0.0	43	5.82188473291128	
472	FAST	30	79	0.31147509836298853	0.0	239	3.212642591065271	
473	FAST	29	79	0.4857280651718879	0.0	747	1.010375208939534	
474	FAST	21	80	0.3190295311349862	0.0	190	2.9700148546972858	
475	FAST	19	80	0.3075269914650366	0.0	293	3.127191090739435	
476	FAST	22	80	0.2978416196886007	0.0	535	2.8923102741434703	
477	FAST	39	81	0.1992536235700529	0.0	457	5.7382426126822	
478	FAST	38	81	0.283461336175894	0.0	309	3.360235792180699	
479	FAST	37	81	0.28382850631575857	0.0	247	2.659478237805721	
480	FAST	39	82	0.3002070085377951	0.0	585	3.0244885866410547	
481	FAST	28	82	0.27166154182053426	0.0	85	3.403034908506578	
482	FAST	38	82	0.4124895828684959	0.0	407	2.0007704402138273	
483	FAST	28	83	0.18914160119750323	0.0	50	5.117689212627445	
484	FAST	30	83	0.37016961965278194	0.0	308	2.15096132399777	
485	FAST	39	83	0.3716147591310597	0.0	650	2.0555941498708394	
