n_interc	
0	
0	
0	
0	
0	
0	
0	
0	
0	
0	
0	
0	
0	
0	
0	
0	
0	
0	
0	
0	
0	
0	
0	
0	
0	
0	
0	
0	
0	
0	
0	
0	
0	
0	
0	
0	
0	
0	
0	
0	
0	
0	
0	
0	
0	
0	
0	
0	
0	
0	
0	
0	
0	
0	
0	
0	
0	
0	
0	
0	
0	
0	
0	
0	
0	
0	
1	
1	
1	
1	
1	
1	
1	
1	
1	
1	
1	
1	
1	
2	
2	
2	
2	
2	
2	
2	
2	
2	
3	
3	
3	
3	
4	
4	
4	
4	
5	
5	
5	
5	
57	
59	
61	
62	
62	
64	
66	
68	
70	
70	
72	
73	
75	
77	
79	
81	
82	
83	
86	
88	
90	
91	
93	
96	
97	
98	
100	
101	
103	
105	
106	
109	
110	
111	
114	
116	
117	
118	
120	
122	
124	
127	
128	
129	
131	
133	
136	
138	
140	
143	
144	
147	
149	
150	
151	
153	
155	
157	
159	
162	
163	
164	
166	
169	
171	
173	
174	
177	
179	
181	
182	
183	
186	
188	
189	
191	
195	
196	
198	
199	
202	
203	
205	
207	
208	
209	
212	
214	
217	
220	
222	
223	
226	
227	
229	
230	
231	
233	
234	
237	
514	
518	
523	
528	
531	
536	
541	
544	
547	
552	
556	
560	
564	
568	
571	
574	
577	
582	
586	
588	
593	
598	
600	
606	
608	
612	
615	
619	
622	
625	
628	
634	
638	
641	
643	
648	
652	
655	
659	
664	
669	
672	
676	
678	
682	
686	
689	
692	
696	
698	
703	
704	
709	
711	
715	
717	
720	
721	
724	
728	
730	
732	
734	
735	
736	
739	
741	
743	
744	
745	
746	
747	
749	
753	
755	
756	
758	
761	
761	
763	
766	
768	
769	
770	
771	
774	
775	
775	
775	
778	
778	
779	
780	
781	
783	
784	
784	
784	
785	
786	
3256	
3260	
3264	
3268	
3270	
3273	
3278	
3283	
3288	
3292	
3296	
3299	
3302	
3309	
3314	
3319	
3323	
3324	
3327	
3336	
3339	
3341	
3346	
3348	
3350	
3352	
3356	
3359	
3363	
3369	
3375	
3380	
3384	
3388	
3392	
3393	
3400	
3405	
3410	
3413	
3417	
3418	
3421	
3424	
3428	
3435	
3439	
3443	
3448	
3455	
3458	
3463	
3465	
3469	
3471	
3473	
3478	
3482	
3482	
3484	
3484	
3486	
3491	
3498	
3501	
3504	
3506	
3509	
3512	
3514	
3514	
3518	
3521	
3522	
3524	
3527	
3532	
3533	
3536	
3537	
3542	
3546	
3549	
3550	
3551	
3551	
3551	
3553	
3553	
3556	
3557	
3557	
3560	
3563	
3566	
3569	
3570	
3574	
3577	
3580	
3050	
3052	
3056	
3058	
3060	
3062	
3063	
3064	
3069	
3069	
3072	
3074	
3077	
3080	
3082	
3084	
3085	
3088	
3090	
3092	
3092	
3093	
3096	
3096	
3096	
3098	
3099	
3101	
3104	
3105	
3109	
3112	
3113	
3114	
3115	
3116	
3122	
3122	
3122	
3122	
3124	
3126	
3126	
3128	
3130	
3131	
3133	
3134	
3136	
3137	
3139	
3140	
3141	
3142	
3145	
3146	
3148	
3150	
3151	
3152	
3153	
3153	
3155	
3156	
3158	
3158	
3159	
3161	
3162	
3164	
3166	
3167	
3167	
3169	
3170	
3173	
3174	
3177	
3177	
3179	
3179	
3180	
3180	
3181	
3182	
3182	
3183	
3185	
3187	
3191	
3191	
3193	
3195	
3197	
3197	
3198	
3199	
3200	
3201	
3203	
