n_interc	
0	
0	
0	
0	
0	
0	
0	
0	
0	
0	
0	
0	
0	
0	
0	
0	
0	
0	
0	
0	
0	
0	
0	
0	
0	
0	
0	
0	
0	
0	
0	
0	
0	
0	
0	
0	
0	
0	
0	
0	
0	
0	
0	
0	
0	
0	
0	
0	
0	
0	
0	
0	
0	
0	
0	
0	
0	
0	
0	
0	
0	
0	
0	
0	
0	
0	
0	
0	
0	
0	
0	
0	
0	
0	
0	
0	
0	
1	
1	
1	
1	
1	
1	
1	
1	
1	
2	
2	
3	
3	
3	
3	
3	
3	
3	
3	
4	
4	
4	
4	
50	
52	
54	
55	
58	
59	
62	
63	
66	
68	
70	
72	
73	
75	
77	
80	
81	
83	
84	
86	
88	
91	
93	
95	
97	
97	
99	
102	
102	
104	
105	
109	
111	
114	
114	
115	
121	
121	
124	
126	
128	
128	
129	
131	
134	
135	
137	
138	
139	
141	
143	
144	
146	
148	
150	
153	
155	
157	
157	
159	
161	
163	
166	
169	
170	
171	
173	
176	
177	
178	
182	
183	
183	
186	
186	
188	
190	
190	
193	
194	
196	
197	
198	
200	
200	
201	
204	
206	
208	
208	
211	
212	
213	
215	
216	
218	
218	
221	
221	
225	
487	
490	
494	
496	
499	
506	
511	
514	
516	
518	
522	
526	
530	
533	
538	
542	
546	
548	
553	
556	
558	
561	
565	
568	
574	
577	
580	
584	
587	
591	
595	
597	
600	
602	
606	
608	
615	
619	
622	
626	
630	
636	
640	
644	
647	
650	
654	
657	
659	
661	
663	
669	
672	
675	
680	
682	
685	
686	
691	
692	
697	
698	
699	
702	
705	
707	
709	
710	
710	
713	
716	
719	
719	
721	
722	
724	
725	
726	
728	
729	
730	
735	
737	
739	
740	
741	
741	
742	
744	
744	
744	
745	
746	
747	
748	
748	
749	
750	
752	
753	
3128	
3130	
3142	
3143	
3146	
3148	
3152	
3156	
3160	
3163	
3165	
3170	
3170	
3173	
3180	
3183	
3184	
3187	
3188	
3192	
3193	
3198	
3200	
3204	
3208	
3214	
3216	
3221	
3226	
3228	
3231	
3235	
3236	
3239	
3243	
3246	
3250	
3252	
3253	
3257	
3262	
3266	
3272	
3278	
3286	
3287	
3293	
3297	
3300	
3302	
3306	
3311	
3313	
3317	
3324	
3327	
3330	
3332	
3336	
3340	
3345	
3349	
3352	
3354	
3354	
3356	
3360	
3365	
3366	
3367	
3368	
3371	
3372	
3377	
3382	
3385	
3387	
3387	
3392	
3395	
3399	
3400	
3400	
3400	
3403	
3405	
3406	
3411	
3412	
3415	
3416	
3420	
3421	
3424	
3425	
3428	
3430	
3435	
3437	
3438	
2928	
2929	
2930	
2931	
2933	
2935	
2938	
2939	
2939	
2944	
2945	
2947	
2947	
2952	
2954	
2959	
2961	
2963	
2965	
2966	
2967	
2968	
2968	
2970	
2975	
2977	
2978	
2982	
2982	
2985	
2989	
2990	
2993	
2996	
2999	
3000	
3001	
3005	
3006	
3006	
3008	
3009	
3010	
3012	
3013	
3015	
3016	
3020	
3022	
3024	
3025	
3025	
3027	
3027	
3029	
3029	
3029	
3030	
3031	
3035	
3036	
3037	
3038	
3039	
3040	
3040	
3043	
3043	
3044	
3046	
3047	
3049	
3053	
3055	
3057	
3061	
3065	
3066	
3067	
3067	
3067	
3070	
3071	
3072	
3072	
3072	
3073	
3076	
3078	
3080	
3081	
3084	
3084	
3086	
3091	
3094	
3095	
3099	
3101	
3103	
