n_interc	
0	
0	
0	
0	
0	
0	
0	
0	
0	
0	
0	
0	
0	
0	
0	
0	
0	
0	
0	
0	
0	
0	
0	
0	
0	
0	
0	
0	
0	
0	
0	
0	
0	
0	
0	
0	
0	
0	
0	
0	
0	
0	
0	
0	
0	
0	
0	
0	
0	
0	
0	
0	
0	
0	
0	
0	
0	
0	
0	
0	
0	
2	
2	
2	
2	
2	
2	
2	
2	
2	
2	
3	
3	
3	
3	
3	
3	
4	
4	
4	
4	
4	
5	
5	
5	
5	
5	
6	
6	
6	
6	
6	
6	
6	
6	
6	
6	
6	
7	
7	
66	
69	
70	
72	
74	
75	
77	
79	
82	
83	
85	
87	
90	
92	
92	
95	
97	
98	
99	
102	
102	
103	
105	
106	
108	
110	
111	
113	
115	
116	
119	
120	
123	
124	
126	
128	
129	
131	
132	
134	
135	
137	
137	
139	
140	
142	
144	
147	
149	
151	
152	
154	
155	
157	
158	
160	
161	
163	
167	
167	
169	
170	
172	
174	
175	
177	
179	
180	
181	
182	
185	
186	
187	
188	
192	
193	
195	
196	
198	
200	
200	
203	
205	
206	
207	
208	
210	
213	
215	
217	
218	
220	
222	
225	
226	
228	
230	
231	
233	
234	
513	
515	
519	
522	
527	
531	
536	
541	
544	
545	
549	
551	
556	
561	
565	
568	
572	
577	
580	
584	
587	
590	
593	
597	
603	
607	
611	
614	
618	
623	
626	
630	
634	
639	
642	
645	
649	
653	
658	
661	
664	
669	
673	
677	
680	
683	
686	
690	
693	
695	
698	
701	
704	
709	
712	
714	
717	
720	
722	
724	
726	
728	
731	
732	
736	
739	
742	
743	
745	
747	
749	
750	
751	
754	
754	
756	
758	
760	
761	
763	
763	
765	
766	
767	
769	
769	
770	
771	
773	
773	
775	
776	
777	
778	
778	
780	
781	
781	
783	
783	
3245	
3249	
3255	
3259	
3261	
3266	
3273	
3274	
3277	
3278	
3280	
3287	
3289	
3292	
3294	
3298	
3303	
3305	
3308	
3313	
3318	
3322	
3327	
3330	
3332	
3337	
3343	
3349	
3353	
3356	
3359	
3362	
3366	
3369	
3373	
3379	
3385	
3386	
3391	
3392	
3396	
3399	
3406	
3411	
3416	
3421	
3422	
3425	
3428	
3433	
3434	
3439	
3441	
3441	
3442	
3446	
3449	
3452	
3454	
3456	
3459	
3466	
3469	
3471	
3473	
3477	
3480	
3485	
3486	
3489	
3490	
3493	
3496	
3497	
3499	
3501	
3504	
3505	
3508	
3510	
3511	
3514	
3516	
3517	
3522	
3526	
3531	
3531	
3533	
3536	
3537	
3539	
3542	
3543	
3546	
3547	
3551	
3553	
3554	
3557	
3028	
3031	
3034	
3036	
3036	
3037	
3037	
3037	
3039	
3044	
3044	
3047	
3047	
3048	
3049	
3050	
3053	
3054	
3056	
3058	
3059	
3062	
3066	
3069	
3071	
3074	
3075	
3077	
3078	
3080	
3084	
3087	
3087	
3089	
3090	
3091	
3092	
3093	
3095	
3097	
3100	
3101	
3103	
3105	
3105	
3105	
3106	
3108	
3110	
3112	
3112	
3116	
3119	
3120	
3121	
3121	
3121	
3125	
3128	
3129	
3129	
3132	
3132	
3132	
3134	
3134	
3134	
3136	
3138	
3140	
3144	
3147	
3149	
3151	
3152	
3153	
3153	
3153	
3153	
3154	
3156	
3156	
3158	
3158	
3159	
3161	
3161	
3164	
3165	
3167	
3170	
3170	
3174	
3176	
3177	
3177	
3179	
3179	
3180	
3181	
