id	type	l1	l2	friction	risk	count	acc	
1	FAST	1	2	0.02151630826214646	0.0	0	74.46634775193093	
2	FAST	1	3	0.027987052819351734	0.0	0	54.95728617990902	
3	FAST	1	4	0.07302656972007415	0.0	0	19.498985932588383	
4	FAST	1	5	0.10800269310982086	0.0	0	12.943632359717816	
5	FAST	1	6	0.2005826597473596	0.0	0	7.2270071338156825	
6	FAST	1	7	0.05791240055316788	0.0	0	36.010076206316434	
7	FAST	1	8	0.06855335822514483	0.0	0	21.708381204384484	
8	FAST	1	68	0.36490858423453987	0.048	0	8.431731936153568	
9	FAST	1	69	0.40115801759656244	0.048	0	5.790712848954801	
10	FAST	1	70	0.423550267947518	0.048	0	5.257136368832327	
11	FAST	1	71	0.44235053412726005	0.048	0	4.4855766868582405	
12	FAST	1	72	0.28733633203502157	0.0	0	6.660729170186563	
13	FAST	1	73	0.1906077266698771	0.0	0	21.031192036121098	
14	FAST	1	74	0.20210142113627694	0.0	0	11.704502769633823	
15	FAST	1	75	0.2630703980821981	0.0	0	10.585687259656515	
16	FAST	1	76	0.3008008736105855	0.0	0	8.223594237720281	
17	FAST	1	77	0.3450902934942693	0.0	0	5.672584512909733	
18	FAST	1	78	0.36284036573475764	0.0	0	4.917240479778113	
19	FAST	2	3	0.007516752227496343	0.0	0	215.69323821052706	
20	FAST	2	4	0.05255626523813813	0.0	0	30.228960256215604	
21	FAST	2	5	0.08753238084772358	0.0	0	16.6522258429965	
22	FAST	2	6	0.18130277439888826	0.0	0	7.971638807546115	
23	FAST	2	7	0.06458409111532147	0.0	0	27.10142738207546	
24	FAST	2	8	0.04808305763328943	0.0	0	33.85220276811712	
25	FAST	2	23	0.24993272053144797	0.0	0	5.2056534909006285	
26	FAST	2	68	0.36470401260312413	0.048	0	8.471406072210929	
27	FAST	2	69	0.391780317504476	0.048	0	6.314147803214285	
28	FAST	2	70	0.4257275325971185	0.048	0	4.401764302001074	
29	FAST	2	71	0.43263050137245695	0.048	0	5.010642518225185	
30	FAST	2	72	0.3002858035948819	0.0	0	6.096060239714955	
31	FAST	2	73	0.2035572098999793	0.0	0	15.288197518771867	
32	FAST	2	74	0.21505090436637914	0.0	0	9.93770271792761	
33	FAST	2	75	0.2760198696420584	0.0	0	9.41033956885441	
34	FAST	2	76	0.3137503451704458	0.0	0	7.575251707003331	
35	FAST	2	77	0.3580397650541296	0.0	0	5.4889286253853316	
36	FAST	3	4	0.04596140765847902	0.0	0	33.523429867092794	
37	FAST	3	5	0.08093752715814509	0.0	0	17.599650207917335	
38	FAST	3	6	0.18231210638901338	0.0	0	7.857082917782646	
39	FAST	3	7	0.06852057262560743	0.0	0	23.83330262877171	
40	FAST	3	8	0.04148820394371095	0.0	0	39.523012416519954	
41	FAST	3	23	0.253869190371492	0.0	0	5.515281914905217	
42	FAST	3	68	0.3624783762095865	0.048	0	8.060625633808115	
43	FAST	3	69	0.3866275625916361	0.048	0	6.764905893043992	
44	FAST	3	70	0.424054534998753	0.048	0	5.295598473405265	
45	FAST	3	71	0.42731742112785376	0.048	0	4.571134601541146	
46	FAST	3	72	0.30422229677540974	0.0	0	6.559277251624827	
47	FAST	3	73	0.20749369141026527	0.0	0	14.264045119123422	
48	FAST	3	74	0.2189873742064232	0.0	0	10.115507617237649	
49	FAST	3	75	0.27995636282258624	0.0	0	8.675995895359518	
50	FAST	3	76	0.3176868383509737	0.0	0	7.5362542350295305	
51	FAST	3	77	0.36197625823465746	0.0	0	5.4488504346613045	
52	FAST	4	5	0.03612179881582182	0.0	0	44.56763331911639	
53	FAST	4	6	0.131309053093839	0.0	0	12.009536798131595	
54	FAST	4	7	0.11268187659387058	0.0	0	15.505261018050037	
55	FAST	4	8	0.007503043583361338	0.0	0	298.32115548408336	
56	FAST	4	9	0.19906910328632327	0.0	0	6.585229126158975	
57	FAST	4	23	0.20219244902298494	0.0	0	6.717199524880685	
58	FAST	4	24	0.1883962275027891	0.0	0	6.364509972978356	
59	FAST	4	68	0.38518730849483807	0.048	0	7.06985509379802	
60	FAST	4	69	0.38862564188147486	0.048	0	6.678086457025437	
61	FAST	4	71	0.42626530464684514	0.048	0	5.15472606981985	
62	FAST	4	73	0.25165497981820595	0.0	0	9.211210518695163	
63	FAST	4	74	0.26314868595484764	0.0	0	6.430030774754794	
64	FAST	4	75	0.32411765123052694	0.0	0	6.250968789075243	
65	FAST	4	76	0.36184812675891437	0.0	0	5.646261936770418	
66	FAST	5	6	0.09695465406038882	0.0	0	17.622238152103257	
67	FAST	5	7	0.1480079633072034	0.0	0	10.510244621657352	
68	FAST	5	8	0.04282913807685543	0.0	0	37.14605627246988	
69	FAST	5	9	0.1647147042528731	0.0	0	8.823136145509624	
70	FAST	5	10	0.20580158024837855	0.0	0	6.197727019785627	
71	FAST	5	11	0.315176425388388	0.0	0	5.451286618622651	
72	FAST	5	23	0.1678380499895348	0.0	0	7.874068033675211	
73	FAST	5	24	0.1540418323594195	0.0	0	8.719726285415323	
74	FAST	5	25	0.21818540685428356	0.0	430	5.058324540961036	
75	FAST	5	68	0.41072317596004826	0.048	139	5.018483207936964	
76	FAST	5	69	0.4016265693558544	0.048	48	6.1262823393487835	
77	FAST	5	71	0.4354848530175842	0.048	243	4.1290089716381635	
78	FAST	5	73	0.2869810937621032	0.0	0	6.542387352191371	
79	FAST	5	74	0.2984747765582611	0.0	0	4.6965113270656875	
80	FAST	5	75	0.3594437418339404	0.0	0	4.971911184095563	
81	FAST	6	7	0.22348282140222536	0.0	0	6.2196481519261475	
82	FAST	6	8	0.1367366608602571	0.0	0	11.015041636036004	
83	FAST	6	9	0.07023925303818712	0.0	0	21.73337323695688	
84	FAST	6	10	0.11132612125353132	0.0	0	12.60201096858827	
85	FAST	6	11	0.2207009547232989	0.0	0	8.179171579709356	
86	FAST	6	12	0.25762382228263525	0.0	0	6.443731388419659	
87	FAST	6	23	0.1142018866986697	0.0	0	13.488249963766302	
88	FAST	6	24	0.1001154807239066	0.0	0	14.841652180234837	
89	FAST	6	25	0.16454923189317652	0.0	0	10.307831428314447	
90	FAST	6	26	0.15947391760864105	0.0	0	9.092088080106224	
91	FAST	7	8	0.10798518774699241	0.0	0	16.259311743795664	
92	FAST	7	23	0.2485729428477388	0.0	0	5.647806471142929	
93	FAST	7	24	0.2631165461086946	0.0	0	5.49986335600983	
94	FAST	7	68	0.40415430617655823	0.048	0	6.187592452511422	
95	FAST	7	69	0.4403988038214797	0.048	0	4.343977637169293	
96	FAST	7	72	0.25068690991330783	0.0	0	5.89653932228778	
97	FAST	7	73	0.15395831621840525	0.0	0	15.397438884313193	
98	FAST	7	74	0.16545201068480506	0.0	0	10.783944269944374	
99	FAST	7	75	0.22642097596048436	0.0	0	8.408454865118623	
100	FAST	7	76	0.26415145148887176	0.0	0	6.500822209373231	
101	FAST	8	9	0.20593583471103105	0.0	0	6.346824472607488	
102	FAST	8	23	0.20905918044769273	0.0	0	6.3665914691146455	
103	FAST	8	24	0.19526296281757746	0.0	0	6.29746408946076	
104	FAST	8	68	0.381788758681206	0.048	0	7.0832838671462115	
105	FAST	8	69	0.3874760334580042	0.048	0	6.901513119456143	
106	FAST	8	71	0.4256121061407696	0.048	0	4.754403210409679	
107	FAST	8	72	0.34401116178742613	0.0	0	4.980338222599435	
108	FAST	8	73	0.2472825797627654	0.0	0	9.996286385128688	
109	FAST	8	74	0.25877625866884274	0.0	0	6.721288748533605	
110	FAST	8	75	0.3197452278346027	0.0	0	6.389134842950066	
111	FAST	8	76	0.3574757033629901	0.0	0	6.271339960120629	
112	FAST	9	10	0.042910483552879006	0.0	0	38.52891643783535	
113	FAST	9	11	0.15228532869288847	0.0	0	14.150964845657029	
114	FAST	9	12	0.18920818458198294	0.0	0	9.548576856441267	
115	FAST	9	13	0.22995744825989792	0.0	0	6.8563607236687005	
116	FAST	9	14	0.25331769753086336	0.0	0	5.694164870687945	
117	FAST	9	15	0.24757465090643752	0.0	0	5.3568647148836135	
118	FAST	9	23	0.17921559053844677	0.0	0	10.297159677096275	
119	FAST	9	24	0.16512918067360308	0.0	0	11.333379500157871	
120	FAST	9	25	0.17977600333395677	0.0	0	12.16877241833494	
121	FAST	9	26	0.09105827990798876	0.0	0	18.345282370397143	
122	FAST	9	27	0.17848346569391205	0.0	0	9.243770919504348	
123	FAST	9	29	0.1855811706559399	0.0	0	8.591635029103548	
124	FAST	10	11	0.10937484514000945	0.0	0	14.181960033939866	
125	FAST	10	12	0.1462977010291039	0.0	0	10.749399689833913	
126	FAST	10	13	0.18704696470701887	0.0	0	7.952873415463347	
127	FAST	10	14	0.21040721786806496	0.0	0	6.589109339352103	
128	FAST	10	15	0.2046641673535585	0.0	0	6.114296335332283	
129	FAST	10	16	0.20323672949747695	0.0	0	5.963217916454759	
130	FAST	10	23	0.213153638132304	0.0	0	8.06604372669731	
131	FAST	10	24	0.199016878953885	0.0	0	9.08460871740513	
132	FAST	10	25	0.13705416535107862	0.0	0	12.923914211619639	
133	FAST	10	26	0.04814779635510974	0.0	0	32.277652314216326	
134	FAST	10	27	0.1355729938112749	0.0	0	15.23482838063122	
135	FAST	10	29	0.14267068710306088	0.0	0	12.898175799635984	
136	FAST	11	12	0.0364924262477068	0.0	0	42.69476219843085	
137	FAST	11	13	0.07678160230952209	0.0	0	19.678821891613126	
138	FAST	11	14	0.1121667443368769	0.0	0	12.677415100685044	
139	FAST	11	15	0.13120902745063714	0.0	0	11.059685573595925	
140	FAST	11	16	0.21670056307836655	0.0	0	7.554581376255748	
141	FAST	11	24	0.31300570982660975	0.0	0	4.9952597548079085	
142	FAST	11	25	0.2510430001138839	0.0	0	5.872595718129894	
143	FAST	11	26	0.0629029032998397	0.0	0	22.93967082607368	
144	FAST	11	27	0.15032809297584365	0.0	0	8.411189755531039	
145	FAST	11	29	0.1574258018279521	0.0	0	8.06656226029187	
146	FAST	11	31	0.2612748846871239	0.0	0	5.765554133851828	
147	FAST	12	13	0.041186765485885346	0.0	0	40.49677537320628	
148	FAST	12	14	0.0765719114033208	0.0	0	19.94222485744063	
149	FAST	12	15	0.09561419451708102	0.0	0	16.20987286354228	
150	FAST	12	16	0.14372326122945295	0.0	0	10.954271433356102	
151	FAST	12	26	0.09403059326424705	0.0	0	16.516092717460506	
152	FAST	12	27	0.1814557907204122	0.0	0	7.921305802036312	
153	FAST	12	29	0.18855348401219818	0.0	0	7.4414348115796125	
154	FAST	12	31	0.19481717124778766	0.0	0	6.829148806746226	
155	FAST	13	14	0.035643937421330284	0.0	0	41.66555072907985	
156	FAST	13	15	0.05468622442517113	0.0	0	28.901815332110466	
157	FAST	13	16	0.10279528335738179	0.0	0	15.10301356846515	
158	FAST	13	26	0.13496519205354798	0.0	0	12.513272025067325	
159	FAST	13	27	0.22239038950971318	0.0	0	6.931185505202737	
160	FAST	13	29	0.22948808669157972	0.0	0	6.706880267798796	
161	FAST	13	31	0.15388919337571655	0.0	0	9.379248315245169	
162	FAST	14	15	0.019130319528464904	0.0	0	84.70350276565057	
163	FAST	14	16	0.06723938624083681	0.0	0	22.69490054814542	
164	FAST	14	26	0.1630868027618412	0.0	0	9.582383891511302	
165	FAST	14	27	0.2503014029230186	0.0	0	6.678674564173879	
166	FAST	14	29	0.25739912344536897	0.0	0	6.310525241503739	
167	FAST	14	31	0.1183333001492522	0.0	0	12.001267060212388	
168	FAST	14	32	0.21194727355834295	0.0	0	6.1808738303156305	
169	FAST	15	16	0.048585982817270716	0.0	0	34.00532730887149	
170	FAST	15	26	0.15747477794306555	0.0	0	9.400937769009568	
171	FAST	15	27	0.244689378104243	0.0	0	6.429990728790281	
172	FAST	15	29	0.25178707528610955	0.0	0	6.660466671887814	
173	FAST	15	31	0.09967989283560547	0.0	0	15.323268381982537	
174	FAST	15	32	0.1932938779149381	0.0	0	7.276706132115618	
175	FAST	16	26	0.15613073174541822	0.0	0	7.868835887383193	
176	FAST	16	27	0.24334533190659563	0.0	0	6.631703363366153	
177	FAST	16	29	0.250443052428946	0.0	0	6.819641804713987	
178	FAST	16	31	0.05291526521902438	0.0	0	31.34314896347976	
179	FAST	16	32	0.14652924640827636	0.0	0	9.899581790584893	
180	FAST	17	18	0.144492633596006	0.0	0	10.211980539970254	
181	FAST	17	19	0.20948451408345695	0.0	0	7.727691578455625	
182	FAST	17	20	0.22112509410431017	0.0	0	5.717273586192289	
183	FAST	17	21	0.2301959607734761	0.0	0	6.384806513157275	
184	FAST	18	19	0.06547912086633792	0.0	0	26.360976820276523	
185	FAST	18	20	0.07711971255743301	0.0	0	21.765698339249322	
186	FAST	18	21	0.08619056366627643	0.0	0	19.829377727836288	
187	FAST	18	22	0.11826343430116347	0.0	0	14.38653818587862	
188	FAST	18	23	0.2031332533527576	0.0	0	7.303768001023078	
189	FAST	18	24	0.21725088889480668	0.0	0	6.986476058856473	
190	FAST	19	20	0.0557718564567446	0.0	0	26.252628100432727	
191	FAST	19	21	0.020826386902350846	0.0	0	75.9761811973315	
192	FAST	19	22	0.052899253647157266	0.0	0	30.80742736684009	
193	FAST	19	23	0.18178540114214978	0.0	0	7.550199158668966	
194	FAST	19	24	0.19590302501395698	0.0	0	7.0476865139215725	
195	FAST	19	25	0.25918542512951476	0.0	0	6.07109244267664	
196	FAST	20	21	0.051960300995763854	0.0	0	28.131412933913065	
197	FAST	20	22	0.057609725049702395	0.0	0	29.234997358565487	
198	FAST	20	23	0.12831906321120456	0.0	0	12.249143430109351	
199	FAST	20	24	0.14243669875325368	0.0	0	10.927580581877933	
200	FAST	20	25	0.20571908719856957	0.0	0	9.040616942665492	
201	FAST	21	22	0.03241731782414188	0.0	0	52.09097799462239	
202	FAST	21	23	0.177942145414127	0.0	0	7.684544936591678	
203	FAST	21	24	0.1920597848462567	0.0	0	7.207651970770707	
204	FAST	21	25	0.25534216940149196	0.0	0	6.684095974619304	
205	FAST	22	23	0.18354915202889183	0.0	0	8.833705902048356	
206	FAST	22	24	0.19766678757094094	0.0	0	8.179171015349217	
207	FAST	22	25	0.2609491876864987	0.0	0	7.369900852994227	
208	FAST	23	24	0.014785710209034767	0.0	0	106.02790504792503	
209	FAST	23	25	0.07806810643451191	0.0	0	18.865459271395082	
210	FAST	23	26	0.26582657077857297	0.0	0	5.91080029163301	
211	FAST	24	25	0.06401010971857911	0.0	0	22.64115419696444	
212	FAST	24	26	0.25176857017255955	0.0	0	6.413862323016424	
213	FAST	24	27	0.3391937559584829	0.0	0	5.081623302392444	
214	FAST	25	26	0.1896613206239994	0.0	0	8.294058571610565	
215	FAST	25	27	0.2770865064099227	0.0	0	7.866637147325708	
216	FAST	25	29	0.28418422304219243	0.0	0	7.6046471701070635	
217	FAST	25	30	0.4521379951502652	0.0	435	4.1166885822170425	
218	FAST	26	27	0.08793642018212716	0.0	0	15.914021936598377	
219	FAST	26	29	0.09503412125407436	0.0	0	14.777295302265857	
220	FAST	26	31	0.2001531209344359	0.0	0	6.0283353826443	
221	FAST	27	29	0.009295402123045745	0.0	0	178.737079902126	
222	FAST	27	30	0.1772491897914411	0.0	0	7.402969044416808	
223	FAST	27	31	0.28774323446876776	0.0	0	5.655779218335608	
224	FAST	28	30	0.15944353607893208	0.0	66	11.311215199601085	
225	FAST	29	30	0.16795380711879848	0.0	0	7.67073679436459	
226	FAST	29	31	0.2954023675373496	0.0	0	5.7352262162021	
227	FAST	31	32	0.09361397729917137	0.0	0	16.428098934524943	
228	FAST	31	33	0.20448155529861253	0.0	0	5.912784937585566	
229	FAST	32	33	0.11533800808672107	0.0	0	13.001485468105894	
230	FAST	32	34	0.21282922874836685	0.0	0	5.873475863556544	
231	FAST	32	35	0.1856925008734483	0.0	0	7.07188304775159	
232	FAST	33	34	0.09994297898851423	0.0	0	14.229522528172193	
233	FAST	33	35	0.08939985684434527	0.0	0	19.43355435732685	
234	FAST	33	36	0.23577195177538954	0.0	0	6.445933082357613	
235	FAST	33	43	0.21187265792180676	0.0	0	6.657373366395648	
236	FAST	33	44	0.23313834384937832	0.0	0	5.406370242460714	
237	FAST	34	35	0.07425086367565223	0.0	3	21.256085002936334	
238	FAST	34	36	0.22119958914834686	0.0	30	5.901509576256691	
239	FAST	34	40	0.21309968660406667	0.0	130	5.692647541231324	
240	FAST	34	41	0.19701331626663482	0.0	5	6.661612650408716	
241	FAST	34	42	0.19652467156864095	0.0	2	9.200086824976355	
242	FAST	34	43	0.11495453171851999	0.0	0	14.511711594562152	
243	FAST	34	44	0.1362202176460916	0.0	0	13.476519765650824	
244	FAST	34	45	0.17083477360173724	0.0	0	10.037374807606893	
245	FAST	34	46	0.1415772009986984	0.0	0	11.476048624292666	
246	FAST	34	47	0.2729031837234328	0.0	0	6.381780764173119	
247	FAST	34	48	0.30365908701192784	0.0	0	4.982183192640221	
248	FAST	34	49	0.2550983585980977	0.0	0	6.04792999224425	
249	FAST	34	63	0.41350450727089905	0.048	168	5.6242464498740015	
250	FAST	35	36	0.15314777123847956	0.0	1	9.626842806479447	
251	FAST	35	37	0.18349454307702828	0.0	21	7.470196639212099	
252	FAST	35	40	0.18010409662424917	0.0	7	7.792865783561018	
253	FAST	35	41	0.1906017709564348	0.0	0	7.605034737861097	
254	FAST	35	42	0.2441990567814982	0.0	0	7.847263913383339	
255	FAST	35	43	0.16262891693137727	0.0	6	8.179400461902986	
256	FAST	35	44	0.18389460285894885	0.0	19	7.2365701848201605	
257	FAST	35	45	0.21850915881459448	0.0	0	6.0610649720410334	
258	FAST	35	46	0.18925158232147501	0.0	0	6.774054089966947	
259	FAST	36	37	0.03814278128412667	0.0	0	43.01691543883715	
260	FAST	36	38	0.11676273844668511	0.0	22	15.03837609186255	
261	FAST	36	39	0.19725989680743664	0.0	10	6.843218176507673	
262	FAST	36	40	0.1635373363399172	0.0	0	12.709062099726001	
263	FAST	36	41	0.3269651669101407	0.0	1	8.990377627139024	
264	FAST	36	42	0.39092006082427827	0.0	0	5.48998527741745	
265	FAST	37	38	0.08093381602122546	0.0	4	26.813598306969432	
266	FAST	37	39	0.15061684588073954	0.0	0	10.17938959076608	
267	FAST	37	40	0.14019839693063493	0.0	0	14.249846354145777	
268	FAST	37	41	0.3579232571393046	0.0	368	8.599258334539083	
269	FAST	37	42	0.4218781277129583	0.0	2	5.39773064670089	
270	FAST	38	39	0.08372419808664779	0.0	0	18.294709119486907	
271	FAST	38	40	0.11208962348841593	0.0	34	16.034828708242458	
272	FAST	38	41	0.40779445257479646	0.0	397	7.944102031696594	
273	FAST	38	42	0.46110764581155694	0.0	16	4.3053506091001195	
274	FAST	39	40	0.19341849275779302	0.0	2	8.302017073423592	
275	FAST	39	41	0.48912332573425416	0.0	2360	2.4639306872283218	
276	FAST	40	41	0.2986730228472532	0.0	9	36.11790918204004	
277	FAST	40	42	0.3519861888534493	0.0	1	8.958466137725742	
278	FAST	40	43	0.30170619262486453	0.0	1286	4.026167484670916	
279	FAST	41	42	0.25357444285234754	0.0	0	14.679059223306046	
280	FAST	41	43	0.20648708636666077	0.0	41	6.3304077427833345	
281	FAST	41	44	0.22937622353302517	0.0	3063	2.0324931218717577	
282	FAST	41	46	0.2310540153081182	0.0	0	6.563043009569516	
283	FAST	42	43	0.11780820928584947	0.0	1	14.783373467142809	
284	FAST	42	44	0.13084020112608316	0.0	15	11.440175895772516	
285	FAST	42	45	0.16679591294946913	0.0	0	8.189630018363705	
286	FAST	42	46	0.1325179929011762	0.0	0	12.78385991038775	
287	FAST	42	47	0.24937123796376515	0.0	0	5.608409295352035	
288	FAST	42	49	0.20710935144416465	0.0	0	6.070603575690949	
289	FAST	43	44	0.023101644490940768	0.0	0	73.52120874942058	
290	FAST	43	45	0.05771618877634452	0.0	0	27.093751788963132	
291	FAST	43	46	0.0288340089539606	0.0	0	56.375827360292725	
292	FAST	43	47	0.159784610568282	0.0	0	11.558295772859683	
293	FAST	43	48	0.19054051385677703	0.0	0	9.321881627706953	
294	FAST	43	49	0.14197978544294687	0.0	0	12.17019275338935	
295	FAST	43	63	0.3923885515678148	0.048	1315	4.615559322283371	
296	FAST	44	45	0.03650977211722949	0.0	0	42.287619253482276	
297	FAST	44	46	0.02575993886862073	0.0	0	69.44472798385914	
298	FAST	44	47	0.14086488833480484	0.0	0	15.358490448405897	
299	FAST	44	48	0.171620779953058	0.0	0	11.086594342989953	
300	FAST	44	49	0.12306006320946969	0.0	0	15.701648188846029	
301	FAST	44	50	0.2795338767258421	0.0	0	5.719167700322502	
302	FAST	44	54	0.4062621031342436	0.0	0	5.154993834559101	
303	FAST	44	63	0.3774616757931424	0.048	3085	1.696745620583908	
304	FAST	45	46	0.05900224943214269	0.0	0	30.24168701207923	
305	FAST	45	47	0.11029916330807826	0.0	0	26.287497471457847	
306	FAST	45	48	0.1410550549263314	0.0	0	15.886168691303885	
307	FAST	45	49	0.07388850655518356	0.0	0	23.49563392749605	
308	FAST	45	50	0.2303623317417979	0.0	0	7.127467039081139	
309	FAST	45	52	0.29512067512879453	0.0	0	5.465254752144167	
310	FAST	45	53	0.3237251926661545	0.0	0	5.691024767774828	
311	FAST	45	54	0.3570905581501994	0.0	0	5.987095707185292	
312	FAST	45	56	0.4526480314016355	0.0	0	4.658923119253982	
313	FAST	45	63	0.3512879165346726	0.048	0	9.208442419794729	
314	FAST	46	47	0.15177768484110474	0.0	0	14.114608065133268	
315	FAST	46	48	0.1825335725692773	0.0	0	10.278673029792705	
316	FAST	46	49	0.1095157983215043	0.0	0	14.519467044233746	
317	FAST	47	48	0.033308403033401005	0.0	0	49.4957661726926	
318	FAST	47	49	0.04335293354340888	0.0	0	42.27225854894193	
319	FAST	47	50	0.13698732987579948	0.0	0	11.92573110740099	
320	FAST	47	51	0.1911754722673719	0.0	0	7.767433828493807	
321	FAST	47	52	0.21128708019471065	0.0	0	8.418089286473451	
322	FAST	47	53	0.2398915977320707	0.0	0	8.626341381946666	
323	FAST	47	54	0.2732569865565993	0.0	0	9.365487600951385	
324	FAST	47	56	0.3688144364675517	0.0	0	5.567046624008369	
325	FAST	47	63	0.32931771848225994	0.048	0	12.852462448264811	
326	FAST	48	49	0.07429681330803665	0.0	0	31.404619260602416	
327	FAST	48	50	0.10466340899746844	0.0	0	17.129201521113515	
328	FAST	48	51	0.15885155138904086	0.0	0	8.879022523571496	
329	FAST	48	52	0.17896317098662154	0.0	0	11.05663438004319	
330	FAST	48	53	0.2075677001942234	0.0	0	10.867575791263098	
331	FAST	48	54	0.2409330695683489	0.0	0	10.070138738869153	
332	FAST	48	55	0.31065396158262065	0.0	0	5.336310464348083	
333	FAST	48	56	0.33649051558922066	0.0	0	5.919016146539767	
334	FAST	48	63	0.33176830010421277	0.048	0	12.902570668185334	
335	FAST	49	50	0.1566683642287674	0.0	0	9.996766692183003	
336	FAST	49	51	0.1845573986865216	0.0	0	7.33506847333271	
337	FAST	49	52	0.22142669594552217	0.0	0	6.760263631780748	
338	FAST	49	53	0.25003121348288215	0.0	0	6.6236707504070225	
339	FAST	49	54	0.28339660619749146	0.0	0	7.1567114171926445	
340	FAST	50	51	0.08115968188268026	0.0	0	23.895033517122403	
341	FAST	50	52	0.07399500529255132	0.0	0	30.115711643071517	
342	FAST	50	53	0.10259952671999197	0.0	0	21.983834980325977	
343	FAST	50	54	0.13596489609411744	0.0	0	15.38200366264141	
344	FAST	50	55	0.20568579977863108	0.0	0	7.246300431662569	
345	FAST	50	56	0.2315223537852311	0.0	0	7.340027344907439	
346	FAST	50	57	0.28310399822269255	0.0	0	5.268277603479782	
347	FAST	51	52	0.0866936794642085	0.0	0	18.091900047030446	
348	FAST	51	53	0.1152981970015685	0.0	0	12.452493551693248	
349	FAST	51	54	0.14866356637569397	0.0	0	9.504716737845005	
350	FAST	51	55	0.21838445838996573	0.0	0	6.080886549883419	
351	FAST	51	56	0.2442210123965657	0.0	0	5.175664609089295	
352	FAST	52	53	0.027119747672974932	0.0	0	51.89537472015446	
353	FAST	52	54	0.06466182659652175	0.0	0	23.739835685965055	
354	FAST	52	55	0.13438272639095475	0.0	0	10.694432079102803	
355	FAST	52	56	0.16021928039755476	0.0	0	9.843144450677508	
356	FAST	52	57	0.2118009365052582	0.0	0	6.515837657242325	
357	FAST	53	54	0.03255763303241363	0.0	0	43.41166135210864	
358	FAST	53	55	0.1392847375834884	0.0	0	13.228985548532966	
359	FAST	53	56	0.12811509072352725	0.0	0	13.138869466504122	
360	FAST	53	57	0.1796967429411501	0.0	0	7.854489897626399	
361	FAST	53	58	0.2558494359154547	0.0	0	5.245596616334066	
362	FAST	53	63	0.337184139804537	0.048	0	11.93160158708822	
363	FAST	54	55	0.09882882488577224	0.0	0	15.61648160457931	
364	FAST	54	56	0.09594506921502285	0.0	0	18.099352387604505	
365	FAST	54	57	0.14752673699296817	0.0	0	9.503020696829553	
366	FAST	54	58	0.2236794182970309	0.0	0	6.262979280017885	
367	FAST	54	59	0.23363279643775064	0.0	0	5.57731041441357	
368	FAST	54	63	0.31193667033525635	0.048	0	18.292102390298325	
369	FAST	55	56	0.10245118238530287	0.0	0	21.611118595638313	
370	FAST	55	57	0.11688081406400345	0.0	0	16.305658568700547	
371	FAST	55	58	0.19303349536806622	0.0	0	8.870696489028761	
372	FAST	55	59	0.15404239253103003	0.0	0	9.495678651741654	
373	FAST	55	60	0.199998124561872	0.0	0	6.414673686291338	
374	FAST	55	61	0.21647929140213404	0.0	0	5.30355922690167	
375	FAST	56	57	0.051750960196819136	0.0	0	28.137703335989528	
376	FAST	56	58	0.12790363761080126	0.0	0	11.345074613981083	
377	FAST	56	59	0.1378570196416016	0.0	0	9.519393874358316	
378	FAST	56	60	0.1863277627103322	0.0	0	7.085156421105801	
379	FAST	56	61	0.2295672264918869	0.0	0	5.393697981968157	
380	FAST	56	63	0.3399620284812417	0.048	0	11.079147047949414	
381	FAST	56	64	0.38634472259083835	0.048	0	6.762106096885338	
382	FAST	56	65	0.43919115018064	0.048	0	4.513866220818658	
383	FAST	56	67	0.42103726473208475	0.048	0	5.129147259061515	
384	FAST	57	58	0.07675344979601327	0.0	0	22.961102959378263	
385	FAST	57	59	0.08670683571689426	0.0	0	17.999429752359887	
386	FAST	57	60	0.13517757878562484	0.0	0	10.74233820353281	
387	FAST	57	61	0.17841704256717958	0.0	0	8.005413276722743	
388	FAST	57	63	0.384340773682992	0.048	0	7.28560180694108	
389	FAST	57	64	0.3412958770645092	0.048	0	10.577158512297062	
390	FAST	57	65	0.38984504348251814	0.048	0	6.634957021514018	
391	FAST	57	66	0.42780336506585737	0.048	0	4.758921698549476	
392	FAST	57	67	0.37333280038000694	0.048	0	7.81766424934296	
393	FAST	58	59	0.07200593315564248	0.0	0	27.868088376955992	
394	FAST	58	60	0.08743951295287825	0.0	0	18.410408662320624	
395	FAST	58	61	0.1310579211587018	0.0	0	12.130278810846146	
396	FAST	58	62	0.255370979338627	0.0	0	5.880184857965258	
397	FAST	58	63	0.42867785119451274	0.048	0	4.844921227702274	
398	FAST	58	64	0.2815888030664809	0.048	0	33.52410214332209	
399	FAST	58	65	0.3403573143357273	0.048	0	11.294931480687687	
400	FAST	58	66	0.39043847436779794	0.048	0	6.466155942325351	
401	FAST	58	67	0.31576294598180515	0.048	0	15.832081270182554	
402	FAST	59	60	0.049577043098683535	0.0	0	30.127927853274464	
403	FAST	59	61	0.09281650299015765	0.0	0	16.842078468747133	
404	FAST	59	62	0.19190307683821625	0.0	0	8.661388425988882	
405	FAST	60	61	0.04366750880351709	0.0	0	36.56758993131116	
406	FAST	60	62	0.16798056309336168	0.0	0	10.740099614296527	
407	FAST	61	62	0.1284738884202208	0.0	0	16.628281180254007	
408	FAST	61	64	0.34189073151411264	0.048	0	10.858934477562393	
409	FAST	61	65	0.27660027650124386	0.048	0	40.446594083566005	
410	FAST	61	66	0.2846057362515169	0.048	0	32.37425260646624	
411	FAST	61	67	0.313713359586781	0.048	0	16.34546551898564	
412	FAST	62	64	0.4213812504185731	0.048	0	5.064591195033456	
413	FAST	62	65	0.3530950978131749	0.048	0	9.857747856740911	
414	FAST	62	66	0.29304974429611425	0.048	0	24.93924360150947	
415	FAST	62	67	0.39218104977363377	0.048	0	6.308380111953096	
416	FAST	64	65	0.3208596406357785	0.048	0	14.97884369859031	
417	FAST	64	66	0.37832092189058875	0.048	0	7.804840023943375	
418	FAST	64	67	0.28711509697401516	0.048	0	29.175027088270667	
419	FAST	65	66	0.30802592284334046	0.048	0	19.82047681227004	
420	FAST	65	67	0.2869529669048198	0.048	0	27.97697113907499	
421	FAST	66	67	0.34723302916346765	0.048	0	10.68130652203531	
422	FAST	68	69	0.31961417983176404	0.048	0	15.213924879162034	
423	FAST	68	70	0.31025070892562745	0.048	0	16.90768450360985	
424	FAST	68	71	0.35282413558903386	0.048	0	9.643095687711375	
425	FAST	68	73	0.3499823949333256	0.048	0	9.833675104718616	
426	FAST	68	74	0.36326856556838494	0.048	0	8.861977042039126	
427	FAST	68	75	0.32293415966345773	0.048	0	14.077851908460422	
428	FAST	68	76	0.3043083788413486	0.048	0	20.222435543554806	
429	FAST	68	77	0.3277074185209801	0.048	0	13.662790117182873	
430	FAST	68	78	0.3537868345681008	0.048	0	9.192633413363389	
431	FAST	69	70	0.35016734253612003	0.048	0	10.217537373167175	
432	FAST	69	71	0.2889421904033205	0.048	0	27.60592622569602	
433	FAST	69	73	0.409725032299345	0.048	0	5.429434820613108	
434	FAST	69	74	0.43146268347934347	0.048	0	4.317495358217783	
435	FAST	69	75	0.3940090006189977	0.048	0	5.774221035771837	
436	FAST	69	76	0.375242522649161	0.048	0	7.674172938913877	
437	FAST	69	77	0.3880713581061336	0.048	0	6.958347571424441	
438	FAST	69	78	0.4118340394161036	0.048	0	5.80221050434972	
439	FAST	70	71	0.36321139206122	0.048	0	8.65387251212255	
440	FAST	70	73	0.39483539525942135	0.048	0	6.671346439974443	
441	FAST	70	74	0.39209968574495196	0.048	0	6.610083772396055	
442	FAST	70	75	0.3479917875872324	0.048	0	9.713536581290667	
443	FAST	70	76	0.3135398879049619	0.048	0	16.766938953224425	
444	FAST	70	77	0.29472060910445375	0.048	0	23.980806177961757	
445	FAST	70	78	0.31277550312885255	0.048	0	17.283142855724183	
446	FAST	71	75	0.4279180643201304	0.048	0	4.790727899887957	
447	FAST	71	76	0.404332513209376	0.048	0	5.543576521583251	
448	FAST	71	77	0.40759504955365466	0.048	0	5.696598935690969	
449	FAST	71	78	0.4282032219443983	0.048	0	4.881143114861883	
450	FAST	72	73	0.14025606737595317	0.0	0	12.641191677698554	
451	FAST	72	74	0.08725546934826098	0.0	0	17.44453300849581	
452	FAST	72	75	0.06345545813248002	0.0	0	29.097653754615003	
453	FAST	72	76	0.04017865109099696	0.0	0	38.76760081497338	
454	FAST	72	77	0.04570755266690181	0.0	0	34.916681407428456	
455	FAST	72	78	0.06345764046771263	0.0	0	26.701713132093474	
456	FAST	73	74	0.05432577344421043	0.0	0	32.858992574819574	
457	FAST	73	75	0.11529474650005098	0.0	0	23.228253891741534	
458	FAST	73	76	0.1530252220284384	0.0	0	14.450758234097917	
459	FAST	73	77	0.19731463802204155	0.0	0	8.935169208285155	
460	FAST	73	78	0.21506473749309424	0.0	0	7.839735884963023	
461	FAST	74	75	0.0623156956289603	0.0	0	31.465599371286814	
462	FAST	74	76	0.10004617115734774	0.0	0	16.983424866349672	
463	FAST	74	77	0.14433558326087026	0.0	0	10.46385523619414	
464	FAST	74	78	0.16208567884184233	0.0	0	10.048634916014331	
465	FAST	75	76	0.042285826075788555	0.0	0	39.50713558429439	
466	FAST	75	77	0.087860882596482	0.0	0	18.426171466114305	
467	FAST	75	78	0.10561097428737345	0.0	0	13.813072627305989	
468	FAST	76	77	0.06410468924890102	0.0	0	32.11989767676242	
469	FAST	76	78	0.08185477704971184	0.0	0	20.102981002373156	
470	FAST	77	78	0.02740920468246461	0.0	0	55.73456908772701	
471	FAST	28	79	0.24933924720194606	0.0	40	5.844759700291447	
472	FAST	30	79	0.36321714103929786	0.0	185	2.679216612917973	
473	FAST	39	79	0.32321828123467566	0.0	806	2.172705938184143	
474	FAST	39	80	0.20898954818085974	0.0	208	4.360777163602679	
475	FAST	38	80	0.3686605865035309	0.0	121	2.9756838349634105	
476	FAST	40	80	0.3873724190641642	0.0	717	2.2210283590908997	
477	FAST	28	81	0.18358903266379864	0.0	30	6.349017894995759	
478	FAST	30	81	0.34278665231642585	0.0	191	2.982740549404481	
479	FAST	39	81	0.44050433470557965	0.0	816	1.7169510619020683	
480	FAST	39	82	0.1755956771811284	0.0	414	6.460789247707621	
481	FAST	38	82	0.2362509472495328	0.0	241	4.087717246348611	
482	FAST	37	82	0.302872835805047	0.0	392	3.163679260667537	
483	FAST	39	83	0.2194748965523123	0.0	169	4.713434549396991	
484	FAST	38	83	0.37652702727801673	0.0	117	2.8307240414236032	
485	FAST	40	83	0.4420283064794132	0.0	684	1.9748931701057844	
