id	x	y	type	qual	N	n_links	count	acc	
1	0.5290865972208558	0.08782825570975693	STD	0.8832974241081848	0	18	28	0.9710183263510511	
2	0.5301822646847826	0.10720123054485474	STD	0.6779051025003402	0	18	509	0.9719942181575362	
3	0.5333754021576235	0.11316317727647134	STD	0.5307753608825394	0	18	75	0.9283983722888619	
4	0.5228257638719125	0.1527978029111725	STD	0.4598098887145181	2	17	552	0.9700315656784788	
5	0.5110057050013014	0.18322738970304364	STD	0.0869708797410651	0	19	503	0.9123457352187834	
6	0.46055093200691144	0.23803676739353677	STD	0.410897777497333	0	15	62	0.9640214773372098	
7	0.49049816672070146	0.0769888854245772	STD	0.7056772134564344	2	16	1177	0.9452503508573357	
8	0.5243639373822653	0.14811813155714765	STD	0.1727433074484992	2	18	170	0.9460049111112413	
9	0.4372574223741947	0.2995079543610299	STD	0.00901717259252055	0	16	21	0.8706107043216224	
10	0.41937970228563354	0.33373740205414487	STD	0.17104234213537084	0	15	15	0.9354156786901227	
11	0.4998163145722239	0.3654513890156738	STD	0.7396081193158806	0	15	8	0.9607712597657317	
12	0.515877597084288	0.3934792280858458	STD	0.4619723900414958	0	12	0	0.961095580442974	
13	0.527761674424959	0.4273044524055435	STD	0.7675898546151629	0	11	0	0.9665987504651685	
14	0.5279485391483765	0.45960239084181165	STD	0.3873177759877695	0	12	0	0.9317158200211751	
15	0.5178388115657108	0.47324318956320754	STD	0.9767791976808788	0	12	0	0.9192919904082711	
16	0.4983862803694047	0.5086814241359012	STD	0.9784715744164136	0	11	1	0.9232667867599927	
17	0.19045354636733625	0.002995199780724391	STD	0.11896422112447413	16	6	591	0.9246469545037485	
18	0.260845314655781	0.09852695010641736	STD	0.515146007841695	3	7	170	0.9775016970421456	
19	0.23158108780837086	0.14021317238405023	STD	0.2639943082015497	1	11	1096	0.9074261014356545	
20	0.2801200648305022	0.15889412442380177	STD	0.5427677998642433	3	8	301	0.969543629796796	
21	0.23191891500510464	0.15860984189908572	STD	0.7734059422150115	5	11	1672	0.9502527489357904	
22	0.24223756772992455	0.18442460012929646	STD	0.5752522747710944	10	8	520	0.9718410196254444	
23	0.368004880062751	0.2085094845428714	STD	0.7991001111628344	13	17	1669	0.9799356877580288	
24	0.3719839740227433	0.2215652327591495	STD	0.6735938741675229	2	17	1012	0.9626741482359458	
25	0.3455553328417463	0.2744769879628167	STD	0.9445201788288817	4	15	397	0.9598982112098711	
26	0.44093575929207557	0.3712978642887976	STD	0.007834742686850138	0	15	3	0.8628925301463264	
27	0.36967671375721445	0.41015518237073767	STD	0.45892194694659794	0	14	4	0.9591492401866107	
28	0.1573274485692997	0.4835700453482871	STD	0.3567471954040229	0	1	0	0.9308876321109208	
29	0.36716528647906305	0.4179604961228007	STD	0.7260858407906454	0	13	0	0.879206476637989	
30	0.22100419841716157	0.4019146525885682	STD	0.03892865701920423	0	4	0	0.8551688980856467	
31	0.47787268628758284	0.5480021666943438	STD	0.4739557197190114	0	11	0	0.969538426923167	
32	0.46676331894608003	0.6284350713290916	STD	0.009830187041810934	0	7	1	0.8333601953143108	
33	0.4608416104655608	0.7277137825604496	STD	0.7674534462400933	0	7	1	0.9659203468981153	
34	0.4626107695368043	0.8130296791693479	STD	0.22440947716843418	0	15	92	0.9508466741596275	
35	0.41096732927400903	0.7751332799821633	STD	0.9953201332049324	0	12	250	0.9283159005335199	
36	0.28631860993830643	0.7727157794916976	STD	0.0014764907384554604	0	9	52	0.9033177341817944	
37	0.2593266062207844	0.7914395937162324	STD	0.7783692857411353	23	9	947	0.975675862218375	
38	0.22221233076092273	0.8261440423391756	STD	0.308615711654912	2	8	595	0.9595418553440787	
39	0.1527652674630883	0.8358499459600879	STD	0.28207310834195765	9	7	651	0.9639858611385697	
40	0.28962421229098206	0.869035900942634	STD	0.7712225438671394	4	9	537	0.9740271214439681	
41	0.3153375768362312	0.8870629299068465	STD	0.7936296128779265	0	11	534	0.9766919648335092	
42	0.38914135655596416	0.9106268739207488	STD	0.9539508535738768	3	13	667	0.9593982642490281	
43	0.48046327153884866	0.8968259831074697	STD	0.6675107970247594	0	13	955	0.9731429729818479	
44	0.49826819224557845	0.9044854921625778	STD	0.530170359303413	0	14	285	0.9461685023687217	
45	0.530170585639569	0.9121028717198222	STD	0.8833434611094768	0	15	353	0.8910146097054563	
46	0.4847793275811146	0.9204492747618408	STD	0.6307825146595696	0	10	0	0.9347332081419133	
47	0.5764771347969846	0.9306369200322399	STD	0.9609607565955798	0	15	326	0.9136739528757112	
48	0.6001695919630531	0.9436531031548717	STD	0.3312072242420425	0	15	0	0.9476354882012005	
49	0.5600944622629316	0.9598293649607524	STD	0.39544937285936355	0	13	0	0.96329771574599	
50	0.676757136993029	0.9547977108106617	STD	0.37158813091475196	0	12	0	0.9242694264583018	
51	0.7136194046106153	0.9998054959685726	STD	0.6735471756661162	0	9	0	0.9477760131649894	
52	0.7111205214921377	0.9245728367440629	STD	0.9975644900428535	0	11	0	0.8997275052842802	
53	0.7026486286056469	0.8985914288740412	STD	0.2626817145632738	0	13	0	0.9093347272020071	
54	0.6841337084613773	0.8734880730081942	STD	0.8539588037573551	0	15	0	0.9591532474629436	
55	0.7487391586823343	0.8203755982229649	STD	0.1899826269992395	0	12	0	0.9258534666944658	
56	0.6913128608098928	0.8026145346104842	STD	0.2367770417622881	0	18	1	0.9589854394116154	
57	0.7062995413951377	0.7555676817559628	STD	0.28119215238869577	0	15	0	0.9379212021462761	
58	0.6946833467470882	0.6969819624143379	STD	0.32783610474760616	0	14	0	0.9633760478370242	
59	0.7445355675199029	0.6959235961593058	STD	0.6871095786863375	0	8	0	0.9604849266167002	
60	0.7473714992321001	0.650423921638075	STD	0.6058403863364676	0	7	0	0.9678251174007316	
61	0.7721569420072685	0.624518859745052	STD	0.6756710489412112	0	11	0	0.9530833030519742	
62	0.8472347325369116	0.5978493123203564	STD	0.12671695835063757	0	8	0	0.9160270963534362	
63	0.6209223901931383	0.862215538216282	EXIT	0.5358842705463869	0	11	1934	0.9377323263187303	
64	0.6867054774731324	0.6640745017298447	EXIT	0.5252446122585741	0	8	0	0.9458966485979274	
65	0.7439150209175545	0.6185191430027415	EXIT	0.594098834864248	0	8	1	0.9664073130916504	
66	0.8022264606500168	0.6031697550197176	EXIT	0.6799598848470116	0	7	0	0.9648840682676881	
67	0.7063966504933027	0.6299630166307487	EXIT	0.3166299057116557	0	8	0	0.9656184574477664	
68	0.6461870198678478	0.09215924135885288	EXIT	0.0062934344837763945	0	16	227	0.8416407346913937	
69	0.6634258961832257	0.1619477070633198	EXIT	0.37450172143527016	0	16	2286	0.9640837018978543	
70	0.7037625067289622	0.06778424955955283	EXIT	0.30909742818325614	0	12	268	0.940624378199374	
71	0.6987624479386872	0.18315924981954215	EXIT	0.07373790763564947	0	13	120	0.8847670478781199	
72	0.6538685441834395	0.0001945040314274314	STD	0.9423956426319038	0	11	0	0.9509728950647879	
73	0.559825411665789	0.03740877169667725	STD	0.8515603808745269	0	16	2	0.9688897757911282	
74	0.576153581988845	0.000263010258388662	STD	0.7188990106504198	0	16	0	0.9717330769796488	
75	0.6133145736295614	0.024517878037257763	STD	0.04565142652066556	0	17	3	0.876659924793187	
76	0.6463688669273957	0.03557925245900701	STD	0.02170484741374823	0	16	1	0.8622280004471029	
77	0.6875197664588574	0.02368811010106969	STD	0.22820214439798647	0	13	0	0.9427620853081726	
78	0.7032177008976098	0.0027391257024041026	STD	0.5727377812444037	0	11	0	0.9651707614969113	
79	0.0	0.044144639520761864	ENTRY	0.0	1	3	1034	0.8095619140739031	
80	0.0	0.9179300184520376	ENTRY	0.0	0	3	1063	0.8399546147308562	
81	0.0	0.8535426883002375	ENTRY	0.0	3	3	1023	0.8466163775803548	
82	0.0	0.21583308516808053	ENTRY	0.0	0	3	1051	0.8039314600381021	
83	0.0	0.1280263529554222	ENTRY	0.0	1	3	1025	0.8097603444276366	
