n_interc	
0	
0	
0	
0	
0	
0	
0	
0	
0	
0	
0	
0	
0	
0	
0	
0	
0	
0	
0	
0	
0	
0	
0	
0	
0	
0	
0	
0	
0	
0	
0	
0	
0	
0	
0	
0	
0	
0	
0	
0	
0	
0	
0	
0	
0	
0	
0	
0	
0	
0	
0	
0	
0	
0	
0	
0	
0	
0	
0	
0	
0	
0	
0	
0	
0	
0	
0	
0	
0	
0	
0	
0	
0	
0	
0	
0	
0	
0	
0	
1	
1	
1	
1	
1	
2	
2	
2	
2	
2	
3	
3	
3	
3	
3	
3	
3	
4	
5	
5	
5	
55	
56	
56	
57	
58	
58	
61	
62	
62	
66	
66	
69	
70	
72	
74	
77	
77	
79	
79	
81	
84	
84	
85	
90	
90	
93	
95	
96	
97	
99	
100	
100	
104	
107	
109	
111	
111	
113	
116	
116	
117	
120	
124	
125	
127	
129	
129	
131	
133	
135	
137	
140	
141	
142	
143	
147	
151	
152	
153	
153	
158	
159	
160	
163	
165	
166	
167	
170	
170	
174	
177	
177	
179	
182	
183	
184	
186	
188	
189	
191	
193	
196	
197	
198	
200	
202	
204	
205	
209	
209	
210	
212	
216	
217	
219	
219	
220	
223	
225	
227	
494	
499	
501	
505	
509	
512	
516	
520	
526	
530	
535	
537	
539	
542	
546	
549	
554	
561	
563	
567	
571	
576	
579	
583	
585	
588	
594	
596	
600	
605	
610	
613	
617	
622	
625	
627	
630	
636	
639	
643	
644	
647	
652	
656	
658	
662	
666	
672	
679	
680	
684	
687	
692	
693	
695	
701	
702	
705	
708	
709	
712	
713	
716	
719	
720	
722	
724	
727	
728	
731	
734	
737	
738	
741	
741	
743	
746	
749	
751	
752	
755	
755	
756	
758	
759	
761	
761	
763	
766	
766	
766	
767	
769	
769	
772	
773	
774	
776	
779	
781	
3232	
3239	
3242	
3246	
3251	
3251	
3255	
3258	
3261	
3265	
3269	
3273	
3275	
3280	
3282	
3288	
3295	
3298	
3304	
3304	
3310	
3315	
3318	
3319	
3320	
3327	
3329	
3333	
3336	
3337	
3338	
3339	
3341	
3345	
3348	
3349	
3354	
3357	
3364	
3369	
3370	
3374	
3380	
3383	
3384	
3387	
3388	
3395	
3399	
3403	
3407	
3411	
3413	
3415	
3417	
3419	
3424	
3428	
3432	
3435	
3440	
3443	
3447	
3452	
3459	
3462	
3466	
3466	
3470	
3471	
3471	
3473	
3475	
3477	
3481	
3483	
3484	
3484	
3489	
3491	
3492	
3493	
3498	
3501	
3504	
3506	
3509	
3510	
3511	
3515	
3515	
3516	
3520	
3521	
3522	
3524	
3529	
3531	
3532	
3532	
3007	
3007	
3008	
3011	
3012	
3016	
3018	
3018	
3018	
3018	
3019	
3022	
3024	
3026	
3029	
3032	
3034	
3036	
3036	
3039	
3043	
3043	
3046	
3046	
3046	
3048	
3049	
3050	
3052	
3053	
3055	
3059	
3061	
3061	
3066	
3066	
3070	
3071	
3072	
3073	
3076	
3077	
3078	
3079	
3083	
3084	
3085	
3087	
3089	
3092	
3093	
3093	
3094	
3094	
3097	
3101	
3104	
3104	
3105	
3107	
3110	
3110	
3113	
3115	
3117	
3118	
3119	
3120	
3121	
3123	
3126	
3128	
3129	
3131	
3132	
3132	
3134	
3135	
3135	
3136	
3138	
3138	
3140	
3140	
3143	
3145	
3147	
3149	
3151	
3153	
3154	
3154	
3155	
3155	
3158	
3161	
3163	
3165	
3166	
3168	
