n_interc	
0	
0	
0	
0	
0	
0	
0	
0	
0	
0	
0	
0	
0	
0	
0	
0	
0	
0	
0	
0	
0	
0	
0	
0	
0	
0	
0	
0	
0	
0	
0	
0	
0	
0	
0	
0	
0	
0	
0	
0	
0	
0	
0	
0	
0	
0	
0	
0	
0	
0	
0	
0	
0	
0	
0	
0	
0	
0	
0	
0	
0	
0	
0	
0	
0	
0	
0	
1	
1	
1	
2	
2	
2	
2	
2	
2	
2	
2	
2	
3	
3	
3	
3	
3	
3	
3	
3	
3	
3	
3	
3	
4	
4	
4	
4	
4	
4	
4	
4	
5	
63	
65	
68	
69	
71	
74	
75	
76	
77	
79	
81	
83	
84	
87	
89	
90	
92	
93	
95	
96	
98	
103	
105	
106	
108	
111	
112	
113	
115	
115	
117	
117	
119	
121	
122	
125	
127	
129	
131	
134	
135	
137	
139	
140	
143	
144	
145	
146	
147	
148	
151	
153	
157	
158	
160	
162	
163	
165	
166	
167	
168	
171	
172	
175	
177	
178	
180	
181	
183	
184	
185	
188	
189	
191	
194	
195	
196	
199	
200	
201	
202	
204	
206	
207	
209	
211	
212	
214	
216	
218	
220	
221	
222	
224	
226	
227	
228	
230	
232	
234	
514	
519	
522	
527	
533	
536	
541	
544	
547	
551	
554	
557	
561	
564	
567	
570	
574	
577	
581	
586	
589	
592	
595	
598	
602	
605	
608	
611	
614	
618	
622	
625	
628	
631	
636	
640	
643	
647	
650	
654	
660	
664	
666	
672	
677	
679	
683	
686	
690	
692	
695	
698	
700	
704	
708	
712	
715	
717	
721	
722	
725	
727	
730	
733	
736	
740	
742	
744	
746	
749	
751	
754	
757	
759	
762	
764	
767	
770	
772	
774	
776	
777	
779	
780	
781	
783	
784	
786	
787	
789	
790	
791	
792	
794	
795	
796	
798	
799	
799	
800	
3320	
3324	
3327	
3331	
3336	
3339	
3342	
3346	
3350	
3353	
3357	
3361	
3364	
3366	
3367	
3375	
3380	
3385	
3391	
3399	
3403	
3404	
3409	
3414	
3419	
3424	
3425	
3429	
3434	
3440	
3447	
3452	
3455	
3457	
3463	
3468	
3475	
3479	
3480	
3483	
3487	
3492	
3497	
3502	
3504	
3507	
3510	
3513	
3520	
3523	
3526	
3530	
3533	
3536	
3538	
3542	
3546	
3548	
3553	
3556	
3560	
3562	
3563	
3565	
3569	
3573	
3576	
3580	
3584	
3587	
3589	
3592	
3594	
3596	
3599	
3600	
3604	
3605	
3610	
3613	
3616	
3617	
3618	
3618	
3619	
3619	
3621	
3622	
3623	
3627	
3630	
3633	
3635	
3637	
3638	
3640	
3640	
3640	
3643	
3647	
3105	
3109	
3111	
3111	
3112	
3113	
3114	
3115	
3115	
3116	
3118	
3119	
3120	
3123	
3125	
3127	
3127	
3128	
3129	
3131	
3132	
3134	
3134	
3136	
3140	
3141	
3142	
3147	
3147	
3149	
3150	
3152	
3154	
3158	
3159	
3161	
3161	
3164	
3165	
3167	
3170	
3171	
3174	
3175	
3178	
3181	
3181	
3183	
3183	
3185	
3187	
3189	
3191	
3194	
3195	
3195	
3195	
3197	
3198	
3198	
3199	
3201	
3203	
3203	
3205	
3205	
3207	
3207	
3207	
3208	
3212	
3213	
3214	
3214	
3216	
3216	
3218	
3219	
3221	
3221	
3223	
3224	
3226	
3226	
3229	
3229	
3229	
3230	
3231	
3232	
3234	
3236	
3236	
3236	
3239	
3240	
3241	
3241	
3242	
3242	
