n_interc	
0	
0	
0	
0	
0	
0	
0	
0	
0	
0	
0	
0	
0	
0	
0	
0	
0	
0	
0	
0	
0	
0	
0	
0	
0	
0	
0	
0	
0	
0	
0	
0	
0	
0	
0	
0	
0	
0	
0	
0	
0	
0	
0	
0	
0	
0	
0	
0	
0	
0	
0	
0	
0	
0	
0	
0	
0	
0	
0	
0	
0	
0	
0	
0	
0	
0	
0	
1	
1	
1	
2	
2	
2	
2	
2	
2	
2	
2	
2	
3	
3	
3	
3	
3	
3	
3	
3	
3	
3	
3	
3	
4	
4	
4	
4	
4	
4	
4	
4	
5	
63	
65	
68	
69	
71	
74	
75	
76	
77	
79	
81	
83	
84	
87	
89	
90	
92	
93	
95	
96	
98	
103	
105	
106	
108	
111	
112	
113	
115	
115	
117	
117	
119	
121	
122	
125	
127	
129	
131	
134	
135	
137	
139	
140	
143	
144	
145	
146	
147	
148	
151	
153	
157	
158	
160	
162	
163	
165	
166	
167	
168	
171	
172	
175	
177	
178	
180	
181	
183	
184	
185	
188	
189	
191	
194	
195	
196	
199	
200	
201	
202	
204	
206	
207	
209	
211	
212	
214	
216	
218	
220	
221	
222	
224	
226	
227	
228	
230	
232	
234	
514	
519	
522	
527	
533	
536	
541	
544	
547	
551	
554	
557	
561	
564	
567	
570	
574	
577	
581	
586	
589	
592	
595	
598	
602	
605	
608	
611	
614	
618	
622	
625	
628	
631	
636	
640	
643	
647	
650	
654	
660	
664	
666	
672	
677	
679	
682	
686	
689	
692	
696	
698	
701	
702	
707	
711	
714	
717	
719	
722	
724	
725	
729	
731	
733	
736	
738	
741	
745	
747	
750	
753	
755	
758	
759	
762	
765	
766	
768	
771	
773	
775	
776	
779	
780	
781	
782	
784	
785	
787	
787	
788	
789	
790	
791	
793	
794	
794	
796	
797	
3319	
3326	
3332	
3335	
3338	
3342	
3344	
3349	
3352	
3355	
3358	
3364	
3366	
3372	
3375	
3379	
3384	
3387	
3390	
3392	
3397	
3400	
3403	
3405	
3410	
3413	
3417	
3421	
3424	
3429	
3435	
3436	
3438	
3443	
3447	
3451	
3453	
3460	
3463	
3468	
3471	
3475	
3477	
3481	
3485	
3489	
3490	
3495	
3500	
3508	
3513	
3516	
3519	
3522	
3526	
3532	
3533	
3535	
3539	
3539	
3543	
3543	
3546	
3550	
3553	
3554	
3557	
3561	
3565	
3566	
3572	
3575	
3578	
3584	
3585	
3587	
3592	
3593	
3595	
3598	
3599	
3604	
3606	
3609	
3609	
3611	
3614	
3617	
3618	
3619	
3620	
3624	
3626	
3630	
3632	
3636	
3637	
3640	
3641	
3643	
3103	
3104	
3105	
3109	
3112	
3112	
3114	
3117	
3118	
3121	
3121	
3124	
3129	
3132	
3133	
3133	
3136	
3137	
3139	
3141	
3143	
3143	
3144	
3146	
3146	
3148	
3150	
3152	
3153	
3155	
3158	
3159	
3163	
3165	
3165	
3166	
3168	
3171	
3173	
3173	
3174	
3176	
3178	
3180	
3180	
3181	
3182	
3184	
3187	
3188	
3188	
3191	
3193	
3196	
3196	
3197	
3199	
3201	
3203	
3204	
3205	
3206	
3207	
3209	
3209	
3209	
3210	
3211	
3212	
3213	
3214	
3217	
3220	
3222	
3226	
3226	
3229	
3229	
3231	
3233	
3234	
3234	
3235	
3237	
3238	
3238	
3239	
3240	
3241	
3242	
3243	
3244	
3244	
3246	
3249	
3250	
3252	
3255	
3257	
3257	
