n_interc	
0	
0	
0	
0	
0	
0	
0	
0	
0	
0	
0	
0	
0	
0	
0	
0	
0	
0	
0	
0	
0	
0	
0	
0	
0	
0	
0	
0	
0	
0	
0	
0	
0	
0	
0	
0	
0	
0	
0	
0	
0	
0	
0	
0	
0	
0	
0	
0	
0	
0	
0	
0	
0	
0	
0	
0	
1	
1	
1	
1	
1	
1	
1	
1	
1	
1	
1	
1	
1	
1	
1	
1	
1	
1	
1	
1	
1	
2	
2	
2	
2	
2	
3	
3	
3	
3	
4	
4	
4	
4	
5	
6	
6	
6	
6	
6	
6	
6	
7	
7	
70	
70	
73	
73	
75	
77	
78	
80	
81	
81	
84	
85	
87	
90	
94	
95	
97	
99	
100	
101	
103	
107	
107	
109	
110	
112	
114	
115	
117	
119	
120	
120	
123	
124	
126	
130	
131	
132	
132	
133	
137	
138	
139	
143	
145	
145	
147	
149	
151	
152	
153	
155	
157	
158	
160	
162	
165	
167	
168	
170	
172	
175	
176	
177	
178	
179	
179	
183	
184	
187	
188	
190	
191	
192	
195	
197	
199	
201	
202	
202	
206	
207	
210	
213	
215	
217	
218	
219	
220	
222	
224	
228	
229	
231	
233	
234	
236	
238	
240	
242	
524	
528	
534	
537	
543	
544	
549	
552	
555	
561	
564	
567	
570	
575	
577	
581	
586	
591	
594	
597	
599	
604	
611	
614	
616	
619	
622	
626	
632	
637	
639	
642	
645	
648	
650	
656	
661	
662	
666	
672	
672	
674	
678	
684	
686	
690	
694	
699	
702	
704	
710	
711	
714	
718	
720	
720	
722	
723	
723	
727	
729	
731	
734	
738	
739	
739	
741	
743	
743	
746	
748	
750	
753	
755	
756	
758	
758	
760	
763	
764	
764	
764	
765	
767	
770	
771	
772	
773	
773	
773	
776	
776	
779	
780	
780	
781	
783	
783	
784	
786	
3261	
3267	
3271	
3274	
3278	
3285	
3289	
3294	
3297	
3303	
3304	
3311	
3315	
3316	
3320	
3325	
3331	
3333	
3335	
3340	
3344	
3352	
3355	
3358	
3358	
3362	
3364	
3368	
3370	
3373	
3375	
3381	
3384	
3385	
3388	
3391	
3394	
3396	
3398	
3404	
3407	
3410	
3413	
3416	
3421	
3426	
3432	
3437	
3438	
3442	
3445	
3447	
3452	
3455	
3458	
3460	
3461	
3464	
3468	
3473	
3474	
3475	
3477	
3477	
3479	
3480	
3481	
3485	
3487	
3491	
3492	
3494	
3496	
3497	
3499	
3501	
3502	
3503	
3504	
3509	
3511	
3514	
3517	
3519	
3519	
3520	
3521	
3523	
3526	
3529	
3532	
3533	
3536	
3540	
3543	
3546	
3549	
3549	
3551	
3553	
3028	
3029	
3030	
3032	
3035	
3036	
3036	
3038	
3038	
3040	
3041	
3044	
3046	
3047	
3050	
3050	
3051	
3054	
3057	
3061	
3062	
3064	
3065	
3068	
3069	
3072	
3074	
3074	
3076	
3077	
3077	
3078	
3078	
3080	
3083	
3085	
3086	
3086	
3089	
3092	
3094	
3094	
3095	
3096	
3101	
3102	
3103	
3103	
3104	
3105	
3105	
3106	
3111	
3111	
3112	
3114	
3118	
3120	
3120	
3121	
3121	
3123	
3124	
3124	
3125	
3126	
3128	
3129	
3130	
3131	
3133	
3135	
3135	
3135	
3138	
3140	
3141	
3141	
3142	
3143	
3145	
3145	
3145	
3147	
3148	
3150	
3150	
3151	
3151	
3151	
3153	
3155	
3157	
3158	
3159	
3161	
3161	
3166	
3167	
3168	
