id	type	l1	l2	friction	risk	count	acc	
1	FAST	1	2	0.02151630826214646	0.0	0	49.96625578290698	
2	FAST	1	3	0.027987052819351734	0.0	1	38.64945530657379	
3	FAST	1	4	0.07302656972007415	0.0	0	14.014265316662382	
4	FAST	1	5	0.10800269310982086	0.0	0	7.821609485879229	
5	FAST	1	6	0.2005826597473596	0.0	3	4.5092652941036535	
6	FAST	1	7	0.05791240055316788	0.0	0	22.079772914606767	
7	FAST	1	8	0.06855335822514483	0.0	0	14.136770527716129	
8	FAST	1	68	0.36490858423453987	0.048	1	4.493281413123152	
9	FAST	1	69	0.40115801759656244	0.048	1	3.2869993620322844	
10	FAST	1	70	0.423550267947518	0.048	0	2.1585878346270304	
11	FAST	1	71	0.44235053412726005	0.048	0	1.9381844374019939	
12	FAST	1	72	0.28733633203502157	0.0	0	4.218809771855754	
13	FAST	1	73	0.1906077266698771	0.0	0	13.172938503465263	
14	FAST	1	74	0.20210142113627694	0.0	0	8.087916056232258	
15	FAST	1	75	0.2630703980821981	0.0	0	6.092811564177027	
16	FAST	1	76	0.3008008736105855	0.0	0	5.2009536273646155	
17	FAST	1	77	0.3450902934942693	0.0	0	3.1693877623914464	
18	FAST	1	78	0.36284036573475764	0.0	0	2.462336456817536	
19	FAST	2	3	0.007516752227496343	0.0	0	161.5316585598512	
20	FAST	2	4	0.05255626523813813	0.0	1	20.56402650941076	
21	FAST	2	5	0.08753238084772358	0.0	1	10.672710038513298	
22	FAST	2	6	0.18130277439888826	0.0	4	4.923095120758134	
23	FAST	2	7	0.06458409111532147	0.0	0	18.82103486711647	
24	FAST	2	8	0.04808305763328943	0.0	0	22.748666967284702	
25	FAST	2	23	0.24993272053144797	0.0	185	3.045004171354794	
26	FAST	2	68	0.36470401260312413	0.048	133	5.18129351368797	
27	FAST	2	69	0.391780317504476	0.048	34	3.3113095368417245	
28	FAST	2	70	0.4257275325971185	0.048	4	2.489815878840582	
29	FAST	2	71	0.43263050137245695	0.048	17	2.3972988517355693	
30	FAST	2	72	0.3002858035948819	0.0	0	3.8246090403030983	
31	FAST	2	73	0.2035572098999793	0.0	0	10.607429358807872	
32	FAST	2	74	0.21505090436637914	0.0	0	6.37944666849329	
33	FAST	2	75	0.2760198696420584	0.0	0	5.594297151147588	
34	FAST	2	76	0.3137503451704458	0.0	0	4.80664065084315	
35	FAST	2	77	0.3580397650541296	0.0	0	3.064881810736829	
36	FAST	3	4	0.04596140765847902	0.0	0	22.47130289252973	
37	FAST	3	5	0.08093752715814509	0.0	2	11.568198193472625	
38	FAST	3	6	0.18231210638901338	0.0	1	5.1363937721799156	
39	FAST	3	7	0.06852057262560743	0.0	3	17.084146918640503	
40	FAST	3	8	0.04148820394371095	0.0	0	26.01775516978773	
41	FAST	3	23	0.253869190371492	0.0	463	2.6887627842352377	
42	FAST	3	68	0.3624783762095865	0.048	212	4.849988138349907	
43	FAST	3	69	0.3866275625916361	0.048	76	3.102260350355306	
44	FAST	3	70	0.424054534998753	0.048	1	2.563784136940859	
45	FAST	3	71	0.42731742112785376	0.048	175	1.9004119080083928	
46	FAST	3	72	0.30422229677540974	0.0	0	3.5449749216742528	
47	FAST	3	73	0.20749369141026527	0.0	0	9.33382833638173	
48	FAST	3	74	0.2189873742064232	0.0	1	5.676944448602787	
49	FAST	3	75	0.27995636282258624	0.0	0	5.163848175772172	
50	FAST	3	76	0.3176868383509737	0.0	0	4.535709665621821	
51	FAST	3	77	0.36197625823465746	0.0	0	2.8887829636484885	
52	FAST	4	5	0.03612179881582182	0.0	1	27.220827125730253	
53	FAST	4	6	0.131309053093839	0.0	0	7.009866932068123	
54	FAST	4	7	0.11268187659387058	0.0	0	11.228562794251193	
55	FAST	4	8	0.007503043583361338	0.0	1	207.8398571403952	
56	FAST	4	9	0.19906910328632327	0.0	165	3.561925510124175	
57	FAST	4	23	0.20219244902298494	0.0	145	3.974889956959222	
58	FAST	4	24	0.1883962275027891	0.0	182	3.904231262647428	
59	FAST	4	68	0.38518730849483807	0.048	268	3.616265508099038	
60	FAST	4	69	0.38862564188147486	0.048	67	3.611215867934646	
61	FAST	4	71	0.42626530464684514	0.048	153	2.375075920358977	
62	FAST	4	73	0.25165497981820595	0.0	0	6.124275187016648	
63	FAST	4	74	0.26314868595484764	0.0	0	3.979073501474372	
64	FAST	4	75	0.32411765123052694	0.0	0	3.335682253239468	
65	FAST	4	76	0.36184812675891437	0.0	2	3.2222128278200763	
66	FAST	5	6	0.09695465406038882	0.0	0	10.662972533766167	
67	FAST	5	7	0.1480079633072034	0.0	0	6.821092431854145	
68	FAST	5	8	0.04282913807685543	0.0	1	25.159036469744112	
69	FAST	5	9	0.1647147042528731	0.0	5	5.196993341554047	
70	FAST	5	10	0.20580158024837855	0.0	1	3.9803639886065074	
71	FAST	5	11	0.315176425388388	0.0	76	2.960188532042171	
72	FAST	5	23	0.1678380499895348	0.0	18	4.693544819515988	
73	FAST	5	24	0.1540418323594195	0.0	17	5.411167212495114	
74	FAST	5	25	0.21818540685428356	0.0	721	3.011074057109311	
75	FAST	5	68	0.41072317596004826	0.048	252	2.9287507389959537	
76	FAST	5	69	0.4016265693558544	0.048	178	3.2340033913625015	
77	FAST	5	71	0.4354848530175842	0.048	402	1.7526049952563427	
78	FAST	5	73	0.2869810937621032	0.0	1	3.8576774156052367	
79	FAST	5	74	0.2984747765582611	0.0	0	3.437087254570019	
80	FAST	5	75	0.3594437418339404	0.0	1	2.735061744127451	
81	FAST	6	7	0.22348282140222536	0.0	1	3.8376828056144556	
82	FAST	6	8	0.1367366608602571	0.0	0	7.071006796888906	
83	FAST	6	9	0.07023925303818712	0.0	0	13.798720920103452	
84	FAST	6	10	0.11132612125353132	0.0	0	8.10191305106139	
85	FAST	6	11	0.2207009547232989	0.0	1	5.430821953430545	
86	FAST	6	12	0.25762382228263525	0.0	0	4.204649548970237	
87	FAST	6	23	0.1142018866986697	0.0	4	9.12000612594097	
88	FAST	6	24	0.1001154807239066	0.0	3	9.137115121849082	
89	FAST	6	25	0.16454923189317652	0.0	0	6.510928964583682	
90	FAST	6	26	0.15947391760864105	0.0	1	6.173125387566381	
91	FAST	7	8	0.10798518774699241	0.0	0	10.503974044894482	
92	FAST	7	23	0.2485729428477388	0.0	332	3.319707383325722	
93	FAST	7	24	0.2631165461086946	0.0	255	2.9649449968871946	
94	FAST	7	68	0.40415430617655823	0.048	357	2.549820401333002	
95	FAST	7	69	0.4403988038214797	0.048	224	2.1471328453836622	
96	FAST	7	72	0.25068690991330783	0.0	0	3.572896727145287	
97	FAST	7	73	0.15395831621840525	0.0	0	10.825620907334251	
98	FAST	7	74	0.16545201068480506	0.0	0	6.617069795970764	
99	FAST	7	75	0.22642097596048436	0.0	1	4.636942073242424	
100	FAST	7	76	0.26415145148887176	0.0	0	3.788851027267032	
101	FAST	8	9	0.20593583471103105	0.0	13	4.035447697389845	
102	FAST	8	23	0.20905918044769273	0.0	11	3.7221839960448873	
103	FAST	8	24	0.19526296281757746	0.0	11	4.190135484907588	
104	FAST	8	68	0.381788758681206	0.048	15	3.8374888546797528	
105	FAST	8	69	0.3874760334580042	0.048	14	3.81065526628519	
106	FAST	8	71	0.4256121061407696	0.048	8	1.9499559676891542	
107	FAST	8	72	0.34401116178742613	0.0	0	2.364247944702837	
108	FAST	8	73	0.2472825797627654	0.0	0	5.726449445954336	
109	FAST	8	74	0.25877625866884274	0.0	0	3.771696998644293	
110	FAST	8	75	0.3197452278346027	0.0	0	3.6064956773343093	
111	FAST	8	76	0.3574757033629901	0.0	0	3.38059570839329	
112	FAST	9	10	0.042910483552879006	0.0	0	24.630317844429623	
113	FAST	9	11	0.15228532869288847	0.0	1	8.38238920942298	
114	FAST	9	12	0.18920818458198294	0.0	1	7.367821224189235	
115	FAST	9	13	0.22995744825989792	0.0	0	4.555040330361756	
116	FAST	9	14	0.25331769753086336	0.0	0	3.58207582273337	
117	FAST	9	15	0.24757465090643752	0.0	0	3.124604653286486	
118	FAST	9	23	0.17921559053844677	0.0	4	6.070926598931292	
119	FAST	9	24	0.16512918067360308	0.0	0	7.445393492731089	
120	FAST	9	25	0.17977600333395677	0.0	7	7.847214488876581	
121	FAST	9	26	0.09105827990798876	0.0	0	12.486062613949276	
122	FAST	9	27	0.17848346569391205	0.0	59	5.61927567086451	
123	FAST	9	29	0.1855811706559399	0.0	113	4.928315751837924	
124	FAST	10	11	0.10937484514000945	0.0	0	9.920645121598492	
125	FAST	10	12	0.1462977010291039	0.0	0	7.3238443495706536	
126	FAST	10	13	0.18704696470701887	0.0	0	5.132286079305218	
127	FAST	10	14	0.21040721786806496	0.0	0	4.104751816685638	
128	FAST	10	15	0.2046641673535585	0.0	0	4.097013158630439	
129	FAST	10	16	0.20323672949747695	0.0	0	2.935267954555188	
130	FAST	10	23	0.213153638132304	0.0	0	4.911752022958049	
131	FAST	10	24	0.199016878953885	0.0	0	6.076900436126076	
132	FAST	10	25	0.13705416535107862	0.0	0	8.548319393782604	
133	FAST	10	26	0.04814779635510974	0.0	0	22.055059358509066	
134	FAST	10	27	0.1355729938112749	0.0	0	9.240234326970887	
135	FAST	10	29	0.14267068710306088	0.0	2	8.021866151071901	
136	FAST	11	12	0.0364924262477068	0.0	0	27.472886656655817	
137	FAST	11	13	0.07678160230952209	0.0	0	13.990900564430095	
138	FAST	11	14	0.1121667443368769	0.0	1	8.427469046482654	
139	FAST	11	15	0.13120902745063714	0.0	0	6.875924936794207	
140	FAST	11	16	0.21670056307836655	0.0	0	4.971100681493946	
141	FAST	11	24	0.31300570982660975	0.0	0	2.850435935790353	
142	FAST	11	25	0.2510430001138839	0.0	0	3.289607035326	
143	FAST	11	26	0.0629029032998397	0.0	0	14.963296397349538	
144	FAST	11	27	0.15032809297584365	0.0	25	5.016692757796207	
145	FAST	11	29	0.1574258018279521	0.0	50	5.026974439449412	
146	FAST	11	31	0.2612748846871239	0.0	0	3.3855161704876715	
147	FAST	12	13	0.041186765485885346	0.0	0	26.44157809319761	
148	FAST	12	14	0.0765719114033208	0.0	0	13.529954764324085	
149	FAST	12	15	0.09561419451708102	0.0	1	10.297828151818727	
150	FAST	12	16	0.14372326122945295	0.0	0	6.658226096529771	
151	FAST	12	26	0.09403059326424705	0.0	0	10.646514055899278	
152	FAST	12	27	0.1814557907204122	0.0	0	4.943664699249129	
153	FAST	12	29	0.18855348401219818	0.0	0	4.5394549991950175	
154	FAST	12	31	0.19481717124778766	0.0	0	4.600170945955935	
155	FAST	13	14	0.035643937421330284	0.0	0	27.974876500817675	
156	FAST	13	15	0.05468622442517113	0.0	0	20.656636179449738	
157	FAST	13	16	0.10279528335738179	0.0	0	9.363839915990276	
158	FAST	13	26	0.13496519205354798	0.0	0	8.208231334265779	
159	FAST	13	27	0.22239038950971318	0.0	0	4.109134038742869	
160	FAST	13	29	0.22948808669157972	0.0	0	3.8586539796993273	
161	FAST	13	31	0.15388919337571655	0.0	0	6.088811922602907	
162	FAST	14	15	0.019130319528464904	0.0	0	58.54123931844199	
163	FAST	14	16	0.06723938624083681	0.0	0	14.889213802692517	
164	FAST	14	26	0.1630868027618412	0.0	0	5.7953672204545885	
165	FAST	14	27	0.2503014029230186	0.0	0	3.9224198902064176	
166	FAST	14	29	0.25739912344536897	0.0	0	3.501520645180126	
167	FAST	14	31	0.1183333001492522	0.0	0	7.859103293845481	
168	FAST	14	32	0.21194727355834295	0.0	1	3.6837957724695767	
169	FAST	15	16	0.048585982817270716	0.0	0	23.16317957715293	
170	FAST	15	26	0.15747477794306555	0.0	0	5.621320800584908	
171	FAST	15	27	0.244689378104243	0.0	0	3.6169878051194813	
172	FAST	15	29	0.25178707528610955	0.0	0	3.8599574702461443	
173	FAST	15	31	0.09967989283560547	0.0	0	10.774629550484898	
174	FAST	15	32	0.1932938779149381	0.0	1	4.223619501136072	
175	FAST	16	26	0.15613073174541822	0.0	0	4.966950727224071	
176	FAST	16	27	0.24334533190659563	0.0	0	3.758234289918262	
177	FAST	16	29	0.250443052428946	0.0	0	3.922626113040075	
178	FAST	16	31	0.05291526521902438	0.0	0	22.26142953956306	
179	FAST	16	32	0.14652924640827636	0.0	0	6.189009008646514	
180	FAST	17	18	0.144492633596006	0.0	3	6.574937471324564	
181	FAST	17	19	0.20948451408345695	0.0	1	4.925471395011914	
182	FAST	17	20	0.22112509410431017	0.0	2	3.7784859884039186	
183	FAST	17	21	0.2301959607734761	0.0	12	4.108419729366662	
184	FAST	18	19	0.06547912086633792	0.0	1	18.717083616044217	
185	FAST	18	20	0.07711971255743301	0.0	2	14.083272040285054	
186	FAST	18	21	0.08619056366627643	0.0	14	12.03532713852157	
187	FAST	18	22	0.11826343430116347	0.0	0	8.118069373332947	
188	FAST	18	23	0.2031332533527576	0.0	8	4.502351539375499	
189	FAST	18	24	0.21725088889480668	0.0	2	3.3671816288999072	
190	FAST	19	20	0.0557718564567446	0.0	0	18.096755946316218	
191	FAST	19	21	0.020826386902350846	0.0	24	48.71416203865461	
192	FAST	19	22	0.052899253647157266	0.0	0	18.854949741562912	
193	FAST	19	23	0.18178540114214978	0.0	303	4.361350048479398	
194	FAST	19	24	0.19590302501395698	0.0	46	3.8412797553753513	
195	FAST	19	25	0.25918542512951476	0.0	20	3.097197210395741	
196	FAST	20	21	0.051960300995763854	0.0	14	17.990789535401362	
197	FAST	20	22	0.057609725049702395	0.0	0	19.622447958417766	
198	FAST	20	23	0.12831906321120456	0.0	5	7.486695252403482	
199	FAST	20	24	0.14243669875325368	0.0	2	7.422916626894397	
200	FAST	20	25	0.20571908719856957	0.0	3	5.412809152150436	
201	FAST	21	22	0.03241731782414188	0.0	24	32.77001044066607	
202	FAST	21	23	0.177942145414127	0.0	107	4.329048826408444	
203	FAST	21	24	0.1920597848462567	0.0	97	4.439436170466751	
204	FAST	21	25	0.25534216940149196	0.0	46	4.111640626552003	
205	FAST	22	23	0.18354915202889183	0.0	746	4.491621753970488	
206	FAST	22	24	0.19766678757094094	0.0	207	4.768438305488149	
207	FAST	22	25	0.2609491876864987	0.0	15	4.237207163184083	
208	FAST	23	24	0.014785710209034767	0.0	4	74.09639031102449	
209	FAST	23	25	0.07806810643451191	0.0	1	12.563956724030245	
210	FAST	23	26	0.26582657077857297	0.0	3	3.317188270272346	
211	FAST	24	25	0.06401010971857911	0.0	2	14.762947921735746	
212	FAST	24	26	0.25176857017255955	0.0	0	4.081827775091152	
213	FAST	24	27	0.3391937559584829	0.0	112	2.817179065520007	
214	FAST	25	26	0.1896613206239994	0.0	0	5.616503634824059	
215	FAST	25	27	0.2770865064099227	0.0	5	3.7987345242904476	
216	FAST	25	29	0.28418422304219243	0.0	1	3.9004625953321126	
217	FAST	25	30	0.4521379951502652	0.0	656	1.8418291939525824	
218	FAST	26	27	0.08793642018212716	0.0	0	9.909083224139414	
219	FAST	26	29	0.09503412125407436	0.0	0	10.214615197605635	
220	FAST	26	31	0.2001531209344359	0.0	0	3.960360323232667	
221	FAST	27	29	0.009295402123045745	0.0	0	122.50084057204838	
222	FAST	27	30	0.1772491897914411	0.0	208	4.087220029412087	
223	FAST	27	31	0.28774323446876776	0.0	0	3.0297015257606086	
224	FAST	28	30	0.15944353607893208	0.0	430	5.704339309997118	
225	FAST	29	30	0.16795380711879848	0.0	171	4.760205598446104	
226	FAST	29	31	0.2954023675373496	0.0	0	3.4167522788069995	
227	FAST	31	32	0.09361397729917137	0.0	0	11.576851577905215	
228	FAST	31	33	0.20448155529861253	0.0	0	3.4346616805606214	
229	FAST	32	33	0.11533800808672107	0.0	2	8.691311654663584	
230	FAST	32	34	0.21282922874836685	0.0	3	3.48136702501262	
231	FAST	32	35	0.1856925008734483	0.0	3	4.453150750418639	
232	FAST	33	34	0.09994297898851423	0.0	2	9.71802097328592	
233	FAST	33	35	0.08939985684434527	0.0	1	13.333613366939122	
234	FAST	33	36	0.23577195177538954	0.0	6	3.9428316999111557	
235	FAST	33	43	0.21187265792180676	0.0	1	3.8536570353076987	
236	FAST	33	44	0.23313834384937832	0.0	2	3.674262377363107	
237	FAST	34	35	0.07425086367565223	0.0	14	13.396737187884028	
238	FAST	34	36	0.22119958914834686	0.0	1254	2.4017766952756388	
239	FAST	34	40	0.21309968660406667	0.0	218	2.9983749528718424	
240	FAST	34	41	0.19701331626663482	0.0	26	3.83557162808688	
241	FAST	34	42	0.19652467156864095	0.0	21	6.098953253413276	
242	FAST	34	43	0.11495453171851999	0.0	1	10.258904661445229	
243	FAST	34	44	0.1362202176460916	0.0	0	7.701953100536895	
244	FAST	34	45	0.17083477360173724	0.0	0	6.1619515736661725	
245	FAST	34	46	0.1415772009986984	0.0	3	7.043384766013497	
246	FAST	34	47	0.2729031837234328	0.0	0	3.4457033413219023	
247	FAST	34	48	0.30365908701192784	0.0	0	2.9996709822294596	
248	FAST	34	49	0.2550983585980977	0.0	0	3.15102038728787	
249	FAST	34	63	0.41350450727089905	0.048	1532	1.5048183606417995	
250	FAST	35	36	0.15314777123847956	0.0	7	6.212435891370256	
251	FAST	35	37	0.18349454307702828	0.0	74	4.916446990094225	
252	FAST	35	40	0.18010409662424917	0.0	0	4.318876345629902	
253	FAST	35	41	0.1906017709564348	0.0	1	4.907177698447553	
254	FAST	35	42	0.2441990567814982	0.0	8	4.565166213348034	
255	FAST	35	43	0.16262891693137727	0.0	11	5.849850117388525	
256	FAST	35	44	0.18389460285894885	0.0	15	4.438364046531512	
257	FAST	35	45	0.21850915881459448	0.0	19	3.4117093480735634	
258	FAST	35	46	0.18925158232147501	0.0	5	4.376649644399873	
259	FAST	36	37	0.03814278128412667	0.0	43	27.546172721723085	
260	FAST	36	38	0.11676273844668511	0.0	315	8.818016237758002	
261	FAST	36	39	0.19725989680743664	0.0	922	3.370864944713546	
262	FAST	36	40	0.1635373363399172	0.0	2	7.536270649057006	
263	FAST	36	41	0.3269651669101407	0.0	0	4.468162643024796	
264	FAST	36	42	0.39092006082427827	0.0	4	2.8000686498949223	
265	FAST	37	38	0.08093381602122546	0.0	22	17.119225114711195	
266	FAST	37	39	0.15061684588073954	0.0	9	5.64194406712774	
267	FAST	37	40	0.14019839693063493	0.0	48	8.190404061446657	
268	FAST	37	41	0.3579232571393046	0.0	38	5.008772319272497	
269	FAST	37	42	0.4218781277129583	0.0	87	2.5622295509926696	
270	FAST	38	39	0.08372419808664779	0.0	0	10.49079255132891	
271	FAST	38	40	0.11208962348841593	0.0	20	9.660042028299536	
272	FAST	38	41	0.40779445257479646	0.0	0	4.02582248026738	
273	FAST	38	42	0.46110764581155694	0.0	345	1.8496786986077676	
274	FAST	39	40	0.19341849275779302	0.0	101	3.8812250453702	
275	FAST	39	41	0.48912332573425416	0.0	7	2.149182872767538	
276	FAST	40	41	0.2986730228472532	0.0	0	22.06620341799393	
277	FAST	40	42	0.3519861888534493	0.0	0	5.87869661803059	
278	FAST	40	43	0.30170619262486453	0.0	355	2.6740682263753905	
279	FAST	41	42	0.25357444285234754	0.0	1	8.920354992640934	
280	FAST	41	43	0.20648708636666077	0.0	14	4.105554175739977	
281	FAST	41	44	0.22937622353302517	0.0	4	3.4802134447714943	
282	FAST	41	46	0.2310540153081182	0.0	0	3.6667180894159292	
283	FAST	42	43	0.11780820928584947	0.0	13	10.176872431626805	
284	FAST	42	44	0.13084020112608316	0.0	1	6.7695789306678655	
285	FAST	42	45	0.16679591294946913	0.0	29	5.211762234807551	
286	FAST	42	46	0.1325179929011762	0.0	0	7.978768826866802	
287	FAST	42	47	0.24937123796376515	0.0	378	2.7984073163874177	
288	FAST	42	49	0.20710935144416465	0.0	0	3.5303735664727274	
289	FAST	43	44	0.023101644490940768	0.0	0	47.04747529757397	
290	FAST	43	45	0.05771618877634452	0.0	1	17.652620509700256	
291	FAST	43	46	0.0288340089539606	0.0	1	42.87422438257483	
292	FAST	43	47	0.159784610568282	0.0	1	7.915594357194047	
293	FAST	43	48	0.19054051385677703	0.0	0	6.016458196532137	
294	FAST	43	49	0.14197978544294687	0.0	0	7.495747503249607	
295	FAST	43	63	0.3923885515678148	0.048	392	2.862264412803223	
296	FAST	44	45	0.03650977211722949	0.0	1	28.384320619675236	
297	FAST	44	46	0.02575993886862073	0.0	1	42.89961848539569	
298	FAST	44	47	0.14086488833480484	0.0	0	9.550387861141797	
299	FAST	44	48	0.171620779953058	0.0	0	7.076091784493214	
300	FAST	44	49	0.12306006320946969	0.0	0	10.250366736651122	
301	FAST	44	50	0.2795338767258421	0.0	1	3.0677162072525235	
302	FAST	44	54	0.4062621031342436	0.0	1	2.50956668456679	
303	FAST	44	63	0.3774616757931424	0.048	22	3.8224475775381896	
304	FAST	45	46	0.05900224943214269	0.0	0	19.911217064123782	
305	FAST	45	47	0.11029916330807826	0.0	0	17.27609505457124	
306	FAST	45	48	0.1410550549263314	0.0	2	10.359963719471914	
307	FAST	45	49	0.07388850655518356	0.0	1	15.838601866156843	
308	FAST	45	50	0.2303623317417979	0.0	0	4.742420974864172	
309	FAST	45	52	0.29512067512879453	0.0	0	3.3249966342325177	
310	FAST	45	53	0.3237251926661545	0.0	2	3.1275641965803267	
311	FAST	45	54	0.3570905581501994	0.0	0	3.6662741705013455	
312	FAST	45	56	0.4526480314016355	0.0	2	2.0885254276013248	
313	FAST	45	63	0.3512879165346726	0.048	39	5.23373268640984	
314	FAST	46	47	0.15177768484110474	0.0	0	8.285383008772577	
315	FAST	46	48	0.1825335725692773	0.0	0	6.151367403790682	
316	FAST	46	49	0.1095157983215043	0.0	0	9.6613025777574	
317	FAST	47	48	0.033308403033401005	0.0	0	36.37860805259003	
318	FAST	47	49	0.04335293354340888	0.0	1	27.365479813350042	
319	FAST	47	50	0.13698732987579948	0.0	0	7.329071906401996	
320	FAST	47	51	0.1911754722673719	0.0	0	4.0654007708684965	
321	FAST	47	52	0.21128708019471065	0.0	0	4.782923203837718	
322	FAST	47	53	0.2398915977320707	0.0	0	5.224251430840371	
323	FAST	47	54	0.2732569865565993	0.0	0	5.222219566980125	
324	FAST	47	56	0.3688144364675517	0.0	0	3.16926890303046	
325	FAST	47	63	0.32931771848225994	0.048	378	6.956848043251951	
326	FAST	48	49	0.07429681330803665	0.0	0	19.21734234081841	
327	FAST	48	50	0.10466340899746844	0.0	0	10.90554008330166	
328	FAST	48	51	0.15885155138904086	0.0	0	5.911650618465441	
329	FAST	48	52	0.17896317098662154	0.0	0	6.971492104747385	
330	FAST	48	53	0.2075677001942234	0.0	0	6.953175428759985	
331	FAST	48	54	0.2409330695683489	0.0	0	6.7385449182391906	
332	FAST	48	55	0.31065396158262065	0.0	1	2.8322299409954406	
333	FAST	48	56	0.33649051558922066	0.0	0	3.191902577389428	
334	FAST	48	63	0.33176830010421277	0.048	1	6.96885092480712	
335	FAST	49	50	0.1566683642287674	0.0	0	6.921129663037159	
336	FAST	49	51	0.1845573986865216	0.0	0	4.674853345008185	
337	FAST	49	52	0.22142669594552217	0.0	0	4.301077691385087	
338	FAST	49	53	0.25003121348288215	0.0	0	4.399547245584871	
339	FAST	49	54	0.28339660619749146	0.0	0	3.9672169081305166	
340	FAST	50	51	0.08115968188268026	0.0	0	15.465109880319527	
341	FAST	50	52	0.07399500529255132	0.0	0	20.261896786588338	
342	FAST	50	53	0.10259952671999197	0.0	0	13.937902298258024	
343	FAST	50	54	0.13596489609411744	0.0	0	10.428440458848737	
344	FAST	50	55	0.20568579977863108	0.0	0	5.111036031195712	
345	FAST	50	56	0.2315223537852311	0.0	0	4.14504657316498	
346	FAST	50	57	0.28310399822269255	0.0	1	2.6223999408065537	
347	FAST	51	52	0.0866936794642085	0.0	0	12.32009087164225	
348	FAST	51	53	0.1152981970015685	0.0	0	7.581634994052734	
349	FAST	51	54	0.14866356637569397	0.0	0	5.883925326659003	
350	FAST	51	55	0.21838445838996573	0.0	0	3.295281148281668	
351	FAST	51	56	0.2442210123965657	0.0	0	2.71737925031355	
352	FAST	52	53	0.027119747672974932	0.0	0	35.76583155100246	
353	FAST	52	54	0.06466182659652175	0.0	0	16.627033921898555	
354	FAST	52	55	0.13438272639095475	0.0	0	6.602306896036958	
355	FAST	52	56	0.16021928039755476	0.0	0	6.3791308273014975	
356	FAST	52	57	0.2118009365052582	0.0	0	4.2185913821276895	
357	FAST	53	54	0.03255763303241363	0.0	0	30.407497280802822	
358	FAST	53	55	0.1392847375834884	0.0	0	8.467176883481097	
359	FAST	53	56	0.12811509072352725	0.0	0	8.32696068648106	
360	FAST	53	57	0.1796967429411501	0.0	0	4.9658802832699935	
361	FAST	53	58	0.2558494359154547	0.0	0	2.9246536061759665	
362	FAST	53	63	0.337184139804537	0.048	2	6.374868748840663	
363	FAST	54	55	0.09882882488577224	0.0	0	10.87398732612449	
364	FAST	54	56	0.09594506921502285	0.0	0	12.869969650955605	
365	FAST	54	57	0.14752673699296817	0.0	0	6.998782319089095	
366	FAST	54	58	0.2236794182970309	0.0	0	3.3193889657400715	
367	FAST	54	59	0.23363279643775064	0.0	0	3.0854369364539784	
368	FAST	54	63	0.31193667033525635	0.048	1	9.58190928250365	
369	FAST	55	56	0.10245118238530287	0.0	0	13.884437934419493	
370	FAST	55	57	0.11688081406400345	0.0	1	10.044502712158442	
371	FAST	55	58	0.19303349536806622	0.0	0	5.128163206307404	
372	FAST	55	59	0.15404239253103003	0.0	0	6.485214622031194	
373	FAST	55	60	0.199998124561872	0.0	0	3.91410543714949	
374	FAST	55	61	0.21647929140213404	0.0	0	2.9508893322874283	
375	FAST	56	57	0.051750960196819136	0.0	0	20.388795438319573	
376	FAST	56	58	0.12790363761080126	0.0	0	7.453120605246665	
377	FAST	56	59	0.1378570196416016	0.0	0	6.835654738087999	
378	FAST	56	60	0.1863277627103322	0.0	0	4.394612114523816	
379	FAST	56	61	0.2295672264918869	0.0	0	3.24063497442534	
380	FAST	56	63	0.3399620284812417	0.048	2	6.1813754883723435	
381	FAST	56	64	0.38634472259083835	0.048	0	4.385128445750219	
382	FAST	56	65	0.43919115018064	0.048	0	2.02826540271395	
383	FAST	56	67	0.42103726473208475	0.048	0	2.733833839433814	
384	FAST	57	58	0.07675344979601327	0.0	0	15.081252879688071	
385	FAST	57	59	0.08670683571689426	0.0	0	12.533802927162254	
386	FAST	57	60	0.13517757878562484	0.0	0	6.925466328403867	
387	FAST	57	61	0.17841704256717958	0.0	0	4.602797213424498	
388	FAST	57	63	0.384340773682992	0.048	1	3.791890338351029	
389	FAST	57	64	0.3412958770645092	0.048	1	6.8124745720437065	
390	FAST	57	65	0.38984504348251814	0.048	0	3.495135792313171	
391	FAST	57	66	0.42780336506585737	0.048	0	2.3748583776418495	
392	FAST	57	67	0.37333280038000694	0.048	0	3.946628925772278	
393	FAST	58	59	0.07200593315564248	0.0	0	16.87909725912836	
394	FAST	58	60	0.08743951295287825	0.0	0	11.828056842374721	
395	FAST	58	61	0.1310579211587018	0.0	0	7.585008460241412	
396	FAST	58	62	0.255370979338627	0.0	0	3.799808322608051	
397	FAST	58	63	0.42867785119451274	0.048	0	2.5274696474322433	
398	FAST	58	64	0.2815888030664809	0.048	0	23.753273998735235	
399	FAST	58	65	0.3403573143357273	0.048	0	6.802919884544263	
400	FAST	58	66	0.39043847436779794	0.048	0	3.6579873540861985	
401	FAST	58	67	0.31576294598180515	0.048	0	10.914746677453397	
402	FAST	59	60	0.049577043098683535	0.0	0	20.52217603484673	
403	FAST	59	61	0.09281650299015765	0.0	0	11.337402538728224	
404	FAST	59	62	0.19190307683821625	0.0	0	4.8915869480902705	
405	FAST	60	61	0.04366750880351709	0.0	0	27.969880627960194	
406	FAST	60	62	0.16798056309336168	0.0	0	6.943513475136657	
407	FAST	61	62	0.1284738884202208	0.0	0	10.149060776311705	
408	FAST	61	64	0.34189073151411264	0.048	0	5.894829121142513	
409	FAST	61	65	0.27660027650124386	0.048	0	25.91328272242616	
410	FAST	61	66	0.2846057362515169	0.048	0	19.843563886725082	
411	FAST	61	67	0.313713359586781	0.048	0	10.252037384784984	
412	FAST	62	64	0.4213812504185731	0.048	0	2.4989279178536066	
413	FAST	62	65	0.3530950978131749	0.048	0	4.922902010198568	
414	FAST	62	66	0.29304974429611425	0.048	0	14.580041468340974	
415	FAST	62	67	0.39218104977363377	0.048	0	3.704719441901486	
416	FAST	64	65	0.3208596406357785	0.048	0	9.251610171995651	
417	FAST	64	66	0.37832092189058875	0.048	0	3.890965454906674	
418	FAST	64	67	0.28711509697401516	0.048	0	19.222965547090507	
419	FAST	65	66	0.30802592284334046	0.048	0	10.958107123925831	
420	FAST	65	67	0.2869529669048198	0.048	0	18.478371763189134	
421	FAST	66	67	0.34723302916346765	0.048	0	5.595924501779804	
422	FAST	68	69	0.31961417983176404	0.048	0	8.155454689934569	
423	FAST	68	70	0.31025070892562745	0.048	0	10.845736244948817	
424	FAST	68	71	0.35282413558903386	0.048	0	5.548937303168306	
425	FAST	68	73	0.3499823949333256	0.048	1	5.493715455831205	
426	FAST	68	74	0.36326856556838494	0.048	0	4.666267351176142	
427	FAST	68	75	0.32293415966345773	0.048	0	8.26957494428772	
428	FAST	68	76	0.3043083788413486	0.048	1	12.091595058853441	
429	FAST	68	77	0.3277074185209801	0.048	0	7.5132048280815225	
430	FAST	68	78	0.3537868345681008	0.048	0	5.771484939172852	
431	FAST	69	70	0.35016734253612003	0.048	0	6.077177880969738	
432	FAST	69	71	0.2889421904033205	0.048	0	17.40494689334104	
433	FAST	69	73	0.409725032299345	0.048	0	3.007345658048336	
434	FAST	69	74	0.43146268347934347	0.048	1	2.506723900539151	
435	FAST	69	75	0.3940090006189977	0.048	1	3.429794585463619	
436	FAST	69	76	0.375242522649161	0.048	0	4.27985470403138	
437	FAST	69	77	0.3880713581061336	0.048	0	3.719075393010297	
438	FAST	69	78	0.4118340394161036	0.048	0	3.0968581429013726	
439	FAST	70	71	0.36321139206122	0.048	0	4.585258062504594	
440	FAST	70	73	0.39483539525942135	0.048	0	3.2403456474574917	
441	FAST	70	74	0.39209968574495196	0.048	0	3.3641900631823574	
442	FAST	70	75	0.3479917875872324	0.048	0	5.8083447429821	
443	FAST	70	76	0.3135398879049619	0.048	1	9.455053708827435	
444	FAST	70	77	0.29472060910445375	0.048	0	15.48699076317629	
445	FAST	70	78	0.31277550312885255	0.048	0	9.810659059394656	
446	FAST	71	75	0.4279180643201304	0.048	1	2.3173525494165315	
447	FAST	71	76	0.404332513209376	0.048	0	3.288597738030109	
448	FAST	71	77	0.40759504955365466	0.048	0	2.9922295046474816	
449	FAST	71	78	0.4282032219443983	0.048	0	2.362877468233655	
450	FAST	72	73	0.14025606737595317	0.0	0	8.460664455542801	
451	FAST	72	74	0.08725546934826098	0.0	0	11.09442039724503	
452	FAST	72	75	0.06345545813248002	0.0	0	18.965118702077973	
453	FAST	72	76	0.04017865109099696	0.0	0	27.649209868718053	
454	FAST	72	77	0.04570755266690181	0.0	0	22.334424212680553	
455	FAST	72	78	0.06345764046771263	0.0	0	19.466693637028907	
456	FAST	73	74	0.05432577344421043	0.0	0	23.64041277911115	
457	FAST	73	75	0.11529474650005098	0.0	0	15.533679216413223	
458	FAST	73	76	0.1530252220284384	0.0	0	9.190228677955508	
459	FAST	73	77	0.19731463802204155	0.0	0	5.9238979906125175	
460	FAST	73	78	0.21506473749309424	0.0	0	4.478710912058676	
461	FAST	74	75	0.0623156956289603	0.0	0	21.5533612183404	
462	FAST	74	76	0.10004617115734774	0.0	0	11.742379015491451	
463	FAST	74	77	0.14433558326087026	0.0	0	7.226337064996027	
464	FAST	74	78	0.16208567884184233	0.0	0	5.9304977581227964	
465	FAST	75	76	0.042285826075788555	0.0	0	28.034444970043577	
466	FAST	75	77	0.087860882596482	0.0	0	12.495056995167088	
467	FAST	75	78	0.10561097428737345	0.0	0	9.162219068009351	
468	FAST	76	77	0.06410468924890102	0.0	0	23.163874206712116	
469	FAST	76	78	0.08185477704971184	0.0	0	13.213937215040705	
470	FAST	77	78	0.02740920468246461	0.0	0	42.24110314094588	
471	FAST	21	79	0.3263722036201056	0.0	341	1.2974754235083468	
472	FAST	22	79	0.2724240050332713	0.0	358	1.3258234813536105	
473	FAST	19	79	0.3270166632235132	0.0	350	1.3935480723927054	
474	FAST	39	80	0.2278446457016586	0.0	274	1.9583879926797712	
475	FAST	38	80	0.354720290285756	0.0	314	0.9272165030286371	
476	FAST	40	80	0.43470153058196376	0.0	424	0.7655773157852893	
477	FAST	30	81	0.31001264904344533	0.0	346	1.2545845745629212	
478	FAST	28	81	0.3143462049039352	0.0	249	1.19223229955593	
479	FAST	22	81	0.313491005371912	0.0	595	1.1561155276852733	
480	FAST	28	82	0.20808530620026802	0.0	258	2.8317800550164525	
481	FAST	30	82	0.27341449192049566	0.0	431	1.174586809331067	
482	FAST	39	82	0.5093819603513416	0.0	400	0.502060826556703	
483	FAST	39	83	0.1972249440715592	0.0	348	2.8002434059988386	
484	FAST	38	83	0.34255812166113153	0.0	349	1.2892055087822774	
485	FAST	37	83	0.29564078788036524	0.0	329	1.3669824864561828	
