n_interc	
0	
0	
0	
0	
0	
0	
0	
0	
0	
0	
0	
0	
0	
0	
0	
0	
0	
0	
0	
0	
0	
0	
0	
0	
0	
0	
0	
0	
0	
0	
0	
0	
0	
0	
0	
0	
0	
0	
0	
0	
0	
0	
0	
0	
0	
0	
0	
0	
0	
0	
0	
0	
1	
1	
1	
1	
1	
1	
1	
1	
1	
1	
1	
1	
1	
2	
2	
2	
2	
2	
2	
2	
2	
2	
2	
3	
4	
4	
4	
4	
4	
4	
4	
5	
5	
5	
5	
5	
6	
6	
6	
6	
6	
6	
6	
7	
7	
7	
7	
7	
64	
66	
68	
70	
72	
73	
75	
76	
78	
81	
82	
84	
86	
88	
91	
93	
95	
97	
98	
100	
102	
103	
105	
107	
109	
110	
112	
113	
114	
117	
118	
121	
122	
125	
126	
127	
129	
131	
133	
135	
137	
138	
139	
140	
142	
144	
146	
147	
149	
151	
153	
155	
156	
158	
159	
162	
164	
166	
167	
169	
171	
173	
175	
177	
178	
180	
181	
184	
185	
188	
189	
191	
193	
195	
197	
199	
200	
202	
204	
206	
207	
209	
211	
213	
214	
217	
218	
220	
222	
224	
225	
228	
229	
230	
231	
234	
235	
236	
238	
240	
523	
527	
532	
537	
542	
546	
549	
550	
554	
557	
560	
563	
568	
571	
574	
576	
580	
584	
588	
591	
595	
599	
603	
607	
610	
614	
617	
619	
625	
628	
630	
632	
636	
641	
644	
646	
650	
654	
659	
662	
666	
669	
672	
676	
679	
682	
685	
687	
691	
695	
697	
699	
703	
706	
709	
711	
714	
718	
721	
724	
726	
727	
729	
731	
733	
735	
738	
740	
742	
744	
746	
748	
750	
751	
753	
755	
757	
759	
760	
761	
763	
764	
766	
767	
769	
770	
771	
773	
775	
776	
777	
778	
781	
781	
783	
784	
785	
786	
788	
790	
3281	
3284	
3287	
3292	
3294	
3298	
3300	
3303	
3305	
3315	
3318	
3320	
3327	
3330	
3334	
3339	
3342	
3347	
3351	
3357	
3362	
3363	
3368	
3369	
3372	
3379	
3381	
3387	
3390	
3393	
3399	
3401	
3402	
3403	
3406	
3409	
3411	
3416	
3421	
3424	
3427	
3434	
3435	
3437	
3442	
3445	
3448	
3451	
3455	
3460	
3461	
3465	
3467	
3473	
3480	
3481	
3483	
3487	
3488	
3490	
3495	
3502	
3504	
3507	
3511	
3513	
3514	
3517	
3519	
3520	
3522	
3525	
3528	
3531	
3535	
3535	
3541	
3544	
3544	
3545	
3549	
3553	
3553	
3557	
3563	
3566	
3567	
3568	
3571	
3575	
3578	
3580	
3585	
3588	
3588	
3591	
3594	
3596	
3597	
3599	
3063	
3066	
3068	
3073	
3076	
3078	
3080	
3083	
3083	
3087	
3088	
3090	
3093	
3095	
3097	
3097	
3099	
3101	
3103	
3106	
3106	
3110	
3112	
3112	
3114	
3115	
3117	
3120	
3125	
3127	
3127	
3129	
3130	
3132	
3134	
3137	
3139	
3141	
3143	
3145	
3147	
3149	
3150	
3152	
3153	
3154	
3156	
3158	
3160	
3161	
3163	
3167	
3167	
3168	
3170	
3170	
3172	
3173	
3177	
3178	
3179	
3182	
3187	
3189	
3190	
3190	
3192	
3195	
3196	
3199	
3199	
3200	
3201	
3203	
3205	
3208	
3210	
3211	
3214	
3216	
3216	
3218	
3219	
3220	
3221	
3223	
3224	
3226	
3227	
3227	
3228	
3228	
3231	
3232	
3234	
3235	
3235	
3236	
3236	
3238	
