id	x	y	type	qual	N	n_links	count	acc	
1	0.5290865972208558	0.08782825570975693	STD	0.5561550608479819	0	18	0	0.9439108216076865	
2	0.5301822646847826	0.10720123054485474	STD	0.3177166296871381	0	18	6	0.9717809572807198	
3	0.5333754021576235	0.11316317727647134	STD	0.456982407770288	0	18	29	0.97748754303041	
4	0.5228257638719125	0.1527978029111725	STD	0.34225311283508075	0	17	5	0.969642576683588	
5	0.5110057050013014	0.18322738970304364	STD	0.1875549130427947	1	19	1770	0.9744761399998432	
6	0.46055093200691144	0.23803676739353677	STD	0.4530674298084745	0	15	0	0.9780615534365708	
7	0.49049816672070146	0.0769888854245772	STD	0.7450690714939499	1	16	2245	0.972044399512101	
8	0.5243639373822653	0.14811813155714765	STD	0.5601832359829721	0	18	105	0.9764827414105436	
9	0.4372574223741947	0.2995079543610299	STD	0.16919538078294294	0	16	3	0.9730103271986948	
10	0.41937970228563354	0.33373740205414487	STD	0.6795997570517744	0	15	15	0.9783387996975684	
11	0.4998163145722239	0.3654513890156738	STD	0.31067566743927033	0	15	1	0.9560648432754574	
12	0.515877597084288	0.3934792280858458	STD	0.8829977905838211	0	12	0	0.9669599653051484	
13	0.527761674424959	0.4273044524055435	STD	0.4232694178877616	0	11	0	0.8134752389150848	
14	0.5279485391483765	0.45960239084181165	STD	0.8344126750971141	0	12	0	0.8873906730211267	
15	0.5178388115657108	0.47324318956320754	STD	0.09702085760824142	0	12	0	0.8579498967718943	
16	0.4983862803694047	0.5086814241359012	STD	0.35826810866199765	0	11	0	0.8926361885709226	
17	0.19045354636733625	0.002995199780724391	STD	0.12156456447148156	3	7	154	0.8453852257084454	
18	0.260845314655781	0.09852695010641736	STD	0.7862338982630985	0	7	61	0.9278011902328214	
19	0.23158108780837086	0.14021317238405023	STD	0.4786266856948753	1	11	1867	0.9758792528772945	
20	0.2801200648305022	0.15889412442380177	STD	0.69282239348909	0	8	74	0.9770987901626544	
21	0.23191891500510464	0.15860984189908572	STD	0.36080090591694214	0	11	1197	0.9741252827091962	
22	0.24223756772992455	0.18442460012929646	STD	0.7172856307077997	0	7	1	0.9770423412880521	
23	0.368004880062751	0.2085094845428714	STD	0.45457848124204614	24	17	2219	0.9788634377447468	
24	0.3719839740227433	0.2215652327591495	STD	0.1184110289563296	1	17	201	0.9644421119892356	
25	0.3455553328417463	0.2744769879628167	STD	0.8494407982610972	14	15	1771	0.9468910992157898	
26	0.44093575929207557	0.3712978642887976	STD	0.3716841566034079	0	15	0	0.9754669693519447	
27	0.36967671375721445	0.41015518237073767	STD	0.18474975500643542	0	14	3	0.9043568818654854	
28	0.1573274485692997	0.4835700453482871	STD	0.26208397944492656	0	2	29	0.7662848339449464	
29	0.36716528647906305	0.4179604961228007	STD	0.565563099954151	9	14	727	0.971220725996348	
30	0.22100419841716157	0.4019146525885682	STD	0.520038922892075	0	5	317	0.9601463670200776	
31	0.47787268628758284	0.5480021666943438	STD	0.5831427788369825	0	11	0	0.9242612847780861	
32	0.46676331894608003	0.6284350713290916	STD	0.6101739540360005	0	7	0	0.9680674041350749	
33	0.4608416104655608	0.7277137825604496	STD	0.5324233489813313	0	7	0	0.7817315481962508	
34	0.4626107695368043	0.8130296791693479	STD	0.13605066043463787	0	15	441	0.8466548430799623	
35	0.41096732927400903	0.7751332799821633	STD	0.5855673563110706	0	12	14	0.966197941230339	
36	0.28631860993830643	0.7727157794916976	STD	0.8588211611505512	0	9	17	0.9748017165808612	
37	0.2593266062207844	0.7914395937162324	STD	0.9974236104437684	0	7	0	0.9004673786580235	
38	0.22221233076092273	0.8261440423391756	STD	0.6053559645766233	1	7	140	0.9720587350805089	
39	0.1527652674630883	0.8358499459600879	STD	0.3684607828780506	0	6	80	0.8641156424374776	
40	0.28962421229098206	0.869035900942634	STD	0.7583061342675768	0	10	844	0.938231714628578	
41	0.3153375768362312	0.8870629299068465	STD	0.7672628993129365	0	11	139	0.9356864942712497	
42	0.38914135655596416	0.9106268739207488	STD	0.8020057056534535	1	13	54	0.9662335668971731	
43	0.48046327153884866	0.8968259831074697	STD	0.22226930023425973	7	13	419	0.9207895107624244	
44	0.49826819224557845	0.9044854921625778	STD	0.9247456129440808	0	14	138	0.835280352569336	
45	0.530170585639569	0.9121028717198222	STD	0.9011223021892412	0	15	46	0.9502605022199024	
46	0.4847793275811146	0.9204492747618408	STD	0.48310585780844706	0	10	0	0.7986932618088207	
47	0.5764771347969846	0.9306369200322399	STD	0.00905381415674622	0	15	0	0.7640534956169598	
48	0.6001695919630531	0.9436531031548717	STD	0.23708397166317186	0	15	1	0.9039598135365179	
49	0.5600944622629316	0.9598293649607524	STD	0.6865491153653747	0	13	0	0.9611475786414285	
50	0.676757136993029	0.9547977108106617	STD	0.8862264861477476	0	12	0	0.9411864255504935	
51	0.7136194046106153	0.9998054959685726	STD	0.8618987299259337	0	9	0	0.8957916213131775	
52	0.7111205214921377	0.9245728367440629	STD	0.8342160258762248	0	11	0	0.8912752192039636	
53	0.7026486286056469	0.8985914288740412	STD	0.13839816510601244	0	13	0	0.843459572960952	
54	0.6841337084613773	0.8734880730081942	STD	0.3294159166299444	0	15	0	0.8187918518853532	
55	0.7487391586823343	0.8203755982229649	STD	0.013384697368038045	0	12	0	0.7109006581372596	
56	0.6913128608098928	0.8026145346104842	STD	0.8858315821798213	0	18	1	0.7318919582808824	
57	0.7062995413951377	0.7555676817559628	STD	0.10195067888065457	0	15	0	0.7574663889949576	
58	0.6946833467470882	0.6969819624143379	STD	0.36097539511736576	0	14	0	0.9389659110129126	
59	0.7445355675199029	0.6959235961593058	STD	0.5574061019604217	0	8	0	0.9131126866699835	
60	0.7473714992321001	0.650423921638075	STD	0.4198727593657485	0	7	0	0.928095914779196	
61	0.7721569420072685	0.624518859745052	STD	0.0076960297857486815	0	11	0	0.7144130974373079	
62	0.8472347325369116	0.5978493123203564	STD	0.8045483994777041	0	8	0	0.9302269654291742	
63	0.6209223901931383	0.862215538216282	EXIT	0.18659881866100725	0	11	1011	0.8813084713809936	
64	0.6867054774731324	0.6640745017298447	EXIT	0.15432843889652248	0	8	0	0.8560557104064968	
65	0.7439150209175545	0.6185191430027415	EXIT	0.4521885266159247	0	8	0	0.9231531882737523	
66	0.8022264606500168	0.6031697550197176	EXIT	0.8925232343697782	0	7	0	0.9406768532908256	
67	0.7063966504933027	0.6299630166307487	EXIT	0.1684328234314172	0	8	0	0.6982778781698263	
68	0.6461870198678478	0.09215924135885288	EXIT	0.7467657888735542	0	16	4053	0.9709851387494682	
69	0.6634258961832257	0.1619477070633198	EXIT	0.34020114307666494	0	16	4	0.9181333465560902	
70	0.7037625067289622	0.06778424955955283	EXIT	0.5679287330421356	0	12	2	0.9682164255917883	
71	0.6987624479386872	0.18315924981954215	EXIT	0.11709499823900771	0	13	0	0.6953370227383759	
72	0.6538685441834395	0.0001945040314274314	STD	0.49663615526212057	0	11	0	0.9610905420892887	
73	0.559825411665789	0.03740877169667725	STD	0.5645413788351039	0	16	0	0.8090912132264843	
74	0.576153581988845	0.000263010258388662	STD	0.5020213395550959	0	16	0	0.9012114355658234	
75	0.6133145736295614	0.024517878037257763	STD	0.8401987163146238	0	17	0	0.9690139201646192	
76	0.6463688669273957	0.03557925245900701	STD	0.032376270020530784	0	16	0	0.7872395477891717	
77	0.6875197664588574	0.02368811010106969	STD	0.7019211366424611	0	13	0	0.7221473913335517	
78	0.7032177008976098	0.0027391257024041026	STD	0.34664896400302325	0	11	0	0.9352345720732833	
79	0.0	0.4830479431382304	ENTRY	0.0	1	3	1048	0.705319471825361	
80	0.0	0.14967268844328352	ENTRY	0.0	0	3	1075	0.6756365479582132	
81	0.0	0.9419233197104238	ENTRY	0.0	0	3	1051	0.6695987843805977	
82	0.0	0.06268195513663133	ENTRY	0.0	0	3	1064	0.6650181595361296	
83	0.0	0.12315470366949599	ENTRY	0.0	0	3	1068	0.6668648526196449	
