n_interc	
0	
0	
0	
0	
0	
0	
0	
0	
0	
0	
0	
0	
0	
0	
0	
0	
0	
0	
0	
0	
0	
0	
0	
0	
0	
0	
0	
0	
0	
0	
0	
0	
0	
0	
0	
0	
0	
0	
0	
0	
0	
0	
0	
0	
0	
0	
0	
0	
0	
0	
0	
0	
0	
1	
1	
1	
1	
1	
1	
1	
1	
1	
2	
2	
2	
2	
2	
2	
2	
3	
3	
3	
3	
3	
3	
3	
3	
3	
3	
4	
4	
5	
5	
5	
5	
5	
6	
7	
7	
7	
7	
7	
7	
7	
7	
7	
7	
8	
9	
9	
76	
77	
80	
81	
83	
86	
88	
89	
91	
92	
95	
97	
99	
101	
104	
105	
107	
108	
111	
112	
112	
115	
117	
118	
120	
122	
124	
126	
129	
129	
132	
134	
137	
139	
141	
143	
145	
147	
148	
149	
152	
153	
154	
157	
160	
162	
165	
165	
167	
170	
173	
173	
174	
175	
177	
178	
180	
181	
182	
184	
186	
188	
190	
193	
195	
196	
198	
200	
202	
204	
207	
208	
210	
212	
212	
214	
216	
218	
220	
221	
225	
225	
228	
230	
232	
233	
235	
236	
238	
241	
241	
243	
245	
246	
248	
250	
252	
254	
255	
256	
562	
565	
569	
572	
577	
581	
586	
589	
593	
596	
602	
605	
608	
610	
616	
619	
622	
626	
629	
633	
636	
639	
643	
646	
649	
653	
656	
659	
663	
668	
671	
675	
679	
683	
686	
689	
693	
696	
699	
704	
709	
711	
714	
718	
720	
724	
725	
729	
732	
735	
736	
741	
743	
744	
746	
749	
751	
753	
755	
757	
757	
759	
763	
764	
766	
769	
771	
772	
774	
775	
777	
779	
780	
781	
783	
785	
785	
787	
790	
790	
791	
792	
794	
794	
795	
796	
797	
797	
799	
800	
801	
801	
803	
803	
805	
806	
808	
809	
809	
809	
3359	
3362	
3364	
3370	
3376	
3381	
3384	
3386	
3392	
3393	
3397	
3403	
3407	
3412	
3415	
3418	
3423	
3424	
3427	
3429	
3434	
3439	
3443	
3444	
3444	
3447	
3450	
3453	
3459	
3462	
3467	
3472	
3477	
3485	
3489	
3493	
3500	
3504	
3508	
3512	
3514	
3516	
3520	
3522	
3526	
3530	
3532	
3541	
3546	
3550	
3555	
3560	
3561	
3566	
3568	
3571	
3575	
3579	
3584	
3590	
3592	
3598	
3602	
3607	
3611	
3613	
3619	
3624	
3625	
3628	
3632	
3636	
3642	
3643	
3644	
3648	
3650	
3652	
3653	
3659	
3661	
3664	
3664	
3669	
3670	
3672	
3673	
3676	
3680	
3683	
3684	
3686	
3689	
3692	
3696	
3698	
3701	
3703	
3704	
3707	
3157	
3158	
3159	
3161	
3164	
3166	
3168	
3169	
3170	
3174	
3176	
3177	
3178	
3181	
3183	
3184	
3185	
3187	
3187	
3188	
3191	
3192	
3193	
3194	
3195	
3196	
3198	
3199	
3199	
3200	
3201	
3202	
3203	
3203	
3204	
3204	
3206	
3208	
3211	
3212	
3214	
3215	
3218	
3219	
3221	
3223	
3225	
3225	
3228	
3232	
3232	
3233	
3237	
3240	
3240	
3240	
3242	
3242	
3243	
3246	
3249	
3249	
3250	
3253	
3254	
3255	
3258	
3261	
3261	
3264	
3267	
3268	
3272	
3274	
3274	
3275	
3276	
3277	
3277	
3277	
3279	
3280	
3281	
3283	
3283	
3284	
3285	
3286	
3286	
3289	
3291	
3292	
3292	
3293	
3294	
3295	
3296	
3297	
3302	
3306	
