n_interc	
0	
0	
0	
0	
0	
0	
0	
0	
0	
0	
0	
0	
0	
0	
0	
0	
0	
0	
0	
0	
0	
0	
0	
0	
0	
0	
0	
0	
0	
0	
0	
0	
0	
0	
0	
0	
0	
0	
0	
0	
0	
0	
0	
0	
0	
0	
0	
0	
0	
0	
0	
0	
0	
0	
0	
0	
0	
0	
0	
1	
1	
1	
1	
1	
1	
1	
1	
1	
1	
1	
1	
1	
1	
1	
1	
1	
2	
3	
3	
3	
3	
3	
3	
3	
3	
3	
4	
4	
4	
5	
5	
6	
6	
6	
6	
6	
6	
6	
6	
6	
60	
60	
62	
64	
66	
67	
69	
73	
73	
75	
76	
78	
79	
82	
84	
84	
86	
88	
91	
92	
94	
95	
96	
98	
100	
101	
103	
104	
106	
108	
109	
110	
113	
116	
117	
119	
120	
123	
124	
124	
128	
130	
133	
135	
136	
137	
139	
141	
143	
145	
146	
148	
151	
152	
155	
156	
158	
160	
160	
162	
165	
167	
170	
171	
172	
174	
175	
177	
180	
181	
183	
184	
186	
188	
190	
192	
193	
195	
197	
198	
200	
202	
203	
205	
207	
210	
211	
212	
213	
216	
218	
218	
220	
222	
224	
225	
227	
229	
231	
232	
508	
511	
515	
517	
520	
526	
531	
534	
537	
540	
545	
550	
553	
559	
562	
565	
570	
573	
576	
582	
587	
591	
594	
601	
608	
614	
620	
622	
628	
631	
634	
640	
643	
647	
650	
654	
658	
663	
667	
670	
674	
676	
679	
682	
686	
690	
692	
697	
699	
702	
706	
708	
711	
713	
715	
717	
721	
725	
727	
730	
732	
735	
737	
739	
740	
743	
744	
746	
747	
749	
751	
751	
753	
754	
757	
759	
761	
761	
764	
767	
767	
769	
770	
771	
774	
775	
777	
778	
780	
780	
781	
781	
783	
784	
786	
787	
789	
790	
790	
793	
3289	
3293	
3299	
3302	
3306	
3311	
3316	
3322	
3329	
3333	
3335	
3339	
3345	
3350	
3352	
3356	
3359	
3362	
3367	
3370	
3371	
3375	
3379	
3379	
3382	
3384	
3389	
3390	
3395	
3401	
3404	
3409	
3414	
3419	
3423	
3429	
3430	
3434	
3438	
3442	
3447	
3455	
3460	
3466	
3472	
3476	
3480	
3483	
3484	
3488	
3489	
3490	
3493	
3497	
3502	
3506	
3511	
3517	
3518	
3520	
3521	
3522	
3525	
3528	
3529	
3533	
3536	
3541	
3543	
3544	
3548	
3550	
3551	
3555	
3555	
3558	
3561	
3563	
3563	
3565	
3565	
3566	
3568	
3572	
3575	
3576	
3578	
3580	
3581	
3583	
3585	
3586	
3588	
3592	
3592	
3593	
3595	
3596	
3597	
3598	
3065	
3066	
3066	
3067	
3068	
3070	
3073	
3077	
3077	
3079	
3081	
3083	
3084	
3087	
3089	
3090	
3094	
3096	
3098	
3103	
3103	
3103	
3104	
3109	
3110	
3112	
3113	
3117	
3119	
3122	
3126	
3128	
3132	
3132	
3132	
3133	
3133	
3135	
3139	
3139	
3140	
3142	
3144	
3144	
3147	
3147	
3151	
3152	
3154	
3155	
3158	
3160	
3161	
3162	
3164	
3168	
3169	
3170	
3171	
3172	
3173	
3173	
3174	
3175	
3178	
3182	
3182	
3182	
3183	
3184	
3184	
3186	
3189	
3190	
3192	
3192	
3195	
3196	
3196	
3197	
3199	
3199	
3200	
3201	
3202	
3203	
3204	
3205	
3205	
3206	
3206	
3208	
3210	
3211	
3211	
3212	
3215	
3218	
3219	
3219	
