id	type	l1	l2	friction	risk	count	acc	
1	FAST	1	2	0.02151630826214646	0.0	0	74.41424887023128	
2	FAST	1	3	0.027987052819351734	0.0	0	57.09802048497422	
3	FAST	1	4	0.07302656972007415	0.0	0	20.596760244310982	
4	FAST	1	5	0.10800269310982086	0.0	0	13.150711399006967	
5	FAST	1	6	0.2005826597473596	0.0	0	6.585192712106661	
6	FAST	1	7	0.05791240055316788	0.0	0	33.9051672984647	
7	FAST	1	8	0.06855335822514483	0.0	0	22.335639285996685	
8	FAST	1	68	0.36490858423453987	0.048	0	8.40036890467238	
9	FAST	1	69	0.40115801759656244	0.048	0	5.716903843043807	
10	FAST	1	70	0.423550267947518	0.048	0	5.055614123295437	
11	FAST	1	71	0.44235053412726005	0.048	0	4.405131547943192	
12	FAST	1	72	0.28733633203502157	0.0	0	6.939249147055259	
13	FAST	1	73	0.1906077266698771	0.0	0	21.440462003046573	
14	FAST	1	74	0.20210142113627694	0.0	0	11.97714102686321	
15	FAST	1	75	0.2630703980821981	0.0	0	10.728395760173216	
16	FAST	1	76	0.3008008736105855	0.0	0	7.694207275816217	
17	FAST	1	77	0.3450902934942693	0.0	0	6.125631870021359	
18	FAST	1	78	0.36284036573475764	0.0	0	5.023408498079825	
19	FAST	2	3	0.007516752227496343	0.0	0	219.49306760207315	
20	FAST	2	4	0.05255626523813813	0.0	0	30.492599976128368	
21	FAST	2	5	0.08753238084772358	0.0	0	16.81137985574338	
22	FAST	2	6	0.18130277439888826	0.0	0	8.089376604044928	
23	FAST	2	7	0.06458409111532147	0.0	0	25.913319225124305	
24	FAST	2	8	0.04808305763328943	0.0	0	34.41091090915165	
25	FAST	2	23	0.24993272053144797	0.0	0	5.360137054331776	
26	FAST	2	68	0.36470401260312413	0.048	0	8.647795788174053	
27	FAST	2	69	0.391780317504476	0.048	0	6.868600633750202	
28	FAST	2	70	0.4257275325971185	0.048	0	4.884601818106129	
29	FAST	2	71	0.43263050137245695	0.048	0	5.017859237065467	
30	FAST	2	72	0.3002858035948819	0.0	0	5.961813182375221	
31	FAST	2	73	0.2035572098999793	0.0	0	16.00214200376465	
32	FAST	2	74	0.21505090436637914	0.0	0	9.456593136285829	
33	FAST	2	75	0.2760198696420584	0.0	0	9.585191633494338	
34	FAST	2	76	0.3137503451704458	0.0	0	7.54564452736409	
35	FAST	2	77	0.3580397650541296	0.0	0	5.67029140106274	
36	FAST	3	4	0.04596140765847902	0.0	0	32.52878173084643	
37	FAST	3	5	0.08093752715814509	0.0	0	18.559956663067812	
38	FAST	3	6	0.18231210638901338	0.0	0	7.699145657611336	
39	FAST	3	7	0.06852057262560743	0.0	0	23.585644274929628	
40	FAST	3	8	0.04148820394371095	0.0	0	39.68018932505027	
41	FAST	3	23	0.253869190371492	0.0	2	5.641210433596638	
42	FAST	3	68	0.3624783762095865	0.048	0	8.51820570912886	
43	FAST	3	69	0.3866275625916361	0.048	0	6.631989743800317	
44	FAST	3	70	0.424054534998753	0.048	0	5.187525964544407	
45	FAST	3	71	0.42731742112785376	0.048	2	4.552346099317267	
46	FAST	3	72	0.30422229677540974	0.0	0	6.354187994940123	
47	FAST	3	73	0.20749369141026527	0.0	0	14.983042921098232	
48	FAST	3	74	0.2189873742064232	0.0	0	9.259744263318101	
49	FAST	3	75	0.27995636282258624	0.0	0	9.138111055678305	
50	FAST	3	76	0.3176868383509737	0.0	0	7.640443301555805	
51	FAST	3	77	0.36197625823465746	0.0	0	5.056283111785509	
52	FAST	4	5	0.03612179881582182	0.0	0	43.075927458555825	
53	FAST	4	6	0.131309053093839	0.0	0	12.762478266520587	
54	FAST	4	7	0.11268187659387058	0.0	0	15.458067012316153	
55	FAST	4	8	0.007503043583361338	0.0	0	291.3327100250904	
56	FAST	4	9	0.19906910328632327	0.0	0	6.592432445596414	
57	FAST	4	23	0.20219244902298494	0.0	0	7.077639167849342	
58	FAST	4	24	0.1883962275027891	0.0	0	6.765228801193299	
59	FAST	4	68	0.38518730849483807	0.048	0	6.669359118273773	
60	FAST	4	69	0.38862564188147486	0.048	0	7.046002160522252	
61	FAST	4	71	0.42626530464684514	0.048	0	5.098771489953792	
62	FAST	4	73	0.25165497981820595	0.0	0	9.103460425476383	
63	FAST	4	74	0.26314868595484764	0.0	0	6.634582741132006	
64	FAST	4	75	0.32411765123052694	0.0	0	6.601189840261138	
65	FAST	4	76	0.36184812675891437	0.0	0	5.896451697433392	
66	FAST	5	6	0.09695465406038882	0.0	0	18.001621056203863	
67	FAST	5	7	0.1480079633072034	0.0	0	11.375612291524758	
68	FAST	5	8	0.04282913807685543	0.0	0	37.331129140138806	
69	FAST	5	9	0.1647147042528731	0.0	40	8.787469952988042	
70	FAST	5	10	0.20580158024837855	0.0	434	5.649834513369097	
71	FAST	5	11	0.315176425388388	0.0	3	5.467968766981424	
72	FAST	5	23	0.1678380499895348	0.0	3	7.837505226967266	
73	FAST	5	24	0.1540418323594195	0.0	130	7.436609264503969	
74	FAST	5	25	0.21818540685428356	0.0	1525	3.5469866456116086	
75	FAST	5	68	0.41072317596004826	0.048	73	5.874752082135795	
76	FAST	5	69	0.4016265693558544	0.048	29	6.487389619445094	
77	FAST	5	71	0.4354848530175842	0.048	2027	1.8914062263820353	
78	FAST	5	73	0.2869810937621032	0.0	0	6.856855561852036	
79	FAST	5	74	0.2984747765582611	0.0	0	5.357408770149244	
80	FAST	5	75	0.3594437418339404	0.0	0	5.169619550829138	
81	FAST	6	7	0.22348282140222536	0.0	0	6.376240198565208	
82	FAST	6	8	0.1367366608602571	0.0	0	11.380862091128389	
83	FAST	6	9	0.07023925303818712	0.0	0	20.71830416503016	
84	FAST	6	10	0.11132612125353132	0.0	0	11.908773725044389	
85	FAST	6	11	0.2207009547232989	0.0	0	8.090218107998702	
86	FAST	6	12	0.25762382228263525	0.0	0	6.590617937283742	
87	FAST	6	23	0.1142018866986697	0.0	0	12.941421668745932	
88	FAST	6	24	0.1001154807239066	0.0	0	15.299760237799669	
89	FAST	6	25	0.16454923189317652	0.0	0	9.27524241756893	
90	FAST	6	26	0.15947391760864105	0.0	0	8.263493008214477	
91	FAST	7	8	0.10798518774699241	0.0	0	16.169005948208813	
92	FAST	7	23	0.2485729428477388	0.0	3	5.748101971655503	
93	FAST	7	24	0.2631165461086946	0.0	4	5.475301215494975	
94	FAST	7	68	0.40415430617655823	0.048	3	5.9372476430460415	
95	FAST	7	69	0.4403988038214797	0.048	4	4.303772895227549	
96	FAST	7	72	0.25068690991330783	0.0	0	6.288500847790399	
97	FAST	7	73	0.15395831621840525	0.0	0	15.332768989948523	
98	FAST	7	74	0.16545201068480506	0.0	0	10.142192195218563	
99	FAST	7	75	0.22642097596048436	0.0	0	8.113251282764235	
100	FAST	7	76	0.26415145148887176	0.0	0	6.781259434937687	
101	FAST	8	9	0.20593583471103105	0.0	90	6.118392521307248	
102	FAST	8	23	0.20905918044769273	0.0	8	6.532266013357936	
103	FAST	8	24	0.19526296281757746	0.0	371	6.150623434861164	
104	FAST	8	68	0.381788758681206	0.048	54	6.995816938324482	
105	FAST	8	69	0.3874760334580042	0.048	28	6.679038598003921	
106	FAST	8	71	0.4256121061407696	0.048	387	4.1118608018048715	
107	FAST	8	72	0.34401116178742613	0.0	0	5.03795545111331	
108	FAST	8	73	0.2472825797627654	0.0	0	9.414590273714108	
109	FAST	8	74	0.25877625866884274	0.0	0	6.891087983012385	
110	FAST	8	75	0.3197452278346027	0.0	0	6.966618026684591	
111	FAST	8	76	0.3574757033629901	0.0	0	5.696184341296278	
112	FAST	9	10	0.042910483552879006	0.0	0	36.502533326645455	
113	FAST	9	11	0.15228532869288847	0.0	0	13.556914296170763	
114	FAST	9	12	0.18920818458198294	0.0	0	9.031219568585806	
115	FAST	9	13	0.22995744825989792	0.0	0	6.597180952719371	
116	FAST	9	14	0.25331769753086336	0.0	0	5.859094329988369	
117	FAST	9	15	0.24757465090643752	0.0	0	5.4428990947766	
118	FAST	9	23	0.17921559053844677	0.0	0	10.437149275382522	
119	FAST	9	24	0.16512918067360308	0.0	0	11.88600795092027	
120	FAST	9	25	0.17977600333395677	0.0	0	12.79347268075931	
121	FAST	9	26	0.09105827990798876	0.0	0	17.930454318103614	
122	FAST	9	27	0.17848346569391205	0.0	0	8.662979065980005	
123	FAST	9	29	0.1855811706559399	0.0	133	8.320649068526231	
124	FAST	10	11	0.10937484514000945	0.0	0	15.044459599623133	
125	FAST	10	12	0.1462977010291039	0.0	0	11.192957997042566	
126	FAST	10	13	0.18704696470701887	0.0	0	8.275792495085458	
127	FAST	10	14	0.21040721786806496	0.0	0	7.227488891867209	
128	FAST	10	15	0.2046641673535585	0.0	0	6.929332579948734	
129	FAST	10	16	0.20323672949747695	0.0	0	5.641809805411413	
130	FAST	10	23	0.213153638132304	0.0	0	8.718837996143145	
131	FAST	10	24	0.199016878953885	0.0	0	10.058719645576042	
132	FAST	10	25	0.13705416535107862	0.0	0	12.773132207381499	
133	FAST	10	26	0.04814779635510974	0.0	0	32.71824852874097	
134	FAST	10	27	0.1355729938112749	0.0	0	13.724529683081652	
135	FAST	10	29	0.14267068710306088	0.0	434	11.509091293823412	
136	FAST	11	12	0.0364924262477068	0.0	0	42.54122689851556	
137	FAST	11	13	0.07678160230952209	0.0	0	19.73652492303695	
138	FAST	11	14	0.1121667443368769	0.0	0	13.054780624377818	
139	FAST	11	15	0.13120902745063714	0.0	0	10.955154091999715	
140	FAST	11	16	0.21670056307836655	0.0	0	7.599766037151452	
141	FAST	11	24	0.31300570982660975	0.0	0	5.120802377712805	
142	FAST	11	25	0.2510430001138839	0.0	0	6.03559587296711	
143	FAST	11	26	0.0629029032998397	0.0	0	22.557957017909207	
144	FAST	11	27	0.15032809297584365	0.0	0	8.409651261765143	
145	FAST	11	29	0.1574258018279521	0.0	3	7.975300789163751	
146	FAST	11	31	0.2612748846871239	0.0	0	5.660364961561381	
147	FAST	12	13	0.041186765485885346	0.0	0	37.84397104885669	
148	FAST	12	14	0.0765719114033208	0.0	0	19.093235700041777	
149	FAST	12	15	0.09561419451708102	0.0	0	15.820895571718223	
150	FAST	12	16	0.14372326122945295	0.0	0	10.169618079745577	
151	FAST	12	26	0.09403059326424705	0.0	0	16.95548764764176	
152	FAST	12	27	0.1814557907204122	0.0	0	7.705927864802834	
153	FAST	12	29	0.18855348401219818	0.0	0	8.000326339098272	
154	FAST	12	31	0.19481717124778766	0.0	0	7.266465463737538	
155	FAST	13	14	0.035643937421330284	0.0	0	46.76492508554621	
156	FAST	13	15	0.05468622442517113	0.0	0	29.657218812326843	
157	FAST	13	16	0.10279528335738179	0.0	0	15.464737231680802	
158	FAST	13	26	0.13496519205354798	0.0	0	12.481994400586617	
159	FAST	13	27	0.22239038950971318	0.0	0	7.182843412111194	
160	FAST	13	29	0.22948808669157972	0.0	0	6.838843709351395	
161	FAST	13	31	0.15388919337571655	0.0	0	9.114556864176183	
162	FAST	14	15	0.019130319528464904	0.0	0	86.68477838641562	
163	FAST	14	16	0.06723938624083681	0.0	0	23.482747132564754	
164	FAST	14	26	0.1630868027618412	0.0	0	9.865569168879217	
165	FAST	14	27	0.2503014029230186	0.0	0	6.817089347540677	
166	FAST	14	29	0.25739912344536897	0.0	0	6.57085240441386	
167	FAST	14	31	0.1183333001492522	0.0	0	12.94224290630087	
168	FAST	14	32	0.21194727355834295	0.0	0	6.135837905688951	
169	FAST	15	16	0.048585982817270716	0.0	0	35.0474052745414	
170	FAST	15	26	0.15747477794306555	0.0	0	10.394849203137294	
171	FAST	15	27	0.244689378104243	0.0	0	6.625019307973927	
172	FAST	15	29	0.25178707528610955	0.0	0	6.767043103405243	
173	FAST	15	31	0.09967989283560547	0.0	0	15.320489784895857	
174	FAST	15	32	0.1932938779149381	0.0	0	7.088830404067267	
175	FAST	16	26	0.15613073174541822	0.0	0	7.8066383806687165	
176	FAST	16	27	0.24334533190659563	0.0	0	7.284626659640291	
177	FAST	16	29	0.250443052428946	0.0	0	6.44384708239659	
178	FAST	16	31	0.05291526521902438	0.0	0	30.598295546750773	
179	FAST	16	32	0.14652924640827636	0.0	0	9.731987771890143	
180	FAST	17	18	0.144492633596006	0.0	0	10.442319876987586	
181	FAST	17	19	0.20948451408345695	0.0	0	7.866784089349231	
182	FAST	17	20	0.22112509410431017	0.0	0	6.243515859488216	
183	FAST	17	21	0.2301959607734761	0.0	0	6.984652912710845	
184	FAST	18	19	0.06547912086633792	0.0	0	26.760383746967044	
185	FAST	18	20	0.07711971255743301	0.0	0	20.559867717042998	
186	FAST	18	21	0.08619056366627643	0.0	0	20.027428560872732	
187	FAST	18	22	0.11826343430116347	0.0	0	14.558591685863934	
188	FAST	18	23	0.2031332533527576	0.0	0	7.495705405458848	
189	FAST	18	24	0.21725088889480668	0.0	0	6.857095971053396	
190	FAST	19	20	0.0557718564567446	0.0	0	25.05544746984809	
191	FAST	19	21	0.020826386902350846	0.0	0	80.00576714154636	
192	FAST	19	22	0.052899253647157266	0.0	0	29.586669044317386	
193	FAST	19	23	0.18178540114214978	0.0	0	7.900637323492431	
194	FAST	19	24	0.19590302501395698	0.0	0	7.092018934148418	
195	FAST	19	25	0.25918542512951476	0.0	0	5.864891591826031	
196	FAST	20	21	0.051960300995763854	0.0	0	28.224539919511916	
197	FAST	20	22	0.057609725049702395	0.0	0	31.44680379264995	
198	FAST	20	23	0.12831906321120456	0.0	0	12.48931114789997	
199	FAST	20	24	0.14243669875325368	0.0	0	11.207312393387982	
200	FAST	20	25	0.20571908719856957	0.0	0	8.839264533942034	
201	FAST	21	22	0.03241731782414188	0.0	0	52.79342011058714	
202	FAST	21	23	0.177942145414127	0.0	0	7.789351024016243	
203	FAST	21	24	0.1920597848462567	0.0	0	7.3922386992197815	
204	FAST	21	25	0.25534216940149196	0.0	0	6.530888840050198	
205	FAST	22	23	0.18354915202889183	0.0	16	9.05218549191788	
206	FAST	22	24	0.19766678757094094	0.0	505	7.339896467368441	
207	FAST	22	25	0.2609491876864987	0.0	79	7.861367341852594	
208	FAST	23	24	0.014785710209034767	0.0	0	107.23687735567407	
209	FAST	23	25	0.07806810643451191	0.0	0	19.256434624661967	
210	FAST	23	26	0.26582657077857297	0.0	0	5.695789253267463	
211	FAST	24	25	0.06401010971857911	0.0	0	23.394721950273013	
212	FAST	24	26	0.25176857017255955	0.0	0	6.604442939242527	
213	FAST	24	27	0.3391937559584829	0.0	0	4.966096583042298	
214	FAST	25	26	0.1896613206239994	0.0	0	8.836475885124173	
215	FAST	25	27	0.2770865064099227	0.0	0	7.1557583484271845	
216	FAST	25	29	0.28418422304219243	0.0	1	7.084881983567478	
217	FAST	25	30	0.4521379951502652	0.0	1456	3.3589370317792993	
218	FAST	26	27	0.08793642018212716	0.0	0	16.104653282491476	
219	FAST	26	29	0.09503412125407436	0.0	0	15.266638443653786	
220	FAST	26	31	0.2001531209344359	0.0	0	6.198168705860964	
221	FAST	27	29	0.009295402123045745	0.0	0	181.57690137030679	
222	FAST	27	30	0.1772491897914411	0.0	0	8.209132664069058	
223	FAST	27	31	0.28774323446876776	0.0	0	5.962038788214388	
224	FAST	28	30	0.15944353607893208	0.0	111	11.399160432286582	
225	FAST	29	30	0.16795380711879848	0.0	0	7.365936034960267	
226	FAST	29	31	0.2954023675373496	0.0	0	5.545850415129921	
227	FAST	31	32	0.09361397729917137	0.0	0	16.31491419664854	
228	FAST	31	33	0.20448155529861253	0.0	0	6.068296108204731	
229	FAST	32	33	0.11533800808672107	0.0	0	13.090152592230277	
230	FAST	32	34	0.21282922874836685	0.0	0	5.90184738214255	
231	FAST	32	35	0.1856925008734483	0.0	0	7.242263796998658	
232	FAST	33	34	0.09994297898851423	0.0	0	15.01967090733789	
233	FAST	33	35	0.08939985684434527	0.0	0	18.381874098468995	
234	FAST	33	36	0.23577195177538954	0.0	0	5.702162999024411	
235	FAST	33	43	0.21187265792180676	0.0	0	6.322614662467028	
236	FAST	33	44	0.23313834384937832	0.0	0	5.87950516358536	
237	FAST	34	35	0.07425086367565223	0.0	0	21.86772917914474	
238	FAST	34	36	0.22119958914834686	0.0	0	6.079719312811997	
239	FAST	34	40	0.21309968660406667	0.0	6	5.935550491659508	
240	FAST	34	41	0.19701331626663482	0.0	11	6.29514251471248	
241	FAST	34	42	0.19652467156864095	0.0	0	9.269536894206277	
242	FAST	34	43	0.11495453171851999	0.0	0	14.832852175260768	
243	FAST	34	44	0.1362202176460916	0.0	0	11.963268285372546	
244	FAST	34	45	0.17083477360173724	0.0	0	9.526006476733832	
245	FAST	34	46	0.1415772009986984	0.0	0	11.207354753073627	
246	FAST	34	47	0.2729031837234328	0.0	0	6.3359000005068244	
247	FAST	34	48	0.30365908701192784	0.0	0	5.387961320448737	
248	FAST	34	49	0.2550983585980977	0.0	0	6.159586955387672	
249	FAST	34	63	0.41350450727089905	0.048	17	5.650506648296416	
250	FAST	35	36	0.15314777123847956	0.0	0	9.839552107882689	
251	FAST	35	37	0.18349454307702828	0.0	5	7.774463169656916	
252	FAST	35	40	0.18010409662424917	0.0	0	7.526470751625399	
253	FAST	35	41	0.1906017709564348	0.0	0	8.219659250941307	
254	FAST	35	42	0.2441990567814982	0.0	0	7.883630963946402	
255	FAST	35	43	0.16262891693137727	0.0	5	8.146958505003091	
256	FAST	35	44	0.18389460285894885	0.0	0	7.939634578595358	
257	FAST	35	45	0.21850915881459448	0.0	0	5.970483371789455	
258	FAST	35	46	0.18925158232147501	0.0	0	6.751708750403341	
259	FAST	36	37	0.03814278128412667	0.0	0	41.72413090499551	
260	FAST	36	38	0.11676273844668511	0.0	0	15.075162252750655	
261	FAST	36	39	0.19725989680743664	0.0	0	7.9449701420668015	
262	FAST	36	40	0.1635373363399172	0.0	0	13.191067134063516	
263	FAST	36	41	0.3269651669101407	0.0	0	8.931357519467229	
264	FAST	36	42	0.39092006082427827	0.0	0	5.582653773122644	
265	FAST	37	38	0.08093381602122546	0.0	0	27.591109047645013	
266	FAST	37	39	0.15061684588073954	0.0	0	10.485941251048637	
267	FAST	37	40	0.14019839693063493	0.0	829	13.048212461747813	
268	FAST	37	41	0.3579232571393046	0.0	103	8.632315468642549	
269	FAST	37	42	0.4218781277129583	0.0	0	5.161949993433453	
270	FAST	38	39	0.08372419808664779	0.0	0	17.941364612938575	
271	FAST	38	40	0.11208962348841593	0.0	332	14.226941255722508	
272	FAST	38	41	0.40779445257479646	0.0	13	8.573630397207085	
273	FAST	38	42	0.46110764581155694	0.0	0	4.508760416391098	
274	FAST	39	40	0.19341849275779302	0.0	1164	6.205294204269064	
275	FAST	39	41	0.48912332573425416	0.0	11	5.027026082004751	
276	FAST	40	41	0.2986730228472532	0.0	0	37.83584085038617	
277	FAST	40	42	0.3519861888534493	0.0	0	9.920915820378514	
278	FAST	40	43	0.30170619262486453	0.0	2315	2.384034705169587	
279	FAST	41	42	0.25357444285234754	0.0	0	15.110180178796567	
280	FAST	41	43	0.20648708636666077	0.0	110	6.817275815682726	
281	FAST	41	44	0.22937622353302517	0.0	6	5.556684046504929	
282	FAST	41	46	0.2310540153081182	0.0	0	5.849784614385314	
283	FAST	42	43	0.11780820928584947	0.0	0	13.722354577874196	
284	FAST	42	44	0.13084020112608316	0.0	0	11.477944440559455	
285	FAST	42	45	0.16679591294946913	0.0	0	8.780487067257257	
286	FAST	42	46	0.1325179929011762	0.0	0	13.550123414033745	
287	FAST	42	47	0.24937123796376515	0.0	0	5.663900000032215	
288	FAST	42	49	0.20710935144416465	0.0	0	6.2156645398773005	
289	FAST	43	44	0.023101644490940768	0.0	0	74.92307918367871	
290	FAST	43	45	0.05771618877634452	0.0	0	26.62918918834204	
291	FAST	43	46	0.0288340089539606	0.0	0	59.709806384104446	
292	FAST	43	47	0.159784610568282	0.0	0	12.087374795119617	
293	FAST	43	48	0.19054051385677703	0.0	0	9.038341437487189	
294	FAST	43	49	0.14197978544294687	0.0	0	12.982382727385591	
295	FAST	43	63	0.3923885515678148	0.048	2426	2.3027944770940234	
296	FAST	44	45	0.03650977211722949	0.0	0	43.21311205914875	
297	FAST	44	46	0.02575993886862073	0.0	0	68.42322715763555	
298	FAST	44	47	0.14086488833480484	0.0	0	16.006692582648363	
299	FAST	44	48	0.171620779953058	0.0	0	11.188181229550676	
300	FAST	44	49	0.12306006320946969	0.0	0	15.155316467185667	
301	FAST	44	50	0.2795338767258421	0.0	0	5.651229690567072	
302	FAST	44	54	0.4062621031342436	0.0	0	4.828235978809202	
303	FAST	44	63	0.3774616757931424	0.048	6	7.477060890118772	
304	FAST	45	46	0.05900224943214269	0.0	0	30.543729828557883	
305	FAST	45	47	0.11029916330807826	0.0	0	27.716543222950538	
306	FAST	45	48	0.1410550549263314	0.0	0	16.647493737392587	
307	FAST	45	49	0.07388850655518356	0.0	0	24.462986974313385	
308	FAST	45	50	0.2303623317417979	0.0	0	7.152472502626007	
309	FAST	45	52	0.29512067512879453	0.0	0	6.0290895834916025	
310	FAST	45	53	0.3237251926661545	0.0	0	5.88191672029401	
311	FAST	45	54	0.3570905581501994	0.0	0	5.79330363796266	
312	FAST	45	56	0.4526480314016355	0.0	0	4.366933686276458	
313	FAST	45	63	0.3512879165346726	0.048	0	10.015097266431725	
314	FAST	46	47	0.15177768484110474	0.0	0	13.830736860372326	
315	FAST	46	48	0.1825335725692773	0.0	0	10.030801634329803	
316	FAST	46	49	0.1095157983215043	0.0	0	15.364174290253636	
317	FAST	47	48	0.033308403033401005	0.0	0	48.86719755247475	
318	FAST	47	49	0.04335293354340888	0.0	0	41.84738985023481	
319	FAST	47	50	0.13698732987579948	0.0	0	11.87311877424564	
320	FAST	47	51	0.1911754722673719	0.0	0	7.537306398977011	
321	FAST	47	52	0.21128708019471065	0.0	0	8.331607770112475	
322	FAST	47	53	0.2398915977320707	0.0	0	8.197796977593844	
323	FAST	47	54	0.2732569865565993	0.0	0	9.050359999675434	
324	FAST	47	56	0.3688144364675517	0.0	0	5.94479816040119	
325	FAST	47	63	0.32931771848225994	0.048	0	13.23167663749365	
326	FAST	48	49	0.07429681330803665	0.0	0	31.877722277311687	
327	FAST	48	50	0.10466340899746844	0.0	0	16.697975901028727	
328	FAST	48	51	0.15885155138904086	0.0	0	9.540492800581974	
329	FAST	48	52	0.17896317098662154	0.0	0	10.506208312429848	
330	FAST	48	53	0.2075677001942234	0.0	0	10.270482248154774	
331	FAST	48	54	0.2409330695683489	0.0	0	11.176936950785143	
332	FAST	48	55	0.31065396158262065	0.0	0	5.093569054027359	
333	FAST	48	56	0.33649051558922066	0.0	0	6.1405519423468355	
334	FAST	48	63	0.33176830010421277	0.048	0	12.953452621493723	
335	FAST	49	50	0.1566683642287674	0.0	0	10.881769527282353	
336	FAST	49	51	0.1845573986865216	0.0	0	7.578538607956192	
337	FAST	49	52	0.22142669594552217	0.0	0	6.986090988285515	
338	FAST	49	53	0.25003121348288215	0.0	0	7.0353808651751395	
339	FAST	49	54	0.28339660619749146	0.0	0	6.924778910841543	
340	FAST	50	51	0.08115968188268026	0.0	0	22.748483555949203	
341	FAST	50	52	0.07399500529255132	0.0	0	30.399610909242163	
342	FAST	50	53	0.10259952671999197	0.0	0	21.2769951357141	
343	FAST	50	54	0.13596489609411744	0.0	0	15.40416610104508	
344	FAST	50	55	0.20568579977863108	0.0	0	7.442522044499001	
345	FAST	50	56	0.2315223537852311	0.0	0	7.5303977897254715	
346	FAST	50	57	0.28310399822269255	0.0	0	5.105993259590097	
347	FAST	51	52	0.0866936794642085	0.0	0	17.21146960901718	
348	FAST	51	53	0.1152981970015685	0.0	0	12.003839427932487	
349	FAST	51	54	0.14866356637569397	0.0	0	8.880317619968976	
350	FAST	51	55	0.21838445838996573	0.0	0	5.715011490655111	
351	FAST	51	56	0.2442210123965657	0.0	0	5.484535071427389	
352	FAST	52	53	0.027119747672974932	0.0	0	50.50263731286897	
353	FAST	52	54	0.06466182659652175	0.0	0	24.05326160682992	
354	FAST	52	55	0.13438272639095475	0.0	0	11.464483307274673	
355	FAST	52	56	0.16021928039755476	0.0	0	9.981612040654742	
356	FAST	52	57	0.2118009365052582	0.0	0	6.698407251457083	
357	FAST	53	54	0.03255763303241363	0.0	0	45.707801731285095	
358	FAST	53	55	0.1392847375834884	0.0	0	13.72921686461509	
359	FAST	53	56	0.12811509072352725	0.0	0	13.399208843638036	
360	FAST	53	57	0.1796967429411501	0.0	0	8.541054777029908	
361	FAST	53	58	0.2558494359154547	0.0	0	5.001096269151664	
362	FAST	53	63	0.337184139804537	0.048	0	11.554321386510491	
363	FAST	54	55	0.09882882488577224	0.0	0	15.793129589366988	
364	FAST	54	56	0.09594506921502285	0.0	0	18.828761717620935	
365	FAST	54	57	0.14752673699296817	0.0	0	10.33103850444042	
366	FAST	54	58	0.2236794182970309	0.0	0	6.273242862940906	
367	FAST	54	59	0.23363279643775064	0.0	0	6.246929949913635	
368	FAST	54	63	0.31193667033525635	0.048	0	17.32473604842681	
369	FAST	55	56	0.10245118238530287	0.0	0	23.589572149808976	
370	FAST	55	57	0.11688081406400345	0.0	0	16.69611477774299	
371	FAST	55	58	0.19303349536806622	0.0	0	8.876514053263687	
372	FAST	55	59	0.15404239253103003	0.0	0	9.616030343750282	
373	FAST	55	60	0.199998124561872	0.0	0	6.500563614195066	
374	FAST	55	61	0.21647929140213404	0.0	0	5.308619909087039	
375	FAST	56	57	0.051750960196819136	0.0	0	28.228137787370454	
376	FAST	56	58	0.12790363761080126	0.0	0	12.093174697926603	
377	FAST	56	59	0.1378570196416016	0.0	0	10.182589086323375	
378	FAST	56	60	0.1863277627103322	0.0	0	7.090244090473526	
379	FAST	56	61	0.2295672264918869	0.0	0	5.431030054548253	
380	FAST	56	63	0.3399620284812417	0.048	0	10.971836939158262	
381	FAST	56	64	0.38634472259083835	0.048	0	7.225235147345796	
382	FAST	56	65	0.43919115018064	0.048	0	4.534520158474725	
383	FAST	56	67	0.42103726473208475	0.048	0	5.3617187414902645	
384	FAST	57	58	0.07675344979601327	0.0	0	21.476241928844267	
385	FAST	57	59	0.08670683571689426	0.0	0	18.644560121164048	
386	FAST	57	60	0.13517757878562484	0.0	0	11.232330317731414	
387	FAST	57	61	0.17841704256717958	0.0	0	7.917916363460985	
388	FAST	57	63	0.384340773682992	0.048	0	7.111787196490719	
389	FAST	57	64	0.3412958770645092	0.048	0	10.346893035151696	
390	FAST	57	65	0.38984504348251814	0.048	0	6.285086845502166	
391	FAST	57	66	0.42780336506585737	0.048	0	4.909533937075316	
392	FAST	57	67	0.37333280038000694	0.048	0	8.137306771657247	
393	FAST	58	59	0.07200593315564248	0.0	0	26.640119279529863	
394	FAST	58	60	0.08743951295287825	0.0	0	18.74499871697047	
395	FAST	58	61	0.1310579211587018	0.0	0	12.453796479215471	
396	FAST	58	62	0.255370979338627	0.0	0	5.475396861205956	
397	FAST	58	63	0.42867785119451274	0.048	0	4.887253035317927	
398	FAST	58	64	0.2815888030664809	0.048	0	36.264236843714436	
399	FAST	58	65	0.3403573143357273	0.048	0	11.874512341275082	
400	FAST	58	66	0.39043847436779794	0.048	0	6.528416917647341	
401	FAST	58	67	0.31576294598180515	0.048	0	16.107801414401823	
402	FAST	59	60	0.049577043098683535	0.0	0	31.167283866715845	
403	FAST	59	61	0.09281650299015765	0.0	0	17.408219696855305	
404	FAST	59	62	0.19190307683821625	0.0	0	8.419502083769052	
405	FAST	60	61	0.04366750880351709	0.0	0	38.97358131524153	
406	FAST	60	62	0.16798056309336168	0.0	0	10.655622014011247	
407	FAST	61	62	0.1284738884202208	0.0	0	15.715418687731976	
408	FAST	61	64	0.34189073151411264	0.048	0	11.846397864589406	
409	FAST	61	65	0.27660027650124386	0.048	0	40.43392766420915	
410	FAST	61	66	0.2846057362515169	0.048	0	32.65060212968912	
411	FAST	61	67	0.313713359586781	0.048	0	17.38336424557507	
412	FAST	62	64	0.4213812504185731	0.048	0	4.856672641034	
413	FAST	62	65	0.3530950978131749	0.048	0	9.986467545978131	
414	FAST	62	66	0.29304974429611425	0.048	0	25.129296672359516	
415	FAST	62	67	0.39218104977363377	0.048	0	6.744764764219448	
416	FAST	64	65	0.3208596406357785	0.048	0	16.14919251962049	
417	FAST	64	66	0.37832092189058875	0.048	0	7.175435915986461	
418	FAST	64	67	0.28711509697401516	0.048	0	30.50809258072443	
419	FAST	65	66	0.30802592284334046	0.048	0	17.85056483321319	
420	FAST	65	67	0.2869529669048198	0.048	0	30.30137545028822	
421	FAST	66	67	0.34723302916346765	0.048	0	10.750387905868946	
422	FAST	68	69	0.31961417983176404	0.048	0	14.89059065638452	
423	FAST	68	70	0.31025070892562745	0.048	0	18.26885435033449	
424	FAST	68	71	0.35282413558903386	0.048	0	9.677840771446043	
425	FAST	68	73	0.3499823949333256	0.048	0	10.062747412928301	
426	FAST	68	74	0.36326856556838494	0.048	0	8.741308346256172	
427	FAST	68	75	0.32293415966345773	0.048	0	15.177576451133882	
428	FAST	68	76	0.3043083788413486	0.048	0	18.92652503701943	
429	FAST	68	77	0.3277074185209801	0.048	0	14.046560121535114	
430	FAST	68	78	0.3537868345681008	0.048	0	9.666273686720727	
431	FAST	69	70	0.35016734253612003	0.048	0	10.332561801014215	
432	FAST	69	71	0.2889421904033205	0.048	0	26.67379419228408	
433	FAST	69	73	0.409725032299345	0.048	0	5.58233182055896	
434	FAST	69	74	0.43146268347934347	0.048	0	4.696092238149496	
435	FAST	69	75	0.3940090006189977	0.048	0	6.445968042053807	
436	FAST	69	76	0.375242522649161	0.048	0	7.519069489505224	
437	FAST	69	77	0.3880713581061336	0.048	0	6.860931658055661	
438	FAST	69	78	0.4118340394161036	0.048	0	6.108297369720306	
439	FAST	70	71	0.36321139206122	0.048	0	8.543884430020753	
440	FAST	70	73	0.39483539525942135	0.048	0	6.307688778258662	
441	FAST	70	74	0.39209968574495196	0.048	0	6.471261131136409	
442	FAST	70	75	0.3479917875872324	0.048	0	10.177663047974391	
443	FAST	70	76	0.3135398879049619	0.048	0	16.391348752682145	
444	FAST	70	77	0.29472060910445375	0.048	0	23.317030558538296	
445	FAST	70	78	0.31277550312885255	0.048	0	16.93183253525715	
446	FAST	71	75	0.4279180643201304	0.048	0	4.947563956720151	
447	FAST	71	76	0.404332513209376	0.048	0	6.191247956072073	
448	FAST	71	77	0.40759504955365466	0.048	0	5.690842319714121	
449	FAST	71	78	0.4282032219443983	0.048	0	4.6053818849371435	
450	FAST	72	73	0.14025606737595317	0.0	0	12.22226197216308	
451	FAST	72	74	0.08725546934826098	0.0	0	17.222558250904754	
452	FAST	72	75	0.06345545813248002	0.0	0	29.269791484790133	
453	FAST	72	76	0.04017865109099696	0.0	0	40.24798430955108	
454	FAST	72	77	0.04570755266690181	0.0	0	33.828209777180845	
455	FAST	72	78	0.06345764046771263	0.0	0	27.5572302345413	
456	FAST	73	74	0.05432577344421043	0.0	0	35.42236961825861	
457	FAST	73	75	0.11529474650005098	0.0	0	23.668906563455508	
458	FAST	73	76	0.1530252220284384	0.0	0	14.69449884992296	
459	FAST	73	77	0.19731463802204155	0.0	0	9.246991262183595	
460	FAST	73	78	0.21506473749309424	0.0	0	7.421416856027713	
461	FAST	74	75	0.0623156956289603	0.0	0	31.17397315249095	
462	FAST	74	76	0.10004617115734774	0.0	0	16.851289427050503	
463	FAST	74	77	0.14433558326087026	0.0	0	10.644265857176018	
464	FAST	74	78	0.16208567884184233	0.0	0	8.851162646948428	
465	FAST	75	76	0.042285826075788555	0.0	0	40.01581277130272	
466	FAST	75	77	0.087860882596482	0.0	0	18.204028251063402	
467	FAST	75	78	0.10561097428737345	0.0	0	14.594231559038708	
468	FAST	76	77	0.06410468924890102	0.0	0	33.31572653772456	
469	FAST	76	78	0.08185477704971184	0.0	0	20.336232390583387	
470	FAST	77	78	0.02740920468246461	0.0	0	56.29298533127702	
471	FAST	28	79	0.23493445904454718	0.0	27	6.0573813770494995	
472	FAST	30	79	0.2710487578591585	0.0	391	3.828760374637886	
473	FAST	22	79	0.478706004455669	0.0	614	1.564469195201058	
474	FAST	39	80	0.193447833796791	0.0	430	6.495122656085063	
475	FAST	38	80	0.23957100996221634	0.0	186	3.9272661497437586	
476	FAST	37	80	0.33178781057270923	0.0	440	2.8532832220414788	
477	FAST	28	81	0.16188717170008557	0.0	39	6.349202531654857	
478	FAST	30	81	0.3114288760674765	0.0	431	3.5981557089875333	
479	FAST	29	81	0.4549877568226339	0.0	583	1.5964781690212155	
480	FAST	39	82	0.2642471712210198	0.0	358	4.970375397312399	
481	FAST	38	82	0.32732941087170037	0.0	174	3.1959416343073617	
482	FAST	37	82	0.28366183238201764	0.0	511	3.0445519287721585	
483	FAST	28	83	0.17957339714984139	0.0	48	6.905691379141232	
484	FAST	30	83	0.26722758409078584	0.0	546	3.4067404490972266	
485	FAST	39	83	0.40112048186427	0.0	403	1.5422679491279196	
