n_interc	
0	
0	
0	
0	
0	
0	
0	
0	
0	
0	
0	
0	
0	
0	
0	
0	
0	
0	
0	
0	
0	
0	
0	
0	
0	
0	
0	
0	
0	
0	
0	
0	
0	
0	
0	
0	
0	
0	
0	
0	
0	
0	
0	
0	
0	
0	
0	
0	
0	
0	
0	
0	
0	
0	
0	
0	
0	
1	
1	
2	
2	
2	
2	
2	
2	
2	
2	
2	
2	
2	
2	
3	
3	
3	
3	
3	
3	
3	
3	
4	
6	
6	
6	
6	
6	
6	
7	
7	
7	
7	
7	
7	
7	
8	
8	
8	
8	
8	
9	
9	
75	
76	
78	
80	
83	
85	
87	
89	
91	
92	
94	
97	
99	
100	
102	
103	
106	
108	
109	
111	
112	
116	
118	
120	
122	
123	
124	
126	
128	
129	
131	
134	
135	
136	
140	
141	
143	
144	
146	
148	
149	
152	
153	
154	
156	
158	
159	
161	
162	
164	
168	
170	
172	
174	
175	
178	
179	
180	
182	
183	
186	
189	
190	
192	
193	
195	
197	
198	
201	
202	
204	
206	
208	
210	
212	
214	
215	
218	
220	
222	
224	
225	
227	
229	
230	
232	
234	
235	
237	
238	
240	
241	
242	
245	
246	
248	
249	
251	
253	
254	
553	
558	
562	
566	
571	
575	
580	
585	
587	
590	
594	
597	
602	
605	
609	
613	
616	
620	
623	
628	
632	
636	
641	
645	
648	
651	
655	
658	
662	
665	
670	
674	
677	
680	
685	
689	
693	
697	
701	
704	
708	
711	
713	
715	
719	
721	
724	
728	
730	
734	
738	
740	
743	
746	
747	
751	
753	
756	
758	
761	
762	
763	
766	
768	
770	
772	
773	
776	
777	
779	
780	
783	
784	
786	
787	
788	
789	
791	
793	
794	
796	
796	
797	
798	
801	
803	
806	
807	
809	
810	
812	
813	
815	
816	
817	
818	
818	
819	
820	
822	
3407	
3409	
3417	
3421	
3426	
3431	
3434	
3437	
3443	
3445	
3451	
3456	
3456	
3462	
3468	
3472	
3476	
3478	
3482	
3485	
3490	
3497	
3501	
3507	
3510	
3517	
3521	
3523	
3524	
3529	
3533	
3536	
3540	
3544	
3549	
3550	
3555	
3560	
3562	
3566	
3569	
3575	
3577	
3578	
3580	
3585	
3590	
3594	
3596	
3599	
3601	
3602	
3605	
3606	
3608	
3609	
3612	
3616	
3620	
3624	
3626	
3628	
3632	
3634	
3636	
3636	
3639	
3642	
3645	
3646	
3649	
3651	
3651	
3654	
3658	
3659	
3663	
3665	
3666	
3670	
3673	
3676	
3676	
3680	
3681	
3684	
3685	
3688	
3690	
3693	
3696	
3698	
3700	
3703	
3705	
3708	
3714	
3715	
3715	
3721	
3168	
3170	
3171	
3173	
3177	
3179	
3181	
3184	
3185	
3186	
3188	
3188	
3189	
3192	
3195	
3196	
3198	
3199	
3201	
3201	
3203	
3203	
3205	
3208	
3210	
3213	
3214	
3218	
3220	
3222	
3223	
3224	
3226	
3227	
3229	
3232	
3236	
3238	
3240	
3241	
3243	
3246	
3247	
3248	
3251	
3254	
3255	
3257	
3259	
3261	
3262	
3263	
3265	
3266	
3270	
3272	
3273	
3275	
3276	
3278	
3278	
3280	
3282	
3282	
3283	
3287	
3290	
3291	
3292	
3293	
3294	
3297	
3299	
3301	
3303	
3304	
3305	
3308	
3310	
3311	
3311	
3313	
3317	
3318	
3320	
3322	
3323	
3327	
3331	
3331	
3333	
3334	
3337	
3338	
3340	
3340	
3343	
3345	
3347	
3349	
