id	x	y	type	qual	N	n_links	count	acc	
1	0.5290865972208558	0.08782825570975693	STD	0.30206271725853684	0	18	0	0.9514945992816923	
2	0.5301822646847826	0.10720123054485474	STD	0.2070683610466857	0	18	4	0.9273227581290843	
3	0.5333754021576235	0.11316317727647134	STD	0.38208312972610403	0	18	7	0.9013606565964715	
4	0.5228257638719125	0.1527978029111725	STD	0.6604849725904984	0	17	52	0.9729416740936805	
5	0.5110057050013014	0.18322738970304364	STD	0.4866985181364447	1	19	693	0.9749822361950252	
6	0.46055093200691144	0.23803676739353677	STD	0.87023681556409	0	15	7	0.964287049713564	
7	0.49049816672070146	0.0769888854245772	STD	0.3402384074535889	0	16	0	0.85664213908057	
8	0.5243639373822653	0.14811813155714765	STD	0.8497687373757934	3	18	2373	0.9781277656798384	
9	0.4372574223741947	0.2995079543610299	STD	0.4132612190657843	0	16	11	0.9531335636800236	
10	0.41937970228563354	0.33373740205414487	STD	0.3638218932326016	0	15	0	0.8714437793762237	
11	0.4998163145722239	0.3654513890156738	STD	0.6503050021167165	0	15	0	0.9721443397431029	
12	0.515877597084288	0.3934792280858458	STD	0.928904340951392	0	12	0	0.9355012494335505	
13	0.527761674424959	0.4273044524055435	STD	0.26520565103836935	0	11	0	0.9312732544354491	
14	0.5279485391483765	0.45960239084181165	STD	0.34619921880784443	0	12	0	0.9135142945273617	
15	0.5178388115657108	0.47324318956320754	STD	0.807682725621768	0	12	0	0.9554733969817477	
16	0.4983862803694047	0.5086814241359012	STD	0.8384203463587834	0	11	0	0.8043564253120615	
17	0.19045354636733625	0.002995199780724391	STD	0.3916594765801249	0	5	47	0.9272915856885281	
18	0.260845314655781	0.09852695010641736	STD	0.21875902358298127	0	7	0	0.9534610023901469	
19	0.23158108780837086	0.14021317238405023	STD	0.9910211626051162	0	9	746	0.9232614389610337	
20	0.2801200648305022	0.15889412442380177	STD	0.9387310176447277	0	8	24	0.9627197345959491	
21	0.23191891500510464	0.15860984189908572	STD	0.15709129961623924	0	10	599	0.9392701331156043	
22	0.24223756772992455	0.18442460012929646	STD	0.21167836269605877	19	9	1245	0.9553428944932395	
23	0.368004880062751	0.2085094845428714	STD	0.8132416922880426	2	17	640	0.9680418151413863	
24	0.3719839740227433	0.2215652327591495	STD	0.829517701432118	16	17	1833	0.9787144843532526	
25	0.3455553328417463	0.2744769879628167	STD	0.9905766319373674	1	15	683	0.8744677604206293	
26	0.44093575929207557	0.3712978642887976	STD	0.14361608903934187	0	15	0	0.9135895207521676	
27	0.36967671375721445	0.41015518237073767	STD	0.18574708831973674	0	14	5	0.8614337358836718	
28	0.1573274485692997	0.4835700453482871	STD	0.3074738599671232	0	2	34	0.8398233184178019	
29	0.36716528647906305	0.4179604961228007	STD	0.4950589867627404	0	13	7	0.9394124540219614	
30	0.22100419841716157	0.4019146525885682	STD	0.7319644450705212	0	6	569	0.9487974439781227	
31	0.47787268628758284	0.5480021666943438	STD	0.3755267904805695	0	11	0	0.9054176886517933	
32	0.46676331894608003	0.6284350713290916	STD	0.17907192290074803	0	7	0	0.9059204629663504	
33	0.4608416104655608	0.7277137825604496	STD	0.9158500959111004	0	7	1	0.9622258187723974	
34	0.4626107695368043	0.8130296791693479	STD	0.16919478860302606	2	15	1353	0.9379608822927628	
35	0.41096732927400903	0.7751332799821633	STD	0.4993145358474307	3	12	425	0.9733942638196721	
36	0.28631860993830643	0.7727157794916976	STD	0.9017340584841167	0	9	357	0.9522547638479363	
37	0.2593266062207844	0.7914395937162324	STD	0.7441037539999382	0	9	1019	0.9547083700843662	
38	0.22221233076092273	0.8261440423391756	STD	0.42946384163290485	15	8	562	0.9677396242799795	
39	0.1527652674630883	0.8358499459600879	STD	0.4568095237983132	10	7	506	0.9651833162179778	
40	0.28962421229098206	0.869035900942634	STD	0.997520761346484	4	9	705	0.9247343712112716	
41	0.3153375768362312	0.8870629299068465	STD	0.8832822336688362	3	11	480	0.9732746247790914	
42	0.38914135655596416	0.9106268739207488	STD	0.24537189792190617	0	13	90	0.9603017093248841	
43	0.48046327153884866	0.8968259831074697	STD	0.028661523403489708	0	13	16	0.8479977056258042	
44	0.49826819224557845	0.9044854921625778	STD	0.3854736824008038	0	14	164	0.9514659089974381	
45	0.530170585639569	0.9121028717198222	STD	0.9107526409117701	0	15	506	0.9604443505152201	
46	0.4847793275811146	0.9204492747618408	STD	0.5752752587887822	0	10	0	0.9731383335118022	
47	0.5764771347969846	0.9306369200322399	STD	0.04266704658139342	0	15	1	0.8219085579670692	
48	0.6001695919630531	0.9436531031548717	STD	0.5498208628044634	0	15	0	0.8742617458725338	
49	0.5600944622629316	0.9598293649607524	STD	0.49545300525550995	0	13	0	0.9574416799877145	
50	0.676757136993029	0.9547977108106617	STD	0.07702509010012926	0	12	0	0.8033104299590381	
51	0.7136194046106153	0.9998054959685726	STD	0.8121180869409952	0	9	0	0.9690666287065769	
52	0.7111205214921377	0.9245728367440629	STD	0.21459053899076763	0	11	0	0.8778775463092132	
53	0.7026486286056469	0.8985914288740412	STD	0.7944792590680527	0	13	0	0.9702442599558011	
54	0.6841337084613773	0.8734880730081942	STD	0.03795681347173496	0	15	0	0.769309349321854	
55	0.7487391586823343	0.8203755982229649	STD	0.0914731845106036	0	12	0	0.8092027160929383	
56	0.6913128608098928	0.8026145346104842	STD	0.5066934728881405	0	18	0	0.9640169750182258	
57	0.7062995413951377	0.7555676817559628	STD	0.19288099558393657	0	15	0	0.8916107519618816	
58	0.6946833467470882	0.6969819624143379	STD	0.7299116011543263	0	14	0	0.9478268542034824	
59	0.7445355675199029	0.6959235961593058	STD	0.22404342130478017	0	8	0	0.8130631337374776	
60	0.7473714992321001	0.650423921638075	STD	0.27784076882814945	0	7	0	0.8639436426791595	
61	0.7721569420072685	0.624518859745052	STD	0.5974810432950373	0	11	0	0.9598589785123807	
62	0.8472347325369116	0.5978493123203564	STD	0.6471956419695724	0	8	0	0.9694198725580395	
63	0.6209223901931383	0.862215538216282	EXIT	0.5092407577001765	0	11	1986	0.9708838120934843	
64	0.6867054774731324	0.6640745017298447	EXIT	0.7636835175654866	0	8	0	0.7585057160343794	
65	0.7439150209175545	0.6185191430027415	EXIT	0.7433446415826981	0	8	0	0.9625567516512696	
66	0.8022264606500168	0.6031697550197176	EXIT	0.7954632177734811	0	7	0	0.886276780372175	
67	0.7063966504933027	0.6299630166307487	EXIT	0.8226022630751602	0	8	0	0.9728319547554628	
68	0.6461870198678478	0.09215924135885288	EXIT	0.997089012933952	0	16	834	0.8917832079018282	
69	0.6634258961832257	0.1619477070633198	EXIT	0.9229424034593794	0	16	2216	0.9419046395511479	
70	0.7037625067289622	0.06778424955955283	EXIT	0.6575225388876402	0	12	2	0.9722982183540612	
71	0.6987624479386872	0.18315924981954215	EXIT	0.13907032273480335	0	13	3	0.8738029912061124	
72	0.6538685441834395	0.0001945040314274314	STD	0.10168270413451941	0	11	0	0.8439988010731754	
73	0.559825411665789	0.03740877169667725	STD	0.8369546467658815	0	16	0	0.9590288352844795	
74	0.576153581988845	0.000263010258388662	STD	0.45427049628953275	0	16	0	0.9657489326776216	
75	0.6133145736295614	0.024517878037257763	STD	0.7744550296888313	0	17	0	0.9651913740577817	
76	0.6463688669273957	0.03557925245900701	STD	0.3079422202539557	0	16	0	0.8804632303776735	
77	0.6875197664588574	0.02368811010106969	STD	0.6734768616479032	0	13	0	0.9410072208365406	
78	0.7032177008976098	0.0027391257024041026	STD	0.03271609072021442	0	11	0	0.7702429168856844	
79	0.0	0.28464990390338163	ENTRY	0.0	0	3	1072	0.7632511912564531	
80	0.0	0.7949230598929509	ENTRY	0.0	2	3	1054	0.7592525020750385	
81	0.0	0.9038846666068234	ENTRY	0.0	2	3	1040	0.7542045800801124	
82	0.0	0.10131896774200921	ENTRY	0.0	0	3	1066	0.6874984318348336	
83	0.0	0.26857411114147145	ENTRY	0.0	0	3	1052	0.7639460824855273	
