n_interc	
0	
0	
0	
0	
0	
0	
0	
0	
0	
0	
0	
0	
0	
0	
0	
0	
0	
0	
0	
0	
0	
0	
0	
0	
0	
0	
0	
0	
0	
0	
0	
0	
0	
0	
0	
0	
0	
0	
0	
0	
0	
0	
0	
0	
0	
0	
0	
0	
0	
0	
0	
0	
0	
0	
0	
0	
0	
0	
0	
0	
0	
0	
0	
0	
1	
1	
1	
1	
1	
2	
2	
2	
2	
2	
2	
4	
4	
4	
4	
4	
4	
4	
4	
4	
4	
4	
6	
7	
7	
7	
7	
7	
7	
7	
7	
7	
7	
7	
7	
7	
69	
73	
74	
76	
78	
78	
79	
82	
82	
85	
86	
89	
91	
91	
93	
93	
98	
99	
101	
102	
103	
104	
107	
109	
112	
113	
114	
117	
119	
122	
123	
124	
126	
127	
129	
130	
132	
135	
136	
140	
142	
143	
145	
147	
150	
151	
151	
153	
154	
155	
157	
158	
160	
163	
164	
166	
168	
170	
171	
174	
175	
177	
179	
179	
182	
184	
185	
186	
187	
191	
195	
196	
197	
198	
201	
202	
203	
205	
208	
209	
211	
213	
217	
219	
222	
224	
225	
226	
228	
229	
232	
233	
235	
236	
237	
239	
241	
244	
245	
247	
539	
542	
548	
553	
560	
564	
566	
572	
576	
580	
583	
586	
591	
595	
599	
603	
608	
613	
616	
620	
624	
626	
631	
634	
637	
640	
646	
650	
653	
657	
660	
664	
666	
670	
673	
675	
680	
684	
685	
688	
692	
695	
699	
701	
704	
707	
709	
712	
718	
721	
724	
726	
731	
733	
736	
738	
740	
743	
746	
748	
749	
752	
753	
755	
756	
758	
759	
760	
760	
763	
766	
766	
768	
769	
771	
771	
774	
777	
778	
779	
780	
781	
782	
785	
787	
789	
790	
790	
791	
793	
794	
796	
796	
798	
798	
799	
800	
802	
802	
805	
3342	
3344	
3352	
3360	
3366	
3369	
3376	
3379	
3381	
3385	
3387	
3393	
3401	
3406	
3411	
3415	
3420	
3425	
3429	
3434	
3439	
3445	
3448	
3449	
3453	
3456	
3456	
3460	
3465	
3470	
3473	
3478	
3483	
3489	
3492	
3495	
3497	
3503	
3508	
3509	
3511	
3514	
3517	
3520	
3532	
3538	
3541	
3545	
3550	
3552	
3555	
3558	
3563	
3566	
3569	
3573	
3575	
3577	
3579	
3581	
3584	
3591	
3594	
3597	
3600	
3604	
3607	
3609	
3610	
3615	
3617	
3620	
3623	
3624	
3627	
3632	
3636	
3636	
3638	
3640	
3643	
3646	
3646	
3647	
3648	
3650	
3654	
3656	
3659	
3663	
3665	
3668	
3670	
3672	
3672	
3676	
3679	
3682	
3688	
3693	
3142	
3144	
3145	
3146	
3148	
3150	
3152	
3152	
3155	
3157	
3158	
3161	
3161	
3162	
3164	
3167	
3167	
3169	
3170	
3175	
3178	
3179	
3180	
3183	
3184	
3187	
3187	
3190	
3190	
3191	
3196	
3197	
3200	
3203	
3205	
3205	
3206	
3206	
3208	
3208	
3212	
3214	
3215	
3217	
3217	
3217	
3217	
3217	
3217	
3217	
3220	
3221	
3222	
3223	
3226	
3226	
3226	
3228	
3230	
3231	
3232	
3234	
3238	
3238	
3241	
3242	
3242	
3243	
3244	
3246	
3247	
3248	
3249	
3250	
3251	
3251	
3253	
3253	
3254	
3255	
3257	
3258	
3259	
3261	
3263	
3264	
3264	
3264	
3268	
3270	
3272	
3275	
3277	
3277	
3279	
3280	
3280	
3280	
3281	
3281	
