id	type	l1	l2	friction	risk	count	acc	
1	FAST	1	2	0.02151630826214646	0.0	2	61.56983048324574	
2	FAST	1	3	0.027987052819351734	0.0	2	47.00160710919778	
3	FAST	1	4	0.07302656972007415	0.0	0	16.459098732971697	
4	FAST	1	5	0.10800269310982086	0.0	5	9.584554521357415	
5	FAST	1	6	0.2005826597473596	0.0	2	5.312816679036396	
6	FAST	1	7	0.05791240055316788	0.0	1	25.886843344083168	
7	FAST	1	8	0.06855335822514483	0.0	2	18.373993737200326	
8	FAST	1	68	0.36490858423453987	0.048	4	5.414428715682009	
9	FAST	1	69	0.40115801759656244	0.048	4	3.4408830883387544	
10	FAST	1	70	0.423550267947518	0.048	1	3.208936115265189	
11	FAST	1	71	0.44235053412726005	0.048	1	2.207738405926287	
12	FAST	1	72	0.28733633203502157	0.0	0	5.26524824181198	
13	FAST	1	73	0.1906077266698771	0.0	0	18.56235056830311	
14	FAST	1	74	0.20210142113627694	0.0	0	10.584402095846846	
15	FAST	1	75	0.2630703980821981	0.0	0	8.376404803911656	
16	FAST	1	76	0.3008008736105855	0.0	0	6.212015321519754	
17	FAST	1	77	0.3450902934942693	0.0	0	3.9292293135323644	
18	FAST	1	78	0.36284036573475764	0.0	0	3.5265234998073103	
19	FAST	2	3	0.007516752227496343	0.0	0	185.60779038635042	
20	FAST	2	4	0.05255626523813813	0.0	0	24.35935114518368	
21	FAST	2	5	0.08753238084772358	0.0	7	12.49313636392338	
22	FAST	2	6	0.18130277439888826	0.0	8	5.857848680153034	
23	FAST	2	7	0.06458409111532147	0.0	2	23.44772365986392	
24	FAST	2	8	0.04808305763328943	0.0	1	26.862229316850488	
25	FAST	2	23	0.24993272053144797	0.0	14	4.783822566763884	
26	FAST	2	68	0.36470401260312413	0.048	2	4.9947945553135975	
27	FAST	2	69	0.391780317504476	0.048	11	4.3381081635292	
28	FAST	2	70	0.4257275325971185	0.048	7	2.777214762574958	
29	FAST	2	71	0.43263050137245695	0.048	3	2.6234218206296633	
30	FAST	2	72	0.3002858035948819	0.0	0	5.086402449922199	
31	FAST	2	73	0.2035572098999793	0.0	1	11.672093281571284	
32	FAST	2	74	0.21505090436637914	0.0	2	7.577621340871255	
33	FAST	2	75	0.2760198696420584	0.0	0	7.6737614354683386	
34	FAST	2	76	0.3137503451704458	0.0	0	5.735236683529623	
35	FAST	2	77	0.3580397650541296	0.0	0	3.9973855589269833	
36	FAST	3	4	0.04596140765847902	0.0	2	28.356919013150723	
37	FAST	3	5	0.08093752715814509	0.0	2	13.577242021981451	
38	FAST	3	6	0.18231210638901338	0.0	4	6.49144417662309	
39	FAST	3	7	0.06852057262560743	0.0	1	18.628546093377317	
40	FAST	3	8	0.04148820394371095	0.0	1	33.45261793835135	
41	FAST	3	23	0.253869190371492	0.0	0	4.506258321477226	
42	FAST	3	68	0.3624783762095865	0.048	3	5.585969171256154	
43	FAST	3	69	0.3866275625916361	0.048	5	4.816349940118819	
44	FAST	3	70	0.424054534998753	0.048	1	2.925375442926498	
45	FAST	3	71	0.42731742112785376	0.048	1	3.2564266423709594	
46	FAST	3	72	0.30422229677540974	0.0	0	4.944744980154027	
47	FAST	3	73	0.20749369141026527	0.0	0	13.512956188742152	
48	FAST	3	74	0.2189873742064232	0.0	0	8.191247593019206	
49	FAST	3	75	0.27995636282258624	0.0	0	6.9068766201246135	
50	FAST	3	76	0.3176868383509737	0.0	0	5.599603365646988	
51	FAST	3	77	0.36197625823465746	0.0	0	3.9755349515878042	
52	FAST	4	5	0.03612179881582182	0.0	1	38.44777725157344	
53	FAST	4	6	0.131309053093839	0.0	5	9.417775005934134	
54	FAST	4	7	0.11268187659387058	0.0	1	11.82871658827124	
55	FAST	4	8	0.007503043583361338	0.0	1	253.43466017480904	
56	FAST	4	9	0.19906910328632327	0.0	14	5.181844948531511	
57	FAST	4	23	0.20219244902298494	0.0	36	5.870800625878008	
58	FAST	4	24	0.1883962275027891	0.0	25	5.474916834557345	
59	FAST	4	68	0.38518730849483807	0.048	5	4.172820261965888	
60	FAST	4	69	0.38862564188147486	0.048	69	4.5791092483522595	
61	FAST	4	71	0.42626530464684514	0.048	2	2.987233018768187	
62	FAST	4	73	0.25165497981820595	0.0	1	6.835996170689913	
63	FAST	4	74	0.26314868595484764	0.0	0	5.244825004042597	
64	FAST	4	75	0.32411765123052694	0.0	0	4.98791347784997	
65	FAST	4	76	0.36184812675891437	0.0	0	3.7386494645466204	
66	FAST	5	6	0.09695465406038882	0.0	6	13.321353582486024	
67	FAST	5	7	0.1480079633072034	0.0	0	9.02211194724886	
68	FAST	5	8	0.04282913807685543	0.0	7	32.89272205207997	
69	FAST	5	9	0.1647147042528731	0.0	12	7.367856996201536	
70	FAST	5	10	0.20580158024837855	0.0	23	5.200352687214269	
71	FAST	5	11	0.315176425388388	0.0	15	4.170559323952859	
72	FAST	5	23	0.1678380499895348	0.0	30	6.0625518576004875	
73	FAST	5	24	0.1540418323594195	0.0	7	6.428526662905546	
74	FAST	5	25	0.21818540685428356	0.0	608	3.999465308040281	
75	FAST	5	68	0.41072317596004826	0.048	23	3.1973092958998572	
76	FAST	5	69	0.4016265693558544	0.048	633	3.48159806752477	
77	FAST	5	71	0.4354848530175842	0.048	16	3.100406045402054	
78	FAST	5	73	0.2869810937621032	0.0	3	4.584655994295058	
79	FAST	5	74	0.2984747765582611	0.0	2	4.077144076655157	
80	FAST	5	75	0.3594437418339404	0.0	0	3.857043535694124	
81	FAST	6	7	0.22348282140222536	0.0	4	4.5084967968825955	
82	FAST	6	8	0.1367366608602571	0.0	3	8.463243897052426	
83	FAST	6	9	0.07023925303818712	0.0	4	16.662253041019625	
84	FAST	6	10	0.11132612125353132	0.0	3	9.661356244524747	
85	FAST	6	11	0.2207009547232989	0.0	1	6.517424548605912	
86	FAST	6	12	0.25762382228263525	0.0	10	4.865124294439218	
87	FAST	6	23	0.1142018866986697	0.0	1	11.122285472425784	
88	FAST	6	24	0.1001154807239066	0.0	0	11.53966712610684	
89	FAST	6	25	0.16454923189317652	0.0	11	7.272257989012567	
90	FAST	6	26	0.15947391760864105	0.0	2	6.817423507138108	
91	FAST	7	8	0.10798518774699241	0.0	3	13.276875224100502	
92	FAST	7	23	0.2485729428477388	0.0	64	4.209565558084592	
93	FAST	7	24	0.2631165461086946	0.0	99	4.564463495045581	
94	FAST	7	68	0.40415430617655823	0.048	5	3.285457369036521	
95	FAST	7	69	0.4403988038214797	0.048	162	2.53089689622926	
96	FAST	7	72	0.25068690991330783	0.0	1	4.9598220151016505	
97	FAST	7	73	0.15395831621840525	0.0	0	12.601133341031016	
98	FAST	7	74	0.16545201068480506	0.0	1	8.844258899599165	
99	FAST	7	75	0.22642097596048436	0.0	0	6.769834048453745	
100	FAST	7	76	0.26415145148887176	0.0	0	5.6017556702920945	
101	FAST	8	9	0.20593583471103105	0.0	31	5.358041471893694	
102	FAST	8	23	0.20905918044769273	0.0	4	5.1976266761470145	
103	FAST	8	24	0.19526296281757746	0.0	18	5.796084061798989	
104	FAST	8	68	0.381788758681206	0.048	8	4.834826623572712	
105	FAST	8	69	0.3874760334580042	0.048	44	4.224269794886576	
106	FAST	8	71	0.4256121061407696	0.048	6	3.7923996149002446	
107	FAST	8	72	0.34401116178742613	0.0	0	3.173449087962212	
108	FAST	8	73	0.2472825797627654	0.0	0	7.169481599703403	
109	FAST	8	74	0.25877625866884274	0.0	1	5.123909813173273	
110	FAST	8	75	0.3197452278346027	0.0	0	5.2672390095876	
111	FAST	8	76	0.3574757033629901	0.0	0	4.32296216301565	
112	FAST	9	10	0.042910483552879006	0.0	0	29.18193613837647	
113	FAST	9	11	0.15228532869288847	0.0	0	12.598880452480794	
114	FAST	9	12	0.18920818458198294	0.0	1	7.769391552680116	
115	FAST	9	13	0.22995744825989792	0.0	0	5.058505957384815	
116	FAST	9	14	0.25331769753086336	0.0	1	4.451913500441116	
117	FAST	9	15	0.24757465090643752	0.0	1	4.4047962676549846	
118	FAST	9	23	0.17921559053844677	0.0	2	7.99689625736785	
119	FAST	9	24	0.16512918067360308	0.0	0	9.299039166214213	
120	FAST	9	25	0.17977600333395677	0.0	7	9.852865725953054	
121	FAST	9	26	0.09105827990798876	0.0	5	14.579701463289755	
122	FAST	9	27	0.17848346569391205	0.0	18	6.532307719361946	
123	FAST	9	29	0.1855811706559399	0.0	30	7.0044658172510585	
124	FAST	10	11	0.10937484514000945	0.0	0	12.32244885053615	
125	FAST	10	12	0.1462977010291039	0.0	0	9.312585502954553	
126	FAST	10	13	0.18704696470701887	0.0	1	5.806396861031361	
127	FAST	10	14	0.21040721786806496	0.0	1	5.153665191210858	
128	FAST	10	15	0.2046641673535585	0.0	1	5.297876899809383	
129	FAST	10	16	0.20323672949747695	0.0	0	4.351957630643159	
130	FAST	10	23	0.213153638132304	0.0	0	6.644965417190069	
131	FAST	10	24	0.199016878953885	0.0	0	7.2852972753889285	
132	FAST	10	25	0.13705416535107862	0.0	3	11.859173328007486	
133	FAST	10	26	0.04814779635510974	0.0	2	25.271931842972513	
134	FAST	10	27	0.1355729938112749	0.0	6	10.838546649642621	
135	FAST	10	29	0.14267068710306088	0.0	12	10.26464361432079	
136	FAST	11	12	0.0364924262477068	0.0	0	34.825457332364635	
137	FAST	11	13	0.07678160230952209	0.0	0	17.067996257562726	
138	FAST	11	14	0.1121667443368769	0.0	0	10.268916794297908	
139	FAST	11	15	0.13120902745063714	0.0	0	9.411832961684144	
140	FAST	11	16	0.21670056307836655	0.0	0	5.931921295561437	
141	FAST	11	24	0.31300570982660975	0.0	0	4.168890910653473	
142	FAST	11	25	0.2510430001138839	0.0	1	4.139713882573161	
143	FAST	11	26	0.0629029032998397	0.0	0	19.597087311404856	
144	FAST	11	27	0.15032809297584365	0.0	3	6.5234373496604805	
145	FAST	11	29	0.1574258018279521	0.0	12	6.446090295500132	
146	FAST	11	31	0.2612748846871239	0.0	0	4.332496634470407	
147	FAST	12	13	0.041186765485885346	0.0	6	30.669061588617488	
148	FAST	12	14	0.0765719114033208	0.0	2	14.620930099293371	
149	FAST	12	15	0.09561419451708102	0.0	0	13.116764936813723	
150	FAST	12	16	0.14372326122945295	0.0	2	9.070563434484608	
151	FAST	12	26	0.09403059326424705	0.0	1	14.225703334733891	
152	FAST	12	27	0.1814557907204122	0.0	6	7.189517335336517	
153	FAST	12	29	0.18855348401219818	0.0	3	5.32925719065362	
154	FAST	12	31	0.19481717124778766	0.0	0	5.288935310141071	
155	FAST	13	14	0.035643937421330284	0.0	1	35.65446413858565	
156	FAST	13	15	0.05468622442517113	0.0	1	24.435208710054496	
157	FAST	13	16	0.10279528335738179	0.0	0	11.7240989869897	
158	FAST	13	26	0.13496519205354798	0.0	3	9.326604259163325	
159	FAST	13	27	0.22239038950971318	0.0	8	5.560423255798536	
160	FAST	13	29	0.22948808669157972	0.0	2	5.599261390785203	
161	FAST	13	31	0.15388919337571655	0.0	0	7.846837733190768	
162	FAST	14	15	0.019130319528464904	0.0	2	73.54407779205309	
163	FAST	14	16	0.06723938624083681	0.0	1	17.6120330338673	
164	FAST	14	26	0.1630868027618412	0.0	1	7.814435773970475	
165	FAST	14	27	0.2503014029230186	0.0	3	5.669168804697775	
166	FAST	14	29	0.25739912344536897	0.0	1	5.016564137452029	
167	FAST	14	31	0.1183333001492522	0.0	0	9.762332671537562	
168	FAST	14	32	0.21194727355834295	0.0	1	4.98590134704014	
169	FAST	15	16	0.048585982817270716	0.0	1	31.173321678063775	
170	FAST	15	26	0.15747477794306555	0.0	0	7.131533211990894	
171	FAST	15	27	0.244689378104243	0.0	3	5.013869053019913	
172	FAST	15	29	0.25178707528610955	0.0	0	4.961243357738476	
173	FAST	15	31	0.09967989283560547	0.0	0	12.263495338159869	
174	FAST	15	32	0.1932938779149381	0.0	3	5.426977160681937	
175	FAST	16	26	0.15613073174541822	0.0	0	6.257016868004538	
176	FAST	16	27	0.24334533190659563	0.0	4	5.413678036416937	
177	FAST	16	29	0.250443052428946	0.0	0	5.029045648959906	
178	FAST	16	31	0.05291526521902438	0.0	0	24.167775213033163	
179	FAST	16	32	0.14652924640827636	0.0	0	7.608024666042337	
180	FAST	17	18	0.144492633596006	0.0	0	8.826859813157654	
181	FAST	17	19	0.20948451408345695	0.0	0	5.940421598779035	
182	FAST	17	20	0.22112509410431017	0.0	0	5.037420880115656	
183	FAST	17	21	0.2301959607734761	0.0	0	4.845497633099465	
184	FAST	18	19	0.06547912086633792	0.0	0	21.59933943376671	
185	FAST	18	20	0.07711971255743301	0.0	1	17.473731875130802	
186	FAST	18	21	0.08619056366627643	0.0	0	16.52128491333823	
187	FAST	18	22	0.11826343430116347	0.0	0	12.10670137253141	
188	FAST	18	23	0.2031332533527576	0.0	1	6.053594784649686	
189	FAST	18	24	0.21725088889480668	0.0	0	5.0691910507621545	
190	FAST	19	20	0.0557718564567446	0.0	1	20.67569796583117	
191	FAST	19	21	0.020826386902350846	0.0	1	63.490898944225414	
192	FAST	19	22	0.052899253647157266	0.0	0	22.820456205162674	
193	FAST	19	23	0.18178540114214978	0.0	1	6.287381796227267	
194	FAST	19	24	0.19590302501395698	0.0	1	4.44165039077424	
195	FAST	19	25	0.25918542512951476	0.0	4	4.811155447509302	
196	FAST	20	21	0.051960300995763854	0.0	2	24.064493236068095	
197	FAST	20	22	0.057609725049702395	0.0	0	23.878258080668402	
198	FAST	20	23	0.12831906321120456	0.0	1	9.953429881424913	
199	FAST	20	24	0.14243669875325368	0.0	0	8.676850025426159	
200	FAST	20	25	0.20571908719856957	0.0	1	6.326475594355397	
201	FAST	21	22	0.03241731782414188	0.0	0	41.79544337372531	
202	FAST	21	23	0.177942145414127	0.0	2	6.151044736939288	
203	FAST	21	24	0.1920597848462567	0.0	1	6.245333411693491	
204	FAST	21	25	0.25534216940149196	0.0	4	5.1441552992067665	
205	FAST	22	23	0.18354915202889183	0.0	121	7.0642274643134035	
206	FAST	22	24	0.19766678757094094	0.0	119	6.60873121217864	
207	FAST	22	25	0.2609491876864987	0.0	107	5.665247911118211	
208	FAST	23	24	0.014785710209034767	0.0	0	87.33554303723201	
209	FAST	23	25	0.07806810643451191	0.0	19	16.305117052987615	
210	FAST	23	26	0.26582657077857297	0.0	0	4.710582204937844	
211	FAST	24	25	0.06401010971857911	0.0	15	19.61233007041668	
212	FAST	24	26	0.25176857017255955	0.0	1	5.173634554035593	
213	FAST	24	27	0.3391937559584829	0.0	12	3.0872992979720224	
214	FAST	25	26	0.1896613206239994	0.0	7	6.345934559264688	
215	FAST	25	27	0.2770865064099227	0.0	11	6.438486184066731	
216	FAST	25	29	0.28418422304219243	0.0	4	5.964738274291345	
217	FAST	25	30	0.4521379951502652	0.0	564	3.1322986906325236	
218	FAST	26	27	0.08793642018212716	0.0	5	12.110413164979802	
219	FAST	26	29	0.09503412125407436	0.0	3	11.797961509101166	
220	FAST	26	31	0.2001531209344359	0.0	0	4.680577041303752	
221	FAST	27	29	0.009295402123045745	0.0	1	155.42244133963126	
222	FAST	27	30	0.1772491897914411	0.0	75	5.996301028544191	
223	FAST	27	31	0.28774323446876776	0.0	4	4.247457061405998	
224	FAST	28	30	0.15944353607893208	0.0	480	8.391641456111723	
225	FAST	29	30	0.16795380711879848	0.0	61	6.252475667149527	
226	FAST	29	31	0.2954023675373496	0.0	0	4.232970819313305	
227	FAST	31	32	0.09361397729917137	0.0	2	13.985347366993532	
228	FAST	31	33	0.20448155529861253	0.0	2	4.616888712297409	
229	FAST	32	33	0.11533800808672107	0.0	0	10.476335452214311	
230	FAST	32	34	0.21282922874836685	0.0	4	4.841681527401213	
231	FAST	32	35	0.1856925008734483	0.0	0	5.55931142354199	
232	FAST	33	34	0.09994297898851423	0.0	0	11.824253989880107	
233	FAST	33	35	0.08939985684434527	0.0	0	15.774577608626112	
234	FAST	33	36	0.23577195177538954	0.0	0	4.51108160438779	
235	FAST	33	43	0.21187265792180676	0.0	0	5.135766300928954	
236	FAST	33	44	0.23313834384937832	0.0	2	4.977654512307009	
237	FAST	34	35	0.07425086367565223	0.0	13	17.252468540519043	
238	FAST	34	36	0.22119958914834686	0.0	1730	3.479484543008552	
239	FAST	34	40	0.21309968660406667	0.0	192	4.450004273487176	
240	FAST	34	41	0.19701331626663482	0.0	13	5.206437042080619	
241	FAST	34	42	0.19652467156864095	0.0	114	8.042788553279285	
242	FAST	34	43	0.11495453171851999	0.0	0	11.542365326005296	
243	FAST	34	44	0.1362202176460916	0.0	0	10.699550499264456	
244	FAST	34	45	0.17083477360173724	0.0	0	8.308114049182896	
245	FAST	34	46	0.1415772009986984	0.0	0	8.871238291703472	
246	FAST	34	47	0.2729031837234328	0.0	0	4.871578993992616	
247	FAST	34	48	0.30365908701192784	0.0	0	3.8752313053036804	
248	FAST	34	49	0.2550983585980977	0.0	0	5.159910569387373	
249	FAST	34	63	0.41350450727089905	0.048	2060	2.3015837207294734	
250	FAST	35	36	0.15314777123847956	0.0	1	8.996992488038048	
251	FAST	35	37	0.18349454307702828	0.0	576	4.71210183632087	
252	FAST	35	40	0.18010409662424917	0.0	0	5.946348053480422	
253	FAST	35	41	0.1906017709564348	0.0	0	7.034302571125751	
254	FAST	35	42	0.2441990567814982	0.0	0	6.352062458147836	
255	FAST	35	43	0.16262891693137727	0.0	144	6.85759021208911	
256	FAST	35	44	0.18389460285894885	0.0	405	5.992813028429579	
257	FAST	35	45	0.21850915881459448	0.0	11	4.635109633621877	
258	FAST	35	46	0.18925158232147501	0.0	0	5.220331762665381	
259	FAST	36	37	0.03814278128412667	0.0	265	30.596802632040724	
260	FAST	36	38	0.11676273844668511	0.0	622	9.252981583640102	
261	FAST	36	39	0.19725989680743664	0.0	853	4.562447688310022	
262	FAST	36	40	0.1635373363399172	0.0	0	10.079613514612639	
263	FAST	36	41	0.3269651669101407	0.0	0	6.3358810193894515	
264	FAST	36	42	0.39092006082427827	0.0	0	4.179814612984831	
265	FAST	37	38	0.08093381602122546	0.0	0	17.63418016631266	
266	FAST	37	39	0.15061684588073954	0.0	0	5.587130542710527	
267	FAST	37	40	0.14019839693063493	0.0	104	10.625707725938586	
268	FAST	37	41	0.3579232571393046	0.0	7	5.737802942421015	
269	FAST	37	42	0.4218781277129583	0.0	163	3.0873403628566605	
270	FAST	38	39	0.08372419808664779	0.0	0	11.467756971825741	
271	FAST	38	40	0.11208962348841593	0.0	51	12.198718850992307	
272	FAST	38	41	0.40779445257479646	0.0	14	4.324239102950622	
273	FAST	38	42	0.46110764581155694	0.0	776	2.1140549953880714	
274	FAST	39	40	0.19341849275779302	0.0	346	5.360846527912274	
275	FAST	39	41	0.48912332573425416	0.0	168	2.5855570852958234	
276	FAST	40	41	0.2986730228472532	0.0	0	27.05544352507018	
277	FAST	40	42	0.3519861888534493	0.0	0	6.992479549299765	
278	FAST	40	43	0.30170619262486453	0.0	307	4.148666484951152	
279	FAST	41	42	0.25357444285234754	0.0	0	12.356176283129509	
280	FAST	41	43	0.20648708636666077	0.0	91	4.944821937849281	
281	FAST	41	44	0.22937622353302517	0.0	85	3.8087293257898986	
282	FAST	41	46	0.2310540153081182	0.0	0	5.136711477307651	
283	FAST	42	43	0.11780820928584947	0.0	650	8.987981925358978	
284	FAST	42	44	0.13084020112608316	0.0	136	11.063373154333028	
285	FAST	42	45	0.16679591294946913	0.0	21	6.850157206662265	
286	FAST	42	46	0.1325179929011762	0.0	0	10.947876710685959	
287	FAST	42	47	0.24937123796376515	0.0	17	3.9739758273839123	
288	FAST	42	49	0.20710935144416465	0.0	0	4.799962420026466	
289	FAST	43	44	0.023101644490940768	0.0	0	58.37780096955528	
290	FAST	43	45	0.05771618877634452	0.0	0	22.755358814098827	
291	FAST	43	46	0.0288340089539606	0.0	0	51.60935649328561	
292	FAST	43	47	0.159784610568282	0.0	0	9.224677985200987	
293	FAST	43	48	0.19054051385677703	0.0	0	7.19926401322653	
294	FAST	43	49	0.14197978544294687	0.0	0	9.495409221693663	
295	FAST	43	63	0.3923885515678148	0.048	1186	3.2946341714515577	
296	FAST	44	45	0.03650977211722949	0.0	0	40.28252306366761	
297	FAST	44	46	0.02575993886862073	0.0	0	60.14071389441471	
298	FAST	44	47	0.14086488833480484	0.0	0	11.32416190623966	
299	FAST	44	48	0.171620779953058	0.0	0	8.167057294079266	
300	FAST	44	49	0.12306006320946969	0.0	0	11.839963307058515	
301	FAST	44	50	0.2795338767258421	0.0	0	4.670221404687893	
302	FAST	44	54	0.4062621031342436	0.0	0	3.2202996696050348	
303	FAST	44	63	0.3774616757931424	0.048	628	4.327379387438164	
304	FAST	45	46	0.05900224943214269	0.0	0	24.755592725156394	
305	FAST	45	47	0.11029916330807826	0.0	0	23.584429458680656	
306	FAST	45	48	0.1410550549263314	0.0	0	14.368417580309464	
307	FAST	45	49	0.07388850655518356	0.0	0	19.3775236599422	
308	FAST	45	50	0.2303623317417979	0.0	0	5.817266516488391	
309	FAST	45	52	0.29512067512879453	0.0	0	3.6794060108028206	
310	FAST	45	53	0.3237251926661545	0.0	0	4.3149781475035	
311	FAST	45	54	0.3570905581501994	0.0	0	5.572108214993365	
312	FAST	45	56	0.4526480314016355	0.0	0	3.1456673658301337	
313	FAST	45	63	0.3512879165346726	0.048	32	6.047654401464331	
314	FAST	46	47	0.15177768484110474	0.0	0	9.973010472561564	
315	FAST	46	48	0.1825335725692773	0.0	0	7.883816731062421	
316	FAST	46	49	0.1095157983215043	0.0	0	12.916781375962335	
317	FAST	47	48	0.033308403033401005	0.0	0	43.48764696951405	
318	FAST	47	49	0.04335293354340888	0.0	0	36.1223261011161	
319	FAST	47	50	0.13698732987579948	0.0	0	9.624064798986831	
320	FAST	47	51	0.1911754722673719	0.0	0	6.093147621955523	
321	FAST	47	52	0.21128708019471065	0.0	0	6.006036577310304	
322	FAST	47	53	0.2398915977320707	0.0	0	6.837969041043981	
323	FAST	47	54	0.2732569865565993	0.0	0	5.861660707527664	
324	FAST	47	56	0.3688144364675517	0.0	0	3.680361131580519	
325	FAST	47	63	0.32931771848225994	0.048	17	8.787754760988793	
326	FAST	48	49	0.07429681330803665	0.0	0	26.03860796587725	
327	FAST	48	50	0.10466340899746844	0.0	0	14.335618973515524	
328	FAST	48	51	0.15885155138904086	0.0	0	7.0963341123849	
329	FAST	48	52	0.17896317098662154	0.0	0	7.443791436028361	
330	FAST	48	53	0.2075677001942234	0.0	0	7.709351516028063	
331	FAST	48	54	0.2409330695683489	0.0	0	8.334649436517026	
332	FAST	48	55	0.31065396158262065	0.0	0	3.7399289398207105	
333	FAST	48	56	0.33649051558922066	0.0	0	5.170356196243523	
334	FAST	48	63	0.33176830010421277	0.048	0	7.730888644866055	
335	FAST	49	50	0.1566683642287674	0.0	0	7.789700065964828	
336	FAST	49	51	0.1845573986865216	0.0	0	5.799864156881596	
337	FAST	49	52	0.22142669594552217	0.0	0	5.669720951489885	
338	FAST	49	53	0.25003121348288215	0.0	0	5.965667099089411	
339	FAST	49	54	0.28339660619749146	0.0	0	5.831681599958354	
340	FAST	50	51	0.08115968188268026	0.0	0	19.266241876709383	
341	FAST	50	52	0.07399500529255132	0.0	0	26.31035292646104	
342	FAST	50	53	0.10259952671999197	0.0	0	17.999713169716454	
343	FAST	50	54	0.13596489609411744	0.0	0	11.939352300087661	
344	FAST	50	55	0.20568579977863108	0.0	0	5.760321872326903	
345	FAST	50	56	0.2315223537852311	0.0	0	5.33527307349456	
346	FAST	50	57	0.28310399822269255	0.0	0	3.717613749975074	
347	FAST	51	52	0.0866936794642085	0.0	0	14.641737709435404	
348	FAST	51	53	0.1152981970015685	0.0	0	9.23034541605512	
349	FAST	51	54	0.14866356637569397	0.0	0	7.623736040101908	
350	FAST	51	55	0.21838445838996573	0.0	0	5.272205254383825	
351	FAST	51	56	0.2442210123965657	0.0	0	3.9049797955585643	
352	FAST	52	53	0.027119747672974932	0.0	0	42.23658705890132	
353	FAST	52	54	0.06466182659652175	0.0	0	19.961649611437306	
354	FAST	52	55	0.13438272639095475	0.0	0	8.810754167687515	
355	FAST	52	56	0.16021928039755476	0.0	0	7.754485990847977	
356	FAST	52	57	0.2118009365052582	0.0	0	5.212491276524192	
357	FAST	53	54	0.03255763303241363	0.0	0	37.51875054403394	
358	FAST	53	55	0.1392847375834884	0.0	0	11.023135767274328	
359	FAST	53	56	0.12811509072352725	0.0	0	10.027775177397796	
360	FAST	53	57	0.1796967429411501	0.0	0	6.469896231735406	
361	FAST	53	58	0.2558494359154547	0.0	0	3.4186369023589367	
362	FAST	53	63	0.337184139804537	0.048	0	7.724438869989919	
363	FAST	54	55	0.09882882488577224	0.0	0	11.1192795638037	
364	FAST	54	56	0.09594506921502285	0.0	0	14.163382945153414	
365	FAST	54	57	0.14752673699296817	0.0	0	7.984352304648026	
366	FAST	54	58	0.2236794182970309	0.0	0	4.70042024525108	
367	FAST	54	59	0.23363279643775064	0.0	0	4.530420806895828	
368	FAST	54	63	0.31193667033525635	0.048	0	10.606128888548454	
369	FAST	55	56	0.10245118238530287	0.0	0	16.420456712682665	
370	FAST	55	57	0.11688081406400345	0.0	0	14.029817426082955	
371	FAST	55	58	0.19303349536806622	0.0	0	6.095607212003969	
372	FAST	55	59	0.15404239253103003	0.0	0	7.987587481588979	
373	FAST	55	60	0.199998124561872	0.0	0	5.684997481853842	
374	FAST	55	61	0.21647929140213404	0.0	0	4.170838970871384	
375	FAST	56	57	0.051750960196819136	0.0	0	24.29091823057106	
376	FAST	56	58	0.12790363761080126	0.0	0	9.284478275959867	
377	FAST	56	59	0.1378570196416016	0.0	0	8.311264369365011	
378	FAST	56	60	0.1863277627103322	0.0	0	5.778965216435103	
379	FAST	56	61	0.2295672264918869	0.0	0	4.62658726044097	
380	FAST	56	63	0.3399620284812417	0.048	0	7.036691643928826	
381	FAST	56	64	0.38634472259083835	0.048	0	4.644356359142658	
382	FAST	56	65	0.43919115018064	0.048	0	2.6738524930768612	
383	FAST	56	67	0.42103726473208475	0.048	0	2.503232073334893	
384	FAST	57	58	0.07675344979601327	0.0	0	19.930186496822635	
385	FAST	57	59	0.08670683571689426	0.0	0	14.163628523197167	
386	FAST	57	60	0.13517757878562484	0.0	0	8.210217450163011	
387	FAST	57	61	0.17841704256717958	0.0	0	6.3294245891123895	
388	FAST	57	63	0.384340773682992	0.048	0	4.351968541783876	
389	FAST	57	64	0.3412958770645092	0.048	0	7.448406374142431	
390	FAST	57	65	0.38984504348251814	0.048	0	3.8504997804696974	
391	FAST	57	66	0.42780336506585737	0.048	0	2.714946734559222	
392	FAST	57	67	0.37333280038000694	0.048	0	4.541718012209165	
393	FAST	58	59	0.07200593315564248	0.0	0	22.573131791590978	
394	FAST	58	60	0.08743951295287825	0.0	0	16.452197513513948	
395	FAST	58	61	0.1310579211587018	0.0	0	10.312249699731135	
396	FAST	58	62	0.255370979338627	0.0	0	4.4296759861023505	
397	FAST	58	63	0.42867785119451274	0.048	0	2.990638548607281	
398	FAST	58	64	0.2815888030664809	0.048	0	24.157941512423548	
399	FAST	58	65	0.3403573143357273	0.048	0	6.8253373653794895	
400	FAST	58	66	0.39043847436779794	0.048	0	3.5977090170574124	
401	FAST	58	67	0.31576294598180515	0.048	0	9.136306469725332	
402	FAST	59	60	0.049577043098683535	0.0	0	25.821401572781006	
403	FAST	59	61	0.09281650299015765	0.0	0	14.405769284703354	
404	FAST	59	62	0.19190307683821625	0.0	0	6.276130288555663	
405	FAST	60	61	0.04366750880351709	0.0	0	32.61946931744071	
406	FAST	60	62	0.16798056309336168	0.0	0	8.351658195537373	
407	FAST	61	62	0.1284738884202208	0.0	0	12.108825452981996	
408	FAST	61	64	0.34189073151411264	0.048	0	7.202455284128469	
409	FAST	61	65	0.27660027650124386	0.048	0	25.34716433386558	
410	FAST	61	66	0.2846057362515169	0.048	0	17.73317444351201	
411	FAST	61	67	0.313713359586781	0.048	0	11.328982450295879	
412	FAST	62	64	0.4213812504185731	0.048	0	3.1362225500963135	
413	FAST	62	65	0.3530950978131749	0.048	0	6.511914253207761	
414	FAST	62	66	0.29304974429611425	0.048	0	16.187538971180988	
415	FAST	62	67	0.39218104977363377	0.048	0	3.728203909309306	
416	FAST	64	65	0.3208596406357785	0.048	0	10.576697933536394	
417	FAST	64	66	0.37832092189058875	0.048	0	4.693605955310267	
418	FAST	64	67	0.28711509697401516	0.048	0	18.871065541872486	
419	FAST	65	66	0.30802592284334046	0.048	0	11.220774922402589	
420	FAST	65	67	0.2869529669048198	0.048	0	20.32569429949753	
421	FAST	66	67	0.34723302916346765	0.048	0	7.320823017288717	
422	FAST	68	69	0.31961417983176404	0.048	0	9.616750900997731	
423	FAST	68	70	0.31025070892562745	0.048	0	12.428087487699411	
424	FAST	68	71	0.35282413558903386	0.048	0	5.9257556952993875	
425	FAST	68	73	0.3499823949333256	0.048	2	6.917683931315019	
426	FAST	68	74	0.36326856556838494	0.048	1	5.781696989031463	
427	FAST	68	75	0.32293415966345773	0.048	0	9.170072160033241	
428	FAST	68	76	0.3043083788413486	0.048	0	12.446261139959466	
429	FAST	68	77	0.3277074185209801	0.048	0	8.198824822468374	
430	FAST	68	78	0.3537868345681008	0.048	0	6.609154771605009	
431	FAST	69	70	0.35016734253612003	0.048	0	6.920754234506589	
432	FAST	69	71	0.2889421904033205	0.048	0	19.193564477229337	
433	FAST	69	73	0.409725032299345	0.048	4	3.274983456864143	
434	FAST	69	74	0.43146268347934347	0.048	2	2.5652670230629195	
435	FAST	69	75	0.3940090006189977	0.048	0	3.791678298968221	
436	FAST	69	76	0.375242522649161	0.048	0	4.831686244038028	
437	FAST	69	77	0.3880713581061336	0.048	0	4.146061270229216	
438	FAST	69	78	0.4118340394161036	0.048	0	3.01554345851559	
439	FAST	70	71	0.36321139206122	0.048	0	6.022694760796688	
440	FAST	70	73	0.39483539525942135	0.048	0	4.111005975351827	
441	FAST	70	74	0.39209968574495196	0.048	2	3.9930887079635142	
442	FAST	70	75	0.3479917875872324	0.048	1	6.838872468937475	
443	FAST	70	76	0.3135398879049619	0.048	0	11.256496751360348	
444	FAST	70	77	0.29472060910445375	0.048	0	16.185789120553743	
445	FAST	70	78	0.31277550312885255	0.048	0	11.027573739591466	
446	FAST	71	75	0.4279180643201304	0.048	0	3.1264643486189456	
447	FAST	71	76	0.404332513209376	0.048	0	3.4748856023647416	
448	FAST	71	77	0.40759504955365466	0.048	0	3.5218385485325476	
449	FAST	71	78	0.4282032219443983	0.048	0	2.7159544366417143	
450	FAST	72	73	0.14025606737595317	0.0	0	10.634825072275266	
451	FAST	72	74	0.08725546934826098	0.0	0	13.039262623677912	
452	FAST	72	75	0.06345545813248002	0.0	1	23.175456952088584	
453	FAST	72	76	0.04017865109099696	0.0	0	33.38577262959735	
454	FAST	72	77	0.04570755266690181	0.0	0	29.835689860825642	
455	FAST	72	78	0.06345764046771263	0.0	0	24.56567584067591	
456	FAST	73	74	0.05432577344421043	0.0	1	29.536299678749078	
457	FAST	73	75	0.11529474650005098	0.0	0	20.399158044663015	
458	FAST	73	76	0.1530252220284384	0.0	0	12.791911100342494	
459	FAST	73	77	0.19731463802204155	0.0	0	7.392586507465889	
460	FAST	73	78	0.21506473749309424	0.0	0	6.5566263396766225	
461	FAST	74	75	0.0623156956289603	0.0	0	26.571210762279183	
462	FAST	74	76	0.10004617115734774	0.0	0	14.624865836100666	
463	FAST	74	77	0.14433558326087026	0.0	0	9.161887071294865	
464	FAST	74	78	0.16208567884184233	0.0	0	7.698833282898392	
465	FAST	75	76	0.042285826075788555	0.0	0	31.76691242580728	
466	FAST	75	77	0.087860882596482	0.0	0	13.645302228150436	
467	FAST	75	78	0.10561097428737345	0.0	0	10.576982315657853	
468	FAST	76	77	0.06410468924890102	0.0	0	25.6245350797965	
469	FAST	76	78	0.08185477704971184	0.0	0	15.593435564541918	
470	FAST	77	78	0.02740920468246461	0.0	0	43.242756859563244	
471	FAST	39	79	0.2142716534437855	0.0	353	2.9730876809802464	
472	FAST	38	79	0.3076612752351027	0.0	385	1.382535883154281	
473	FAST	37	79	0.41360088756967334	0.0	285	1.1444467206769955	
474	FAST	28	80	0.19648365772960455	0.0	426	3.640472738204851	
475	FAST	30	80	0.3045202418497536	0.0	349	2.790299401313552	
476	FAST	22	80	0.3398666319716365	0.0	354	1.5998896045472768	
477	FAST	39	81	0.19506244354383168	0.0	334	3.0104339395786806	
478	FAST	38	81	0.2429404452758521	0.0	382	1.6897321446969793	
479	FAST	37	81	0.3623482154325279	0.0	291	1.2172016336221567	
480	FAST	39	82	0.18522017544550815	0.0	345	2.899920178307176	
481	FAST	38	82	0.31851837402039707	0.0	374	1.357434848572966	
482	FAST	37	82	0.3087198768439339	0.0	271	1.332375173840365	
483	FAST	39	83	0.20045861613998228	0.0	361	3.063418391109003	
484	FAST	38	83	0.2648894669236325	0.0	369	1.64660215658306	
485	FAST	37	83	0.38444164893037625	0.0	285	1.0469925108300424	
