n_interc	
0	
0	
0	
0	
0	
0	
0	
0	
0	
0	
0	
0	
0	
0	
0	
0	
0	
0	
0	
0	
0	
0	
0	
0	
0	
0	
0	
0	
0	
0	
0	
0	
0	
0	
0	
0	
0	
0	
0	
0	
0	
0	
0	
0	
0	
0	
0	
0	
0	
0	
0	
0	
0	
0	
0	
0	
0	
0	
1	
1	
1	
1	
1	
1	
1	
1	
1	
1	
1	
1	
1	
1	
1	
1	
1	
1	
2	
2	
3	
3	
3	
3	
3	
3	
3	
4	
4	
4	
4	
5	
5	
5	
5	
5	
5	
5	
6	
7	
7	
7	
65	
66	
68	
70	
72	
73	
73	
74	
76	
79	
79	
81	
84	
84	
86	
88	
90	
92	
94	
96	
97	
98	
100	
102	
104	
107	
109	
110	
112	
113	
113	
116	
117	
121	
122	
124	
125	
127	
127	
130	
131	
132	
134	
134	
137	
139	
140	
142	
143	
146	
147	
149	
150	
151	
154	
155	
158	
158	
160	
163	
164	
166	
168	
172	
172	
173	
175	
176	
179	
180	
182	
183	
185	
187	
188	
189	
191	
194	
196	
197	
199	
199	
202	
204	
206	
209	
211	
212	
213	
215	
216	
218	
221	
222	
223	
226	
227	
229	
230	
234	
513	
516	
520	
523	
530	
533	
535	
539	
543	
548	
552	
555	
559	
563	
567	
570	
573	
576	
579	
583	
587	
590	
593	
599	
603	
606	
610	
614	
618	
621	
626	
629	
633	
638	
644	
648	
651	
654	
658	
664	
666	
670	
674	
676	
680	
683	
686	
688	
690	
693	
696	
698	
700	
703	
706	
709	
711	
712	
714	
717	
719	
722	
724	
726	
729	
731	
733	
735	
736	
739	
739	
741	
743	
744	
745	
746	
747	
748	
749	
750	
752	
752	
754	
754	
754	
755	
756	
758	
759	
761	
762	
764	
765	
766	
767	
767	
769	
770	
771	
771	
3194	
3197	
3201	
3205	
3207	
3214	
3219	
3224	
3228	
3233	
3237	
3241	
3245	
3251	
3255	
3258	
3261	
3265	
3268	
3275	
3279	
3284	
3285	
3287	
3289	
3292	
3297	
3299	
3306	
3308	
3311	
3315	
3318	
3322	
3325	
3329	
3333	
3336	
3341	
3344	
3349	
3353	
3356	
3358	
3359	
3363	
3365	
3369	
3374	
3378	
3381	
3384	
3388	
3393	
3398	
3399	
3401	
3406	
3410	
3413	
3415	
3420	
3424	
3427	
3431	
3432	
3433	
3437	
3441	
3443	
3448	
3450	
3454	
3456	
3457	
3458	
3459	
3460	
3463	
3464	
3466	
3468	
3473	
3474	
3477	
3478	
3480	
3483	
3486	
3488	
3490	
3493	
3496	
3497	
3499	
3499	
3501	
3503	
3504	
3505	
2987	
2989	
2991	
2991	
2992	
2995	
2996	
2998	
3000	
3002	
3004	
3006	
3009	
3011	
3014	
3016	
3019	
3021	
3022	
3023	
3023	
3024	
3026	
3026	
3027	
3027	
3027	
3028	
3029	
3031	
3032	
3033	
3035	
3038	
3040	
3041	
3043	
3045	
3045	
3046	
3047	
3049	
3051	
3053	
3056	
3057	
3058	
3060	
3060	
3060	
3062	
3064	
3067	
3071	
3071	
3073	
3074	
3075	
3075	
3076	
3076	
3079	
3082	
3082	
3083	
3086	
3086	
3087	
3090	
3091	
3093	
3095	
3096	
3097	
3099	
3101	
3102	
3103	
3105	
3106	
3108	
3110	
3112	
3113	
3114	
3116	
3116	
3116	
3119	
3121	
3123	
3125	
3126	
3127	
3128	
3130	
3131	
3133	
3135	
3135	
