n_interc	
0	
0	
0	
0	
0	
0	
0	
0	
0	
0	
0	
0	
0	
0	
0	
0	
0	
0	
0	
0	
0	
0	
0	
0	
0	
0	
0	
0	
0	
0	
0	
0	
0	
0	
0	
0	
0	
0	
0	
0	
0	
0	
0	
0	
0	
0	
0	
0	
0	
0	
0	
0	
0	
1	
1	
1	
1	
1	
1	
1	
1	
1	
2	
2	
2	
2	
2	
2	
2	
3	
3	
3	
3	
3	
3	
3	
3	
3	
3	
4	
4	
5	
5	
5	
5	
5	
6	
7	
7	
7	
7	
7	
7	
7	
7	
7	
7	
8	
9	
9	
76	
77	
80	
81	
83	
86	
88	
89	
91	
92	
95	
97	
99	
101	
104	
105	
107	
108	
111	
112	
112	
115	
117	
118	
120	
122	
124	
126	
129	
129	
132	
134	
137	
139	
141	
143	
145	
147	
148	
149	
152	
153	
154	
157	
160	
162	
165	
165	
167	
170	
173	
173	
174	
175	
177	
178	
180	
181	
182	
184	
186	
188	
190	
193	
195	
196	
198	
200	
202	
204	
207	
208	
210	
212	
212	
214	
216	
218	
220	
221	
225	
225	
228	
230	
232	
233	
235	
236	
238	
241	
241	
243	
245	
246	
248	
250	
252	
254	
255	
256	
562	
565	
569	
572	
577	
581	
586	
589	
593	
596	
602	
605	
608	
610	
616	
619	
622	
626	
629	
633	
636	
639	
643	
646	
649	
653	
656	
659	
662	
667	
671	
675	
681	
685	
688	
689	
693	
696	
698	
700	
705	
708	
710	
716	
718	
721	
723	
726	
727	
732	
735	
735	
738	
741	
744	
747	
749	
751	
754	
756	
757	
759	
761	
762	
764	
767	
770	
771	
772	
776	
777	
779	
779	
782	
784	
785	
787	
787	
790	
791	
791	
792	
792	
796	
796	
796	
798	
798	
799	
800	
802	
804	
805	
807	
807	
809	
810	
810	
811	
812	
3366	
3367	
3374	
3380	
3383	
3385	
3391	
3396	
3403	
3406	
3410	
3415	
3419	
3423	
3426	
3432	
3433	
3439	
3443	
3447	
3450	
3453	
3459	
3461	
3463	
3467	
3471	
3473	
3478	
3483	
3485	
3487	
3493	
3498	
3501	
3504	
3507	
3509	
3518	
3519	
3526	
3530	
3537	
3539	
3544	
3546	
3552	
3555	
3560	
3564	
3567	
3571	
3574	
3578	
3581	
3583	
3586	
3586	
3588	
3588	
3592	
3597	
3599	
3601	
3602	
3606	
3611	
3613	
3616	
3618	
3622	
3624	
3627	
3628	
3632	
3634	
3636	
3641	
3643	
3647	
3648	
3650	
3654	
3659	
3664	
3666	
3667	
3672	
3673	
3676	
3676	
3678	
3679	
3682	
3684	
3687	
3689	
3691	
3692	
3693	
3145	
3148	
3150	
3152	
3155	
3157	
3161	
3164	
3165	
3165	
3168	
3169	
3169	
3171	
3174	
3177	
3179	
3181	
3181	
3183	
3186	
3188	
3190	
3191	
3194	
3197	
3198	
3198	
3200	
3201	
3203	
3205	
3206	
3208	
3213	
3213	
3216	
3218	
3220	
3220	
3222	
3224	
3225	
3227	
3229	
3230	
3231	
3234	
3234	
3236	
3238	
3239	
3239	
3239	
3243	
3245	
3249	
3249	
3250	
3251	
3254	
3255	
3255	
3256	
3257	
3258	
3261	
3262	
3262	
3263	
3266	
3268	
3268	
3268	
3268	
3269	
3271	
3272	
3273	
3274	
3277	
3279	
3280	
3281	
3283	
3285	
3285	
3286	
3286	
3286	
3287	
3290	
3292	
3295	
3296	
3297	
3298	
3298	
3303	
3303	
