id	type	l1	l2	friction	risk	count	acc	
1	FAST	1	2	0.02151630826214646	0.0	0	71.4789625731707	
2	FAST	1	3	0.027987052819351734	0.0	0	53.45233298750936	
3	FAST	1	4	0.07302656972007415	0.0	0	19.220636039826918	
4	FAST	1	5	0.10800269310982086	0.0	0	12.746801400957875	
5	FAST	1	6	0.2005826597473596	0.0	0	6.588287147215385	
6	FAST	1	7	0.05791240055316788	0.0	0	34.83611695785371	
7	FAST	1	8	0.06855335822514483	0.0	0	21.647349428060874	
8	FAST	1	68	0.36490858423453987	0.048	0	7.7230651621598225	
9	FAST	1	69	0.40115801759656244	0.048	0	5.458343081607079	
10	FAST	1	70	0.423550267947518	0.048	0	4.286910720633889	
11	FAST	1	71	0.44235053412726005	0.048	0	4.057950719891007	
12	FAST	1	72	0.28733633203502157	0.0	0	6.673181259589548	
13	FAST	1	73	0.1906077266698771	0.0	0	19.925072987254396	
14	FAST	1	74	0.20210142113627694	0.0	0	11.75911395835301	
15	FAST	1	75	0.2630703980821981	0.0	0	9.790704658160875	
16	FAST	1	76	0.3008008736105855	0.0	0	7.774552639661546	
17	FAST	1	77	0.3450902934942693	0.0	0	5.56190472959163	
18	FAST	1	78	0.36284036573475764	0.0	0	4.534679139959186	
19	FAST	2	3	0.007516752227496343	0.0	0	215.359882945944	
20	FAST	2	4	0.05255626523813813	0.0	0	29.757461193631016	
21	FAST	2	5	0.08753238084772358	0.0	0	16.354222124619806	
22	FAST	2	6	0.18130277439888826	0.0	0	7.660786207849925	
23	FAST	2	7	0.06458409111532147	0.0	0	27.24850283301692	
24	FAST	2	8	0.04808305763328943	0.0	0	31.526348467294348	
25	FAST	2	23	0.24993272053144797	0.0	6	5.244130491439839	
26	FAST	2	68	0.36470401260312413	0.048	6	7.584023222068952	
27	FAST	2	69	0.391780317504476	0.048	0	5.9697137408356005	
28	FAST	2	70	0.4257275325971185	0.048	0	4.494122497214502	
29	FAST	2	71	0.43263050137245695	0.048	0	4.398047035791407	
30	FAST	2	72	0.3002858035948819	0.0	0	6.190967753776392	
31	FAST	2	73	0.2035572098999793	0.0	0	14.68181778267988	
32	FAST	2	74	0.21505090436637914	0.0	0	9.229159258163874	
33	FAST	2	75	0.2760198696420584	0.0	0	8.707134757171882	
34	FAST	2	76	0.3137503451704458	0.0	0	7.2102895928558395	
35	FAST	2	77	0.3580397650541296	0.0	0	5.029704746864829	
36	FAST	3	4	0.04596140765847902	0.0	0	32.79384537731108	
37	FAST	3	5	0.08093752715814509	0.0	0	17.967098324425884	
38	FAST	3	6	0.18231210638901338	0.0	0	7.822356166520219	
39	FAST	3	7	0.06852057262560743	0.0	0	22.65678885767339	
40	FAST	3	8	0.04148820394371095	0.0	0	37.09616286559972	
41	FAST	3	23	0.253869190371492	0.0	29	5.225592755265526	
42	FAST	3	68	0.3624783762095865	0.048	27	7.6854648283776825	
43	FAST	3	69	0.3866275625916361	0.048	0	6.334708092963859	
44	FAST	3	70	0.424054534998753	0.048	2	4.49676787097453	
45	FAST	3	71	0.42731742112785376	0.048	0	4.483790685077438	
46	FAST	3	72	0.30422229677540974	0.0	0	5.88795960811125	
47	FAST	3	73	0.20749369141026527	0.0	0	13.731200575102031	
48	FAST	3	74	0.2189873742064232	0.0	0	9.107842269421768	
49	FAST	3	75	0.27995636282258624	0.0	0	8.917850382734882	
50	FAST	3	76	0.3176868383509737	0.0	0	7.043354694061539	
51	FAST	3	77	0.36197625823465746	0.0	0	4.86501900492704	
52	FAST	4	5	0.03612179881582182	0.0	0	42.896826056564684	
53	FAST	4	6	0.131309053093839	0.0	0	11.67133914957086	
54	FAST	4	7	0.11268187659387058	0.0	0	14.850824762032534	
55	FAST	4	8	0.007503043583361338	0.0	0	292.10751401624765	
56	FAST	4	9	0.19906910328632327	0.0	1	6.610452918430026	
57	FAST	4	23	0.20219244902298494	0.0	2	6.365342510080005	
58	FAST	4	24	0.1883962275027891	0.0	2	6.6835997317263205	
59	FAST	4	68	0.38518730849483807	0.048	5	6.514779800659326	
60	FAST	4	69	0.38862564188147486	0.048	0	6.247953349384735	
61	FAST	4	71	0.42626530464684514	0.048	0	4.746786120897501	
62	FAST	4	73	0.25165497981820595	0.0	0	8.562862249966747	
63	FAST	4	74	0.26314868595484764	0.0	0	6.380092788650023	
64	FAST	4	75	0.32411765123052694	0.0	0	5.7616477804474915	
65	FAST	4	76	0.36184812675891437	0.0	0	5.216382665309132	
66	FAST	5	6	0.09695465406038882	0.0	0	16.81849023594988	
67	FAST	5	7	0.1480079633072034	0.0	0	11.096555706859355	
68	FAST	5	8	0.04282913807685543	0.0	0	36.83497273266831	
69	FAST	5	9	0.1647147042528731	0.0	0	8.372355781635246	
70	FAST	5	10	0.20580158024837855	0.0	15	5.694327037238164	
71	FAST	5	11	0.315176425388388	0.0	1	5.076447438520155	
72	FAST	5	23	0.1678380499895348	0.0	0	8.08921537555546	
73	FAST	5	24	0.1540418323594195	0.0	1	8.092487608692439	
74	FAST	5	25	0.21818540685428356	0.0	1761	3.8704374950523803	
75	FAST	5	68	0.41072317596004826	0.048	1773	3.0215573047373887	
76	FAST	5	69	0.4016265693558544	0.048	0	5.726490590548045	
77	FAST	5	71	0.4354848530175842	0.048	0	4.026315771772939	
78	FAST	5	73	0.2869810937621032	0.0	0	6.158946500892406	
79	FAST	5	74	0.2984747765582611	0.0	0	4.999258233062856	
80	FAST	5	75	0.3594437418339404	0.0	0	4.350906506027291	
81	FAST	6	7	0.22348282140222536	0.0	0	6.138327682526876	
82	FAST	6	8	0.1367366608602571	0.0	0	11.01240255758775	
83	FAST	6	9	0.07023925303818712	0.0	0	19.774641517673352	
84	FAST	6	10	0.11132612125353132	0.0	0	11.718008084471075	
85	FAST	6	11	0.2207009547232989	0.0	0	8.281133786919561	
86	FAST	6	12	0.25762382228263525	0.0	0	6.26720088549353	
87	FAST	6	23	0.1142018866986697	0.0	0	12.227187964959612	
88	FAST	6	24	0.1001154807239066	0.0	0	13.985752838071864	
89	FAST	6	25	0.16454923189317652	0.0	0	9.109769175393323	
90	FAST	6	26	0.15947391760864105	0.0	0	8.011734878679462	
91	FAST	7	8	0.10798518774699241	0.0	0	15.91896988293653	
92	FAST	7	23	0.2485729428477388	0.0	2076	3.518542199382333	
93	FAST	7	24	0.2631165461086946	0.0	164	5.357298194834174	
94	FAST	7	68	0.40415430617655823	0.048	2233	2.1380348327139207	
95	FAST	7	69	0.4403988038214797	0.048	3	4.185315416789549	
96	FAST	7	72	0.25068690991330783	0.0	0	5.509943807788245	
97	FAST	7	73	0.15395831621840525	0.0	0	14.517084172158988	
98	FAST	7	74	0.16545201068480506	0.0	0	9.942265797320776	
99	FAST	7	75	0.22642097596048436	0.0	0	8.012541362676671	
100	FAST	7	76	0.26415145148887176	0.0	0	6.344909537951228	
101	FAST	8	9	0.20593583471103105	0.0	2	5.763941192599241	
102	FAST	8	23	0.20905918044769273	0.0	69	6.376054367939929	
103	FAST	8	24	0.19526296281757746	0.0	33	6.015849046467523	
104	FAST	8	68	0.381788758681206	0.048	102	6.6129534237097065	
105	FAST	8	69	0.3874760334580042	0.048	2	5.70955274504369	
106	FAST	8	71	0.4256121061407696	0.048	0	4.539781988249751	
107	FAST	8	72	0.34401116178742613	0.0	0	4.352400489649364	
108	FAST	8	73	0.2472825797627654	0.0	0	8.764374340006091	
109	FAST	8	74	0.25877625866884274	0.0	0	6.3265201143240795	
110	FAST	8	75	0.3197452278346027	0.0	0	6.517060042560219	
111	FAST	8	76	0.3574757033629901	0.0	0	5.339548714279985	
112	FAST	9	10	0.042910483552879006	0.0	0	36.15537642934883	
113	FAST	9	11	0.15228532869288847	0.0	0	13.05679949857077	
114	FAST	9	12	0.18920818458198294	0.0	0	8.560725218686175	
115	FAST	9	13	0.22995744825989792	0.0	0	6.605204745409248	
116	FAST	9	14	0.25331769753086336	0.0	0	5.164462195990973	
117	FAST	9	15	0.24757465090643752	0.0	0	5.194813211028378	
118	FAST	9	23	0.17921559053844677	0.0	0	10.017475576231003	
119	FAST	9	24	0.16512918067360308	0.0	0	11.147609701273028	
120	FAST	9	25	0.17977600333395677	0.0	0	12.17920313276856	
121	FAST	9	26	0.09105827990798876	0.0	0	17.629425038290535	
122	FAST	9	27	0.17848346569391205	0.0	0	9.531291395502327	
123	FAST	9	29	0.1855811706559399	0.0	3	7.917504036827173	
124	FAST	10	11	0.10937484514000945	0.0	0	14.223923145314817	
125	FAST	10	12	0.1462977010291039	0.0	0	10.659804781435703	
126	FAST	10	13	0.18704696470701887	0.0	0	7.702461139537573	
127	FAST	10	14	0.21040721786806496	0.0	0	6.482158237311416	
128	FAST	10	15	0.2046641673535585	0.0	0	6.4123457619417135	
129	FAST	10	16	0.20323672949747695	0.0	0	5.216765617093941	
130	FAST	10	23	0.213153638132304	0.0	0	8.144604765546667	
131	FAST	10	24	0.199016878953885	0.0	0	9.159538845731454	
132	FAST	10	25	0.13705416535107862	0.0	0	12.473319244596253	
133	FAST	10	26	0.04814779635510974	0.0	0	30.41970350827466	
134	FAST	10	27	0.1355729938112749	0.0	0	13.489039505096336	
135	FAST	10	29	0.14267068710306088	0.0	15	12.2047738787747	
136	FAST	11	12	0.0364924262477068	0.0	0	42.809998921905084	
137	FAST	11	13	0.07678160230952209	0.0	0	18.529378874972725	
138	FAST	11	14	0.1121667443368769	0.0	0	11.57178787511836	
139	FAST	11	15	0.13120902745063714	0.0	0	10.718430927410195	
140	FAST	11	16	0.21670056307836655	0.0	0	7.673288839502225	
141	FAST	11	24	0.31300570982660975	0.0	0	4.665346445226092	
142	FAST	11	25	0.2510430001138839	0.0	0	5.155839303052816	
143	FAST	11	26	0.0629029032998397	0.0	0	21.748269314965	
144	FAST	11	27	0.15032809297584365	0.0	0	8.198567110421079	
145	FAST	11	29	0.1574258018279521	0.0	1	8.104189223744632	
146	FAST	11	31	0.2612748846871239	0.0	0	5.674478377161284	
147	FAST	12	13	0.041186765485885346	0.0	0	40.0412799511298	
148	FAST	12	14	0.0765719114033208	0.0	0	19.44198952184805	
149	FAST	12	15	0.09561419451708102	0.0	0	15.285422185933704	
150	FAST	12	16	0.14372326122945295	0.0	0	9.707767134141175	
151	FAST	12	26	0.09403059326424705	0.0	0	15.415241359380405	
152	FAST	12	27	0.1814557907204122	0.0	0	7.1199760200501885	
153	FAST	12	29	0.18855348401219818	0.0	0	7.2918985267455065	
154	FAST	12	31	0.19481717124778766	0.0	0	6.942625748206443	
155	FAST	13	14	0.035643937421330284	0.0	0	42.3522964615556	
156	FAST	13	15	0.05468622442517113	0.0	0	27.658654164395042	
157	FAST	13	16	0.10279528335738179	0.0	0	15.234676317295659	
158	FAST	13	26	0.13496519205354798	0.0	0	11.212295736954479	
159	FAST	13	27	0.22239038950971318	0.0	0	6.812712719497373	
160	FAST	13	29	0.22948808669157972	0.0	0	6.584763944003654	
161	FAST	13	31	0.15388919337571655	0.0	0	8.718982144343052	
162	FAST	14	15	0.019130319528464904	0.0	0	80.78221197757024	
163	FAST	14	16	0.06723938624083681	0.0	0	23.895262650421188	
164	FAST	14	26	0.1630868027618412	0.0	0	8.908895020634834	
165	FAST	14	27	0.2503014029230186	0.0	0	6.050336060345392	
166	FAST	14	29	0.25739912344536897	0.0	0	6.219083855038252	
167	FAST	14	31	0.1183333001492522	0.0	0	11.564863988121797	
168	FAST	14	32	0.21194727355834295	0.0	0	6.026494123541006	
169	FAST	15	16	0.048585982817270716	0.0	0	32.59527090564842	
170	FAST	15	26	0.15747477794306555	0.0	0	8.877335183770686	
171	FAST	15	27	0.244689378104243	0.0	0	6.381123627922205	
172	FAST	15	29	0.25178707528610955	0.0	0	5.971526670738223	
173	FAST	15	31	0.09967989283560547	0.0	0	13.713081893192998	
174	FAST	15	32	0.1932938779149381	0.0	0	6.416917395799926	
175	FAST	16	26	0.15613073174541822	0.0	0	7.4419866935109145	
176	FAST	16	27	0.24334533190659563	0.0	0	6.249987384017085	
177	FAST	16	29	0.250443052428946	0.0	0	6.166285915127024	
178	FAST	16	31	0.05291526521902438	0.0	0	28.227560355595223	
179	FAST	16	32	0.14652924640827636	0.0	0	9.353529576081934	
180	FAST	17	18	0.144492633596006	0.0	73	9.954509994083411	
181	FAST	17	19	0.20948451408345695	0.0	21	7.374565394240253	
182	FAST	17	20	0.22112509410431017	0.0	53	5.410618311790371	
183	FAST	17	21	0.2301959607734761	0.0	1	6.383472252784051	
184	FAST	18	19	0.06547912086633792	0.0	0	23.783733531515796	
185	FAST	18	20	0.07711971255743301	0.0	0	20.922982448528465	
186	FAST	18	21	0.08619056366627643	0.0	0	18.93965062465379	
187	FAST	18	22	0.11826343430116347	0.0	0	13.935294785346187	
188	FAST	18	23	0.2031332533527576	0.0	67	6.8915275560558085	
189	FAST	18	24	0.21725088889480668	0.0	6	6.3394504954419615	
190	FAST	19	20	0.0557718564567446	0.0	5	25.120962525397484	
191	FAST	19	21	0.020826386902350846	0.0	6	74.58969062194456	
192	FAST	19	22	0.052899253647157266	0.0	0	28.549930290384893	
193	FAST	19	23	0.18178540114214978	0.0	1383	5.925895407161476	
194	FAST	19	24	0.19590302501395698	0.0	91	6.623608197804973	
195	FAST	19	25	0.25918542512951476	0.0	365	5.095346623624801	
196	FAST	20	21	0.051960300995763854	0.0	3	27.490648235121146	
197	FAST	20	22	0.057609725049702395	0.0	0	28.684965897176735	
198	FAST	20	23	0.12831906321120456	0.0	39	12.004220057532232	
199	FAST	20	24	0.14243669875325368	0.0	1	11.234990310090774	
200	FAST	20	25	0.20571908719856957	0.0	19	8.075411661155329	
201	FAST	21	22	0.03241731782414188	0.0	1	48.115310577211005	
202	FAST	21	23	0.177942145414127	0.0	722	6.964031962404773	
203	FAST	21	24	0.1920597848462567	0.0	100	6.775296917357256	
204	FAST	21	25	0.25534216940149196	0.0	377	5.521577256143084	
205	FAST	22	23	0.18354915202889183	0.0	0	8.787863932769291	
206	FAST	22	24	0.19766678757094094	0.0	1	7.55177754569276	
207	FAST	22	25	0.2609491876864987	0.0	0	7.4357823406712615	
208	FAST	23	24	0.014785710209034767	0.0	0	98.0388425192591	
209	FAST	23	25	0.07806810643451191	0.0	0	19.521266689342443	
210	FAST	23	26	0.26582657077857297	0.0	0	5.914506870190682	
211	FAST	24	25	0.06401010971857911	0.0	0	21.72835103141729	
212	FAST	24	26	0.25176857017255955	0.0	0	5.99941127239491	
213	FAST	24	27	0.3391937559584829	0.0	1	4.744847889579306	
214	FAST	25	26	0.1896613206239994	0.0	0	8.545832442989704	
215	FAST	25	27	0.2770865064099227	0.0	2	6.928239182977351	
216	FAST	25	29	0.28418422304219243	0.0	690	5.346446830012866	
217	FAST	25	30	0.4521379951502652	0.0	324	4.222960259977361	
218	FAST	26	27	0.08793642018212716	0.0	0	15.438460703726252	
219	FAST	26	29	0.09503412125407436	0.0	0	14.222332251892846	
220	FAST	26	31	0.2001531209344359	0.0	0	5.851701263558187	
221	FAST	27	29	0.009295402123045745	0.0	0	173.51616236601825	
222	FAST	27	30	0.1772491897914411	0.0	3	7.956877825992398	
223	FAST	27	31	0.28774323446876776	0.0	0	5.846751599334915	
224	FAST	28	30	0.15944353607893208	0.0	30	10.399682774294122	
225	FAST	29	30	0.16795380711879848	0.0	2	7.722274039322677	
226	FAST	29	31	0.2954023675373496	0.0	0	5.6752741116435805	
227	FAST	31	32	0.09361397729917137	0.0	0	14.860861136241565	
228	FAST	31	33	0.20448155529861253	0.0	0	5.84747669656115	
229	FAST	32	33	0.11533800808672107	0.0	0	11.896002023521927	
230	FAST	32	34	0.21282922874836685	0.0	0	6.048843550397854	
231	FAST	32	35	0.1856925008734483	0.0	0	6.9395560990742515	
232	FAST	33	34	0.09994297898851423	0.0	0	14.663018158783451	
233	FAST	33	35	0.08939985684434527	0.0	0	17.997168904118656	
234	FAST	33	36	0.23577195177538954	0.0	0	5.905890086925837	
235	FAST	33	43	0.21187265792180676	0.0	0	6.763460624477135	
236	FAST	33	44	0.23313834384937832	0.0	0	5.520049101456029	
237	FAST	34	35	0.07425086367565223	0.0	0	20.455745280438894	
238	FAST	34	36	0.22119958914834686	0.0	11	5.772605686467417	
239	FAST	34	40	0.21309968660406667	0.0	419	4.871961804904028	
240	FAST	34	41	0.19701331626663482	0.0	8	6.805900830518572	
241	FAST	34	42	0.19652467156864095	0.0	0	9.235365769439838	
242	FAST	34	43	0.11495453171851999	0.0	0	14.14902129583624	
243	FAST	34	44	0.1362202176460916	0.0	0	12.27668548644921	
244	FAST	34	45	0.17083477360173724	0.0	1	8.678383938145554	
245	FAST	34	46	0.1415772009986984	0.0	0	10.76591769312287	
246	FAST	34	47	0.2729031837234328	0.0	0	6.29762559530554	
247	FAST	34	48	0.30365908701192784	0.0	1	4.8773028328109715	
248	FAST	34	49	0.2550983585980977	0.0	0	5.603004379956747	
249	FAST	34	63	0.41350450727089905	0.048	433	4.639420352620999	
250	FAST	35	36	0.15314777123847956	0.0	3	8.712560698311234	
251	FAST	35	37	0.18349454307702828	0.0	0	7.641462928529917	
252	FAST	35	40	0.18010409662424917	0.0	11	7.102804921540078	
253	FAST	35	41	0.1906017709564348	0.0	0	7.258990234957817	
254	FAST	35	42	0.2441990567814982	0.0	0	7.421470961801527	
255	FAST	35	43	0.16262891693137727	0.0	0	7.878708322077106	
256	FAST	35	44	0.18389460285894885	0.0	3	6.86919872188888	
257	FAST	35	45	0.21850915881459448	0.0	11	5.412194885348944	
258	FAST	35	46	0.18925158232147501	0.0	0	6.575610472249477	
259	FAST	36	37	0.03814278128412667	0.0	0	41.94617760033579	
260	FAST	36	38	0.11676273844668511	0.0	2	14.487683793948875	
261	FAST	36	39	0.19725989680743664	0.0	12	7.245815023494972	
262	FAST	36	40	0.1635373363399172	0.0	0	11.905869821693642	
263	FAST	36	41	0.3269651669101407	0.0	0	8.822776761867194	
264	FAST	36	42	0.39092006082427827	0.0	0	5.3309353018291255	
265	FAST	37	38	0.08093381602122546	0.0	0	26.12679427231483	
266	FAST	37	39	0.15061684588073954	0.0	0	9.587870634181842	
267	FAST	37	40	0.14019839693063493	0.0	0	14.220982799726874	
268	FAST	37	41	0.3579232571393046	0.0	0	9.459363062357932	
269	FAST	37	42	0.4218781277129583	0.0	0	5.233040627129281	
270	FAST	38	39	0.08372419808664779	0.0	2	17.75505073026933	
271	FAST	38	40	0.11208962348841593	0.0	0	15.416832852103003	
272	FAST	38	41	0.40779445257479646	0.0	108	8.186363046678084	
273	FAST	38	42	0.46110764581155694	0.0	36	4.463335918087857	
274	FAST	39	40	0.19341849275779302	0.0	20	7.524698218423199	
275	FAST	39	41	0.48912332573425416	0.0	56	4.590495552605587	
276	FAST	40	41	0.2986730228472532	0.0	5	34.5883373523856	
277	FAST	40	42	0.3519861888534493	0.0	4	8.529148606936568	
278	FAST	40	43	0.30170619262486453	0.0	410	4.46047159266857	
279	FAST	41	42	0.25357444285234754	0.0	1	13.972930549933986	
280	FAST	41	43	0.20648708636666077	0.0	12	5.990705885381276	
281	FAST	41	44	0.22937622353302517	0.0	146	5.23943960774636	
282	FAST	41	46	0.2310540153081182	0.0	0	6.080782118909999	
283	FAST	42	43	0.11780820928584947	0.0	0	13.790713688721842	
284	FAST	42	44	0.13084020112608316	0.0	18	10.076962409192241	
285	FAST	42	45	0.16679591294946913	0.0	22	8.071754771089362	
286	FAST	42	46	0.1325179929011762	0.0	0	12.491672450519225	
287	FAST	42	47	0.24937123796376515	0.0	0	5.1768350664389295	
288	FAST	42	49	0.20710935144416465	0.0	0	5.73920494481084	
289	FAST	43	44	0.023101644490940768	0.0	0	71.9850225183763	
290	FAST	43	45	0.05771618877634452	0.0	0	25.90013794502805	
291	FAST	43	46	0.0288340089539606	0.0	0	58.24344591509517	
292	FAST	43	47	0.159784610568282	0.0	0	11.575581984100484	
293	FAST	43	48	0.19054051385677703	0.0	0	8.399890467887213	
294	FAST	43	49	0.14197978544294687	0.0	0	11.776358285970506	
295	FAST	43	63	0.3923885515678148	0.048	407	5.535798785259213	
296	FAST	44	45	0.03650977211722949	0.0	0	42.82559088607843	
297	FAST	44	46	0.02575993886862073	0.0	0	67.27359292441638	
298	FAST	44	47	0.14086488833480484	0.0	0	14.262107269629901	
299	FAST	44	48	0.171620779953058	0.0	0	10.913270135162712	
300	FAST	44	49	0.12306006320946969	0.0	0	14.43487011144862	
301	FAST	44	50	0.2795338767258421	0.0	0	5.246407615284879	
302	FAST	44	54	0.4062621031342436	0.0	0	4.212765307856672	
303	FAST	44	63	0.3774616757931424	0.048	165	6.337769800835037	
304	FAST	45	46	0.05900224943214269	0.0	0	28.496682373664044	
305	FAST	45	47	0.11029916330807826	0.0	0	25.22331931641585	
306	FAST	45	48	0.1410550549263314	0.0	0	16.102098145492125	
307	FAST	45	49	0.07388850655518356	0.0	0	22.88781643891161	
308	FAST	45	50	0.2303623317417979	0.0	0	6.789654618469543	
309	FAST	45	52	0.29512067512879453	0.0	0	5.230030695521958	
310	FAST	45	53	0.3237251926661545	0.0	0	5.311105031536417	
311	FAST	45	54	0.3570905581501994	0.0	0	6.068634809113417	
312	FAST	45	56	0.4526480314016355	0.0	0	4.372498747931811	
313	FAST	45	63	0.3512879165346726	0.048	34	9.064970726252769	
314	FAST	46	47	0.15177768484110474	0.0	0	12.664788027347493	
315	FAST	46	48	0.1825335725692773	0.0	0	10.112359311879068	
316	FAST	46	49	0.1095157983215043	0.0	0	14.63596521496614	
317	FAST	47	48	0.033308403033401005	0.0	0	50.354796458314816	
318	FAST	47	49	0.04335293354340888	0.0	0	40.41256021837755	
319	FAST	47	50	0.13698732987579948	0.0	0	11.92363142232452	
320	FAST	47	51	0.1911754722673719	0.0	0	7.2983672813017675	
321	FAST	47	52	0.21128708019471065	0.0	0	8.418007592231021	
322	FAST	47	53	0.2398915977320707	0.0	0	8.11229238211251	
323	FAST	47	54	0.2732569865565993	0.0	0	8.83288384691347	
324	FAST	47	56	0.3688144364675517	0.0	0	5.254418061717944	
325	FAST	47	63	0.32931771848225994	0.048	0	11.93544968935749	
326	FAST	48	49	0.07429681330803665	0.0	0	30.32718079209123	
327	FAST	48	50	0.10466340899746844	0.0	0	16.06160567831648	
328	FAST	48	51	0.15885155138904086	0.0	0	8.507765914037748	
329	FAST	48	52	0.17896317098662154	0.0	0	9.939485878018274	
330	FAST	48	53	0.2075677001942234	0.0	0	10.865983253682135	
331	FAST	48	54	0.2409330695683489	0.0	0	9.908845538441266	
332	FAST	48	55	0.31065396158262065	0.0	0	4.834925589462463	
333	FAST	48	56	0.33649051558922066	0.0	0	5.475689398573451	
334	FAST	48	63	0.33176830010421277	0.048	1	11.561912425106105	
335	FAST	49	50	0.1566683642287674	0.0	0	10.102631096570876	
336	FAST	49	51	0.1845573986865216	0.0	0	6.7593538982035035	
337	FAST	49	52	0.22142669594552217	0.0	0	6.449779729365151	
338	FAST	49	53	0.25003121348288215	0.0	0	6.605279853940195	
339	FAST	49	54	0.28339660619749146	0.0	0	7.11844654858854	
340	FAST	50	51	0.08115968188268026	0.0	0	21.649697239986036	
341	FAST	50	52	0.07399500529255132	0.0	0	28.728688707235253	
342	FAST	50	53	0.10259952671999197	0.0	0	21.38779520758107	
343	FAST	50	54	0.13596489609411744	0.0	0	15.02547863077236	
344	FAST	50	55	0.20568579977863108	0.0	0	7.220833193645526	
345	FAST	50	56	0.2315223537852311	0.0	0	6.592952142038251	
346	FAST	50	57	0.28310399822269255	0.0	0	4.745602725707295	
347	FAST	51	52	0.0866936794642085	0.0	0	16.179218973006286	
348	FAST	51	53	0.1152981970015685	0.0	0	11.880470711090027	
349	FAST	51	54	0.14866356637569397	0.0	0	8.851907096230255	
350	FAST	51	55	0.21838445838996573	0.0	0	5.645751544943726	
351	FAST	51	56	0.2442210123965657	0.0	0	4.886971595054913	
352	FAST	52	53	0.027119747672974932	0.0	0	49.954430997506186	
353	FAST	52	54	0.06466182659652175	0.0	0	22.895037200699836	
354	FAST	52	55	0.13438272639095475	0.0	0	10.569075871468316	
355	FAST	52	56	0.16021928039755476	0.0	0	9.393737818254047	
356	FAST	52	57	0.2118009365052582	0.0	0	6.094704316956176	
357	FAST	53	54	0.03255763303241363	0.0	0	42.787223795102236	
358	FAST	53	55	0.1392847375834884	0.0	0	13.234480854212581	
359	FAST	53	56	0.12811509072352725	0.0	0	12.920376878404984	
360	FAST	53	57	0.1796967429411501	0.0	0	7.557858412256158	
361	FAST	53	58	0.2558494359154547	0.0	0	4.793937666533909	
362	FAST	53	63	0.337184139804537	0.048	0	11.539245824322725	
363	FAST	54	55	0.09882882488577224	0.0	0	15.337339089674922	
364	FAST	54	56	0.09594506921502285	0.0	0	17.737588150278082	
365	FAST	54	57	0.14752673699296817	0.0	0	9.373701504139738	
366	FAST	54	58	0.2236794182970309	0.0	0	5.670174586273934	
367	FAST	54	59	0.23363279643775064	0.0	0	5.585039383205908	
368	FAST	54	63	0.31193667033525635	0.048	0	15.655597526818923	
369	FAST	55	56	0.10245118238530287	0.0	0	21.167802130020384	
370	FAST	55	57	0.11688081406400345	0.0	0	15.817222908389633	
371	FAST	55	58	0.19303349536806622	0.0	0	8.4519179988392	
372	FAST	55	59	0.15404239253103003	0.0	0	9.247618632662633	
373	FAST	55	60	0.199998124561872	0.0	0	6.02086109345879	
374	FAST	55	61	0.21647929140213404	0.0	0	5.137420538561716	
375	FAST	56	57	0.051750960196819136	0.0	0	26.384042396563128	
376	FAST	56	58	0.12790363761080126	0.0	0	11.37913269452924	
377	FAST	56	59	0.1378570196416016	0.0	0	9.895688268726333	
378	FAST	56	60	0.1863277627103322	0.0	0	6.9534777495657165	
379	FAST	56	61	0.2295672264918869	0.0	0	4.965611356078272	
380	FAST	56	63	0.3399620284812417	0.048	0	10.501801482255898	
381	FAST	56	64	0.38634472259083835	0.048	0	6.3849982628514885	
382	FAST	56	65	0.43919115018064	0.048	0	4.200822085266329	
383	FAST	56	67	0.42103726473208475	0.048	0	4.641459721313973	
384	FAST	57	58	0.07675344979601327	0.0	0	21.8467960916813	
385	FAST	57	59	0.08670683571689426	0.0	0	17.275706248060633	
386	FAST	57	60	0.13517757878562484	0.0	0	10.11878339724465	
387	FAST	57	61	0.17841704256717958	0.0	0	7.333323434492063	
388	FAST	57	63	0.384340773682992	0.048	0	6.269191801498856	
389	FAST	57	64	0.3412958770645092	0.048	0	10.03588495163226	
390	FAST	57	65	0.38984504348251814	0.048	0	6.6971164196115245	
391	FAST	57	66	0.42780336506585737	0.048	0	4.47979089109581	
392	FAST	57	67	0.37333280038000694	0.048	0	7.549261732573287	
393	FAST	58	59	0.07200593315564248	0.0	0	27.392281243741564	
394	FAST	58	60	0.08743951295287825	0.0	0	19.028071534925818	
395	FAST	58	61	0.1310579211587018	0.0	0	10.793845217544408	
396	FAST	58	62	0.255370979338627	0.0	0	5.827352323273683	
397	FAST	58	63	0.42867785119451274	0.048	0	4.316627390341088	
398	FAST	58	64	0.2815888030664809	0.048	0	33.093001924031626	
399	FAST	58	65	0.3403573143357273	0.048	0	10.843747817417022	
400	FAST	58	66	0.39043847436779794	0.048	0	5.709621853110066	
401	FAST	58	67	0.31576294598180515	0.048	0	15.051669873403386	
402	FAST	59	60	0.049577043098683535	0.0	0	28.55733524494429	
403	FAST	59	61	0.09281650299015765	0.0	0	16.653501059199254	
404	FAST	59	62	0.19190307683821625	0.0	0	7.391921826647847	
405	FAST	60	61	0.04366750880351709	0.0	0	37.75737373215756	
406	FAST	60	62	0.16798056309336168	0.0	0	10.323545465494623	
407	FAST	61	62	0.1284738884202208	0.0	0	15.381385895045518	
408	FAST	61	64	0.34189073151411264	0.048	0	10.869066670206875	
409	FAST	61	65	0.27660027650124386	0.048	0	37.95678313879142	
410	FAST	61	66	0.2846057362515169	0.048	0	30.053430627838075	
411	FAST	61	67	0.313713359586781	0.048	0	14.971326619025405	
412	FAST	62	64	0.4213812504185731	0.048	0	4.764689247076952	
413	FAST	62	65	0.3530950978131749	0.048	0	9.658310460800527	
414	FAST	62	66	0.29304974429611425	0.048	0	22.53276476412693	
415	FAST	62	67	0.39218104977363377	0.048	0	5.985597663224146	
416	FAST	64	65	0.3208596406357785	0.048	0	12.940242503320542	
417	FAST	64	66	0.37832092189058875	0.048	0	6.631384881994479	
418	FAST	64	67	0.28711509697401516	0.048	0	28.40225821067666	
419	FAST	65	66	0.30802592284334046	0.048	0	17.993807411742523	
420	FAST	65	67	0.2869529669048198	0.048	0	26.53014547329331	
421	FAST	66	67	0.34723302916346765	0.048	0	9.423513573437104	
422	FAST	68	69	0.31961417983176404	0.048	0	14.467741317621579	
423	FAST	68	70	0.31025070892562745	0.048	0	16.15614301939151	
424	FAST	68	71	0.35282413558903386	0.048	0	9.216315323581393	
425	FAST	68	73	0.3499823949333256	0.048	0	8.798207212989091	
426	FAST	68	74	0.36326856556838494	0.048	0	8.254774531518146	
427	FAST	68	75	0.32293415966345773	0.048	0	12.527029324225282	
428	FAST	68	76	0.3043083788413486	0.048	0	17.19179954885528	
429	FAST	68	77	0.3277074185209801	0.048	0	11.848503905051968	
430	FAST	68	78	0.3537868345681008	0.048	0	8.519291829561258	
431	FAST	69	70	0.35016734253612003	0.048	0	8.88528903881778	
432	FAST	69	71	0.2889421904033205	0.048	0	25.73065366511785	
433	FAST	69	73	0.409725032299345	0.048	0	5.012785039631495	
434	FAST	69	74	0.43146268347934347	0.048	0	4.701545926994163	
435	FAST	69	75	0.3940090006189977	0.048	0	6.055604446947267	
436	FAST	69	76	0.375242522649161	0.048	0	7.3067470835633515	
437	FAST	69	77	0.3880713581061336	0.048	0	6.533735302132611	
438	FAST	69	78	0.4118340394161036	0.048	0	5.035363342704167	
439	FAST	70	71	0.36321139206122	0.048	0	8.219382753879678	
440	FAST	70	73	0.39483539525942135	0.048	0	5.581548407512392	
441	FAST	70	74	0.39209968574495196	0.048	0	6.01538839501255	
442	FAST	70	75	0.3479917875872324	0.048	0	9.33091394938595	
443	FAST	70	76	0.3135398879049619	0.048	0	14.759953153740781	
444	FAST	70	77	0.29472060910445375	0.048	0	22.737941123824868	
445	FAST	70	78	0.31277550312885255	0.048	0	16.357604220206866	
446	FAST	71	75	0.4279180643201304	0.048	0	4.266502611008486	
447	FAST	71	76	0.404332513209376	0.048	0	4.796009995652172	
448	FAST	71	77	0.40759504955365466	0.048	0	5.434889768318811	
449	FAST	71	78	0.4282032219443983	0.048	0	4.630188313398622	
450	FAST	72	73	0.14025606737595317	0.0	0	11.956363845485566	
451	FAST	72	74	0.08725546934826098	0.0	0	16.439370929429415	
452	FAST	72	75	0.06345545813248002	0.0	0	27.607562182066797	
453	FAST	72	76	0.04017865109099696	0.0	0	38.11495577246643	
454	FAST	72	77	0.04570755266690181	0.0	0	33.1529742424752	
455	FAST	72	78	0.06345764046771263	0.0	0	25.050887975399338	
456	FAST	73	74	0.05432577344421043	0.0	0	32.32476806042185	
457	FAST	73	75	0.11529474650005098	0.0	0	21.7393928316309	
458	FAST	73	76	0.1530252220284384	0.0	0	13.183128023709232	
459	FAST	73	77	0.19731463802204155	0.0	0	8.62186812677849	
460	FAST	73	78	0.21506473749309424	0.0	0	6.8913229737863375	
461	FAST	74	75	0.0623156956289603	0.0	0	30.180356028721725	
462	FAST	74	76	0.10004617115734774	0.0	0	16.230596860680574	
463	FAST	74	77	0.14433558326087026	0.0	0	10.360055503924583	
464	FAST	74	78	0.16208567884184233	0.0	0	9.367562822497977	
465	FAST	75	76	0.042285826075788555	0.0	0	36.751027261677805	
466	FAST	75	77	0.087860882596482	0.0	0	16.656605686787856	
467	FAST	75	78	0.10561097428737345	0.0	0	13.099478279998655	
468	FAST	76	77	0.06410468924890102	0.0	0	31.269619164537644	
469	FAST	76	78	0.08185477704971184	0.0	0	19.578696019213	
470	FAST	77	78	0.02740920468246461	0.0	0	55.764953539183466	
471	FAST	28	79	0.20612858364430175	0.0	34	6.351856456151408	
472	FAST	30	79	0.27050277292599967	0.0	302	3.744441919785915	
473	FAST	29	79	0.4327802795818124	0.0	721	1.522282806126124	
474	FAST	19	80	0.2870918265906931	0.0	616	3.1626437066584363	
475	FAST	21	80	0.3105514023557079	0.0	404	3.7437557145519307	
476	FAST	17	80	0.27691923629253795	0.0	60	3.5768123751437972	
477	FAST	39	81	0.19292456236102407	0.0	90	4.804897417953531	
478	FAST	38	81	0.30326633881740034	0.0	145	3.356534658278298	
479	FAST	40	81	0.40325558067967227	0.0	831	2.2050418954110373	
480	FAST	17	82	0.212651112487616	0.0	51	4.547502371827059	
481	FAST	19	82	0.28543925894852107	0.0	605	3.245151774589248	
482	FAST	21	82	0.3730484742998388	0.0	405	2.780542047105118	
483	FAST	17	83	0.25867514129609165	0.0	39	3.800637551529365	
484	FAST	19	83	0.30723196047296975	0.0	602	3.0277941367180277	
485	FAST	21	83	0.24827020378406228	0.0	402	3.684098936792275	
