n_interc	
0	
0	
0	
0	
0	
0	
0	
0	
0	
0	
0	
0	
0	
0	
0	
0	
0	
0	
0	
0	
0	
0	
0	
0	
0	
0	
0	
0	
0	
0	
0	
0	
0	
0	
0	
0	
0	
0	
0	
1	
1	
1	
1	
1	
1	
1	
1	
1	
1	
1	
1	
1	
1	
1	
1	
1	
1	
1	
1	
1	
1	
2	
2	
2	
2	
2	
2	
2	
2	
2	
2	
2	
2	
2	
2	
2	
2	
3	
3	
3	
3	
3	
3	
3	
3	
3	
3	
3	
3	
5	
5	
5	
5	
5	
5	
6	
7	
7	
8	
8	
72	
74	
75	
77	
80	
81	
83	
84	
85	
87	
90	
90	
92	
93	
95	
97	
99	
99	
102	
104	
105	
106	
108	
110	
111	
112	
115	
115	
116	
118	
118	
120	
123	
125	
126	
128	
132	
133	
135	
136	
137	
139	
140	
142	
144	
145	
147	
147	
150	
151	
153	
155	
159	
161	
162	
163	
166	
166	
168	
172	
174	
175	
178	
180	
182	
184	
186	
188	
190	
192	
193	
194	
196	
199	
199	
200	
203	
206	
206	
208	
210	
212	
215	
217	
219	
220	
222	
225	
227	
229	
230	
232	
232	
234	
235	
237	
238	
240	
242	
245	
535	
537	
541	
544	
548	
552	
557	
561	
566	
570	
572	
575	
579	
583	
587	
591	
596	
599	
601	
606	
609	
611	
614	
617	
620	
623	
627	
630	
634	
636	
639	
642	
646	
648	
650	
652	
655	
657	
660	
664	
666	
668	
669	
671	
672	
677	
680	
682	
683	
686	
688	
690	
693	
697	
700	
703	
706	
709	
712	
713	
713	
717	
718	
721	
724	
727	
728	
729	
732	
734	
736	
738	
741	
742	
744	
746	
749	
752	
753	
755	
757	
759	
761	
761	
762	
764	
765	
766	
769	
771	
773	
775	
776	
778	
782	
783	
785	
786	
788	
789	
3275	
3279	
3284	
3291	
3300	
3306	
3314	
3321	
3324	
3329	
3338	
3344	
3347	
3351	
3357	
3365	
3367	
3373	
3376	
3381	
3385	
3387	
3391	
3393	
3400	
3403	
3404	
3408	
3411	
3416	
3419	
3426	
3431	
3437	
3439	
3444	
3449	
3450	
3452	
3455	
3458	
3460	
3461	
3465	
3471	
3475	
3478	
3481	
3485	
3489	
3490	
3494	
3496	
3500	
3502	
3503	
3505	
3510	
3513	
3517	
3519	
3522	
3526	
3528	
3532	
3533	
3536	
3540	
3545	
3548	
3550	
3554	
3556	
3559	
3561	
3562	
3566	
3569	
3569	
3569	
3573	
3579	
3581	
3585	
3588	
3594	
3597	
3599	
3600	
3602	
3604	
3607	
3610	
3615	
3622	
3624	
3629	
3629	
3631	
3634	
3095	
3096	
3096	
3096	
3099	
3100	
3102	
3104	
3105	
3107	
3111	
3111	
3116	
3117	
3119	
3122	
3125	
3128	
3128	
3130	
3134	
3139	
3141	
3142	
3147	
3147	
3148	
3150	
3150	
3153	
3154	
3155	
3156	
3157	
3160	
3162	
3164	
3166	
3168	
3169	
3171	
3172	
3176	
3178	
3178	
3179	
3179	
3181	
3182	
3183	
3185	
3186	
3186	
3187	
3187	
3188	
3189	
3191	
3192	
3192	
3195	
3196	
3197	
3199	
3201	
3203	
3203	
3204	
3206	
3208	
3209	
3212	
3215	
3217	
3220	
3221	
3223	
3225	
3228	
3228	
3230	
3231	
3232	
3234	
3235	
3238	
3238	
3239	
3240	
3242	
3244	
3245	
3246	
3248	
3249	
3249	
3250	
3251	
3252	
3254	
