n_interc	
0	
0	
0	
0	
0	
0	
0	
0	
0	
0	
0	
0	
0	
0	
0	
0	
0	
0	
0	
0	
0	
0	
0	
0	
0	
0	
0	
0	
0	
0	
0	
0	
0	
0	
0	
0	
0	
0	
0	
0	
0	
0	
0	
0	
0	
0	
0	
0	
0	
0	
0	
0	
0	
0	
0	
0	
0	
0	
0	
0	
0	
0	
0	
0	
0	
0	
0	
2	
2	
2	
2	
2	
2	
2	
2	
2	
2	
2	
2	
3	
3	
4	
4	
4	
4	
4	
5	
5	
5	
6	
6	
6	
6	
6	
6	
6	
6	
6	
6	
7	
59	
62	
62	
65	
65	
69	
70	
70	
73	
74	
75	
77	
79	
81	
83	
85	
85	
88	
89	
91	
92	
94	
95	
97	
100	
100	
103	
104	
106	
109	
109	
113	
114	
116	
118	
121	
122	
124	
127	
128	
130	
131	
133	
134	
136	
138	
140	
142	
145	
146	
147	
149	
151	
152	
154	
154	
157	
159	
160	
163	
166	
166	
169	
171	
173	
174	
176	
176	
178	
180	
181	
183	
186	
187	
190	
190	
192	
193	
196	
197	
199	
202	
203	
205	
207	
208	
211	
212	
214	
216	
217	
219	
221	
224	
224	
227	
229	
231	
233	
235	
510	
514	
518	
521	
525	
527	
531	
536	
539	
543	
547	
549	
554	
557	
561	
565	
567	
570	
574	
578	
582	
587	
590	
594	
596	
600	
605	
610	
613	
617	
620	
625	
628	
633	
638	
642	
644	
648	
651	
656	
661	
663	
667	
671	
676	
679	
682	
684	
689	
691	
693	
698	
702	
703	
707	
709	
711	
714	
716	
718	
721	
723	
725	
728	
731	
734	
737	
740	
742	
743	
747	
750	
751	
753	
754	
756	
757	
758	
761	
763	
764	
766	
767	
770	
770	
772	
772	
774	
776	
777	
778	
779	
779	
780	
782	
783	
784	
785	
786	
786	
3262	
3267	
3269	
3272	
3276	
3278	
3283	
3286	
3292	
3294	
3299	
3307	
3312	
3316	
3317	
3318	
3320	
3327	
3331	
3337	
3339	
3339	
3344	
3351	
3355	
3358	
3362	
3367	
3370	
3371	
3372	
3376	
3380	
3381	
3382	
3386	
3389	
3391	
3392	
3397	
3400	
3401	
3404	
3409	
3412	
3417	
3419	
3421	
3427	
3431	
3437	
3442	
3448	
3449	
3454	
3458	
3460	
3463	
3465	
3466	
3470	
3473	
3478	
3479	
3482	
3485	
3485	
3487	
3489	
3491	
3493	
3497	
3501	
3505	
3511	
3515	
3515	
3518	
3519	
3523	
3523	
3525	
3527	
3530	
3531	
3538	
3540	
3544	
3547	
3549	
3551	
3554	
3558	
3560	
3561	
3564	
3566	
3567	
3567	
3571	
3042	
3045	
3045	
3049	
3051	
3051	
3054	
3056	
3058	
3061	
3063	
3065	
3069	
3071	
3075	
3076	
3077	
3081	
3084	
3084	
3087	
3090	
3091	
3093	
3097	
3099	
3101	
3101	
3102	
3104	
3106	
3106	
3107	
3109	
3111	
3112	
3113	
3115	
3116	
3120	
3121	
3122	
3124	
3126	
3126	
3126	
3128	
3130	
3131	
3132	
3135	
3138	
3139	
3139	
3141	
3141	
3142	
3143	
3144	
3145	
3146	
3147	
3148	
3148	
3148	
3149	
3154	
3154	
3156	
3159	
3161	
3161	
3163	
3163	
3164	
3165	
3167	
3169	
3169	
3170	
3171	
3173	
3174	
3176	
3177	
3180	
3180	
3181	
3181	
3182	
3184	
3186	
3188	
3188	
3190	
3191	
3194	
3195	
3196	
3196	
