id	type	l1	l2	friction	risk	count	acc	
1	FAST	1	2	0.02151630826214646	0.0	0	72.51179107952262	
2	FAST	1	3	0.027987052819351734	0.0	0	54.86052887035618	
3	FAST	1	4	0.07302656972007415	0.0	0	20.516192052392366	
4	FAST	1	5	0.10800269310982086	0.0	0	12.18079693752692	
5	FAST	1	6	0.2005826597473596	0.0	0	6.2693665514186065	
6	FAST	1	7	0.05791240055316788	0.0	0	33.55403763648442	
7	FAST	1	8	0.06855335822514483	0.0	0	21.80618243019367	
8	FAST	1	68	0.36490858423453987	0.048	0	8.635643162786684	
9	FAST	1	69	0.40115801759656244	0.048	0	5.43426139591546	
10	FAST	1	70	0.423550267947518	0.048	0	4.698995144388717	
11	FAST	1	71	0.44235053412726005	0.048	0	3.884731464503366	
12	FAST	1	72	0.28733633203502157	0.0	0	6.771476436642798	
13	FAST	1	73	0.1906077266698771	0.0	0	21.046537893563336	
14	FAST	1	74	0.20210142113627694	0.0	0	11.843043794384132	
15	FAST	1	75	0.2630703980821981	0.0	0	9.62663422553528	
16	FAST	1	76	0.3008008736105855	0.0	0	7.693999991735739	
17	FAST	1	77	0.3450902934942693	0.0	0	5.367905798024695	
18	FAST	1	78	0.36284036573475764	0.0	0	4.720597027472644	
19	FAST	2	3	0.007516752227496343	0.0	0	206.1120593945817	
20	FAST	2	4	0.05255626523813813	0.0	0	29.77918490982359	
21	FAST	2	5	0.08753238084772358	0.0	0	16.171552087932245	
22	FAST	2	6	0.18130277439888826	0.0	0	7.412848019030891	
23	FAST	2	7	0.06458409111532147	0.0	0	26.93992439671594	
24	FAST	2	8	0.04808305763328943	0.0	0	33.48836422701139	
25	FAST	2	23	0.24993272053144797	0.0	2	5.443465552467402	
26	FAST	2	68	0.36470401260312413	0.048	0	8.125353464918783	
27	FAST	2	69	0.391780317504476	0.048	2	6.061864791120061	
28	FAST	2	70	0.4257275325971185	0.048	0	4.277861020692909	
29	FAST	2	71	0.43263050137245695	0.048	0	4.407299352352647	
30	FAST	2	72	0.3002858035948819	0.0	0	6.018681770418026	
31	FAST	2	73	0.2035572098999793	0.0	0	15.437333903569055	
32	FAST	2	74	0.21505090436637914	0.0	0	9.274557810939255	
33	FAST	2	75	0.2760198696420584	0.0	0	8.913558463384241	
34	FAST	2	76	0.3137503451704458	0.0	0	7.011876712237485	
35	FAST	2	77	0.3580397650541296	0.0	0	4.976351559080976	
36	FAST	3	4	0.04596140765847902	0.0	0	31.320827514888595	
37	FAST	3	5	0.08093752715814509	0.0	0	17.130849962157633	
38	FAST	3	6	0.18231210638901338	0.0	0	7.8202888529672325	
39	FAST	3	7	0.06852057262560743	0.0	0	22.88103066757947	
40	FAST	3	8	0.04148820394371095	0.0	0	37.22919620327037	
41	FAST	3	23	0.253869190371492	0.0	0	5.309863556884145	
42	FAST	3	68	0.3624783762095865	0.048	0	7.668504392251527	
43	FAST	3	69	0.3866275625916361	0.048	0	6.216556383508533	
44	FAST	3	70	0.424054534998753	0.048	0	4.27408850795331	
45	FAST	3	71	0.42731742112785376	0.048	0	4.646948826526679	
46	FAST	3	72	0.30422229677540974	0.0	0	5.915243902926136	
47	FAST	3	73	0.20749369141026527	0.0	0	14.608250572054933	
48	FAST	3	74	0.2189873742064232	0.0	0	9.340183677205424	
49	FAST	3	75	0.27995636282258624	0.0	0	8.784302343906386	
50	FAST	3	76	0.3176868383509737	0.0	0	7.195190575778448	
51	FAST	3	77	0.36197625823465746	0.0	0	5.0954197923815405	
52	FAST	4	5	0.03612179881582182	0.0	0	41.26168115307934	
53	FAST	4	6	0.131309053093839	0.0	0	11.642589607704398	
54	FAST	4	7	0.11268187659387058	0.0	0	15.094783352036321	
55	FAST	4	8	0.007503043583361338	0.0	0	281.4510947769709	
56	FAST	4	9	0.19906910328632327	0.0	0	6.572534865666342	
57	FAST	4	23	0.20219244902298494	0.0	0	6.351258487270527	
58	FAST	4	24	0.1883962275027891	0.0	4	6.378531617840442	
59	FAST	4	68	0.38518730849483807	0.048	0	6.611456455158207	
60	FAST	4	69	0.38862564188147486	0.048	4	6.379895496301102	
61	FAST	4	71	0.42626530464684514	0.048	0	4.6282094438874	
62	FAST	4	73	0.25165497981820595	0.0	0	8.756343158965157	
63	FAST	4	74	0.26314868595484764	0.0	0	5.871620233584916	
64	FAST	4	75	0.32411765123052694	0.0	0	6.400155860708231	
65	FAST	4	76	0.36184812675891437	0.0	0	5.62342606836545	
66	FAST	5	6	0.09695465406038882	0.0	0	16.845673090022665	
67	FAST	5	7	0.1480079633072034	0.0	0	11.042757795488537	
68	FAST	5	8	0.04282913807685543	0.0	0	35.00159108970325	
69	FAST	5	9	0.1647147042528731	0.0	0	8.175600761511712	
70	FAST	5	10	0.20580158024837855	0.0	0	5.684980352774205	
71	FAST	5	11	0.315176425388388	0.0	0	5.170995221844599	
72	FAST	5	23	0.1678380499895348	0.0	4	7.596104610142366	
73	FAST	5	24	0.1540418323594195	0.0	109	7.4469377030669985	
74	FAST	5	25	0.21818540685428356	0.0	794	4.668196254998009	
75	FAST	5	68	0.41072317596004826	0.048	0	5.300246303909169	
76	FAST	5	69	0.4016265693558544	0.048	902	4.474389465759425	
77	FAST	5	71	0.4354848530175842	0.048	3	4.302076337875232	
78	FAST	5	73	0.2869810937621032	0.0	0	6.519150741150123	
79	FAST	5	74	0.2984747765582611	0.0	0	4.982923893612551	
80	FAST	5	75	0.3594437418339404	0.0	0	4.529706910685499	
81	FAST	6	7	0.22348282140222536	0.0	0	6.788343227927145	
82	FAST	6	8	0.1367366608602571	0.0	0	10.654521304211531	
83	FAST	6	9	0.07023925303818712	0.0	0	20.016165315024654	
84	FAST	6	10	0.11132612125353132	0.0	0	11.784862580213908	
85	FAST	6	11	0.2207009547232989	0.0	0	8.21257815553076	
86	FAST	6	12	0.25762382228263525	0.0	0	6.217145376924117	
87	FAST	6	23	0.1142018866986697	0.0	0	12.481918309035466	
88	FAST	6	24	0.1001154807239066	0.0	0	14.134950381497259	
89	FAST	6	25	0.16454923189317652	0.0	0	9.194122440007316	
90	FAST	6	26	0.15947391760864105	0.0	0	8.39896281242886	
91	FAST	7	8	0.10798518774699241	0.0	0	16.059227700017367	
92	FAST	7	23	0.2485729428477388	0.0	2	5.686416886165892	
93	FAST	7	24	0.2631165461086946	0.0	1860	2.7187690970144684	
94	FAST	7	68	0.40415430617655823	0.048	0	5.497453969359665	
95	FAST	7	69	0.4403988038214797	0.048	1855	1.818117301187763	
96	FAST	7	72	0.25068690991330783	0.0	0	5.479924233456911	
97	FAST	7	73	0.15395831621840525	0.0	0	14.850178785303758	
98	FAST	7	74	0.16545201068480506	0.0	0	10.348967074854853	
99	FAST	7	75	0.22642097596048436	0.0	0	7.975792577391422	
100	FAST	7	76	0.26415145148887176	0.0	0	6.20200127256516	
101	FAST	8	9	0.20593583471103105	0.0	0	6.036510400093206	
102	FAST	8	23	0.20905918044769273	0.0	2	6.268644968064482	
103	FAST	8	24	0.19526296281757746	0.0	28	6.661776032553045	
104	FAST	8	68	0.381788758681206	0.048	0	6.847001405240439	
105	FAST	8	69	0.3874760334580042	0.048	30	6.254586654759193	
106	FAST	8	71	0.4256121061407696	0.048	0	4.662780191300929	
107	FAST	8	72	0.34401116178742613	0.0	0	4.299697052218888	
108	FAST	8	73	0.2472825797627654	0.0	0	9.348848894849164	
109	FAST	8	74	0.25877625866884274	0.0	0	7.294417171770768	
110	FAST	8	75	0.3197452278346027	0.0	0	6.157912703295191	
111	FAST	8	76	0.3574757033629901	0.0	0	5.49838449981208	
112	FAST	9	10	0.042910483552879006	0.0	0	36.10624686363001	
113	FAST	9	11	0.15228532869288847	0.0	0	12.592813869769444	
114	FAST	9	12	0.18920818458198294	0.0	0	9.214106694224332	
115	FAST	9	13	0.22995744825989792	0.0	0	7.0478323199618576	
116	FAST	9	14	0.25331769753086336	0.0	0	5.134572252623238	
117	FAST	9	15	0.24757465090643752	0.0	0	5.5338901945128	
118	FAST	9	23	0.17921559053844677	0.0	0	10.131919239578757	
119	FAST	9	24	0.16512918067360308	0.0	0	11.552727421682436	
120	FAST	9	25	0.17977600333395677	0.0	0	12.374263391969004	
121	FAST	9	26	0.09105827990798876	0.0	0	19.04332472785984	
122	FAST	9	27	0.17848346569391205	0.0	0	8.380481006090113	
123	FAST	9	29	0.1855811706559399	0.0	0	8.095689838549674	
124	FAST	10	11	0.10937484514000945	0.0	0	14.768943304392863	
125	FAST	10	12	0.1462977010291039	0.0	0	11.184438659839781	
126	FAST	10	13	0.18704696470701887	0.0	0	7.484997306063202	
127	FAST	10	14	0.21040721786806496	0.0	0	6.019834399714636	
128	FAST	10	15	0.2046641673535585	0.0	0	6.381791309958783	
129	FAST	10	16	0.20323672949747695	0.0	0	5.502849261696713	
130	FAST	10	23	0.213153638132304	0.0	0	8.397244472892421	
131	FAST	10	24	0.199016878953885	0.0	0	9.396937623201541	
132	FAST	10	25	0.13705416535107862	0.0	0	12.879826507712789	
133	FAST	10	26	0.04814779635510974	0.0	0	30.655622017173442	
134	FAST	10	27	0.1355729938112749	0.0	0	13.092537928444985	
135	FAST	10	29	0.14267068710306088	0.0	0	12.994354193498099	
136	FAST	11	12	0.0364924262477068	0.0	0	42.53905237882027	
137	FAST	11	13	0.07678160230952209	0.0	0	19.75039526897751	
138	FAST	11	14	0.1121667443368769	0.0	0	12.540205965791525	
139	FAST	11	15	0.13120902745063714	0.0	0	10.695973164006912	
140	FAST	11	16	0.21670056307836655	0.0	0	7.413507398584154	
141	FAST	11	24	0.31300570982660975	0.0	0	4.942153050427611	
142	FAST	11	25	0.2510430001138839	0.0	0	5.737328973178696	
143	FAST	11	26	0.0629029032998397	0.0	0	22.73725759371994	
144	FAST	11	27	0.15032809297584365	0.0	0	8.289032861303856	
145	FAST	11	29	0.1574258018279521	0.0	0	7.753444991371443	
146	FAST	11	31	0.2612748846871239	0.0	0	5.6378130002034625	
147	FAST	12	13	0.041186765485885346	0.0	0	38.07937575873995	
148	FAST	12	14	0.0765719114033208	0.0	0	18.71317197268115	
149	FAST	12	15	0.09561419451708102	0.0	0	16.007684126534333	
150	FAST	12	16	0.14372326122945295	0.0	0	9.86457271364872	
151	FAST	12	26	0.09403059326424705	0.0	0	16.050212384466384	
152	FAST	12	27	0.1814557907204122	0.0	0	7.422186885043622	
153	FAST	12	29	0.18855348401219818	0.0	0	6.974840945067696	
154	FAST	12	31	0.19481717124778766	0.0	0	6.764488976620213	
155	FAST	13	14	0.035643937421330284	0.0	0	40.091711082310866	
156	FAST	13	15	0.05468622442517113	0.0	0	30.12870149709063	
157	FAST	13	16	0.10279528335738179	0.0	0	15.055406948624373	
158	FAST	13	26	0.13496519205354798	0.0	0	11.54959106142754	
159	FAST	13	27	0.22239038950971318	0.0	0	6.547094223838696	
160	FAST	13	29	0.22948808669157972	0.0	0	6.497355622425824	
161	FAST	13	31	0.15388919337571655	0.0	0	7.90098606679218	
162	FAST	14	15	0.019130319528464904	0.0	0	82.87602082936709	
163	FAST	14	16	0.06723938624083681	0.0	0	24.206046409547177	
164	FAST	14	26	0.1630868027618412	0.0	0	9.071848461825889	
165	FAST	14	27	0.2503014029230186	0.0	0	6.170363191686244	
166	FAST	14	29	0.25739912344536897	0.0	0	6.316212609068504	
167	FAST	14	31	0.1183333001492522	0.0	0	11.595694325735456	
168	FAST	14	32	0.21194727355834295	0.0	0	6.218623684622103	
169	FAST	15	16	0.048585982817270716	0.0	0	33.94945584460765	
170	FAST	15	26	0.15747477794306555	0.0	0	8.614024287147494	
171	FAST	15	27	0.244689378104243	0.0	0	6.172853936813254	
172	FAST	15	29	0.25178707528610955	0.0	0	6.343603518458757	
173	FAST	15	31	0.09967989283560547	0.0	0	14.874450348616483	
174	FAST	15	32	0.1932938779149381	0.0	0	6.85383986561096	
175	FAST	16	26	0.15613073174541822	0.0	0	8.041948967647002	
176	FAST	16	27	0.24334533190659563	0.0	0	6.343855130399484	
177	FAST	16	29	0.250443052428946	0.0	0	6.62568055103794	
178	FAST	16	31	0.05291526521902438	0.0	0	30.217214506645497	
179	FAST	16	32	0.14652924640827636	0.0	0	9.34472142830287	
180	FAST	17	18	0.144492633596006	0.0	0	9.875076271441147	
181	FAST	17	19	0.20948451408345695	0.0	69	7.319904547434518	
182	FAST	17	20	0.22112509410431017	0.0	22	5.443985331987345	
183	FAST	17	21	0.2301959607734761	0.0	3	6.222290359952285	
184	FAST	18	19	0.06547912086633792	0.0	0	24.511512865012623	
185	FAST	18	20	0.07711971255743301	0.0	0	21.065355906305047	
186	FAST	18	21	0.08619056366627643	0.0	0	19.173221793609642	
187	FAST	18	22	0.11826343430116347	0.0	0	14.248457416448826	
188	FAST	18	23	0.2031332533527576	0.0	0	7.124534544534226	
189	FAST	18	24	0.21725088889480668	0.0	0	6.562043304979016	
190	FAST	19	20	0.0557718564567446	0.0	0	25.402296487335487	
191	FAST	19	21	0.020826386902350846	0.0	0	77.3744353933698	
192	FAST	19	22	0.052899253647157266	0.0	0	27.926832226158563	
193	FAST	19	23	0.18178540114214978	0.0	7	7.28447684844543	
194	FAST	19	24	0.19590302501395698	0.0	1053	5.238376113593625	
195	FAST	19	25	0.25918542512951476	0.0	16	5.606259535366084	
196	FAST	20	21	0.051960300995763854	0.0	0	27.407516904877163	
197	FAST	20	22	0.057609725049702395	0.0	0	29.115486772059455	
198	FAST	20	23	0.12831906321120456	0.0	1	12.218191317882825	
199	FAST	20	24	0.14243669875325368	0.0	20	11.010225236329628	
200	FAST	20	25	0.20571908719856957	0.0	1	8.260361267321919	
201	FAST	21	22	0.03241731782414188	0.0	0	50.98920805283392	
202	FAST	21	23	0.177942145414127	0.0	2	7.904557873406755	
203	FAST	21	24	0.1920597848462567	0.0	933	5.545665942183193	
204	FAST	21	25	0.25534216940149196	0.0	1	6.189873064608311	
205	FAST	22	23	0.18354915202889183	0.0	0	8.90516462108484	
206	FAST	22	24	0.19766678757094094	0.0	0	8.343246898872835	
207	FAST	22	25	0.2609491876864987	0.0	0	7.243823639487062	
208	FAST	23	24	0.014785710209034767	0.0	0	104.75915173464927	
209	FAST	23	25	0.07806810643451191	0.0	0	19.25556640253936	
210	FAST	23	26	0.26582657077857297	0.0	0	5.511220730529526	
211	FAST	24	25	0.06401010971857911	0.0	0	22.506168486332058	
212	FAST	24	26	0.25176857017255955	0.0	0	6.2736478071381905	
213	FAST	24	27	0.3391937559584829	0.0	0	5.133960797022505	
214	FAST	25	26	0.1896613206239994	0.0	0	8.458563925792616	
215	FAST	25	27	0.2770865064099227	0.0	0	7.56358688006771	
216	FAST	25	29	0.28418422304219243	0.0	0	7.097424829286602	
217	FAST	25	30	0.4521379951502652	0.0	783	3.9527002342336055	
218	FAST	26	27	0.08793642018212716	0.0	0	15.21749538380731	
219	FAST	26	29	0.09503412125407436	0.0	0	14.503323577156936	
220	FAST	26	31	0.2001531209344359	0.0	0	6.065977424313334	
221	FAST	27	29	0.009295402123045745	0.0	0	173.43982336307525	
222	FAST	27	30	0.1772491897914411	0.0	0	7.5075944226207865	
223	FAST	27	31	0.28774323446876776	0.0	0	5.284262723512534	
224	FAST	28	30	0.15944353607893208	0.0	126	10.725286560241315	
225	FAST	29	30	0.16795380711879848	0.0	0	7.2599420158588375	
226	FAST	29	31	0.2954023675373496	0.0	0	5.664936014925751	
227	FAST	31	32	0.09361397729917137	0.0	0	15.717219987721009	
228	FAST	31	33	0.20448155529861253	0.0	0	5.955907635413029	
229	FAST	32	33	0.11533800808672107	0.0	0	12.049719029335163	
230	FAST	32	34	0.21282922874836685	0.0	0	5.530689287977562	
231	FAST	32	35	0.1856925008734483	0.0	0	7.252581693133843	
232	FAST	33	34	0.09994297898851423	0.0	0	14.581257475663232	
233	FAST	33	35	0.08939985684434527	0.0	0	17.439787127173975	
234	FAST	33	36	0.23577195177538954	0.0	0	5.809665641930991	
235	FAST	33	43	0.21187265792180676	0.0	0	5.80964496359295	
236	FAST	33	44	0.23313834384937832	0.0	0	5.828651427696977	
237	FAST	34	35	0.07425086367565223	0.0	1	20.215936861276	
238	FAST	34	36	0.22119958914834686	0.0	226	5.540947574096766	
239	FAST	34	40	0.21309968660406667	0.0	12	5.715120165728891	
240	FAST	34	41	0.19701331626663482	0.0	2	6.720167718506309	
241	FAST	34	42	0.19652467156864095	0.0	2	9.015114324625443	
242	FAST	34	43	0.11495453171851999	0.0	0	14.993413436868284	
243	FAST	34	44	0.1362202176460916	0.0	0	12.315697295853553	
244	FAST	34	45	0.17083477360173724	0.0	0	9.93635871704984	
245	FAST	34	46	0.1415772009986984	0.0	0	11.056257390143559	
246	FAST	34	47	0.2729031837234328	0.0	0	6.215622230698707	
247	FAST	34	48	0.30365908701192784	0.0	0	4.861462661835625	
248	FAST	34	49	0.2550983585980977	0.0	0	6.059363442424259	
249	FAST	34	63	0.41350450727089905	0.048	243	4.84643926081476	
250	FAST	35	36	0.15314777123847956	0.0	0	8.72273979398877	
251	FAST	35	37	0.18349454307702828	0.0	287	6.838288937336132	
252	FAST	35	40	0.18010409662424917	0.0	0	6.946404886453509	
253	FAST	35	41	0.1906017709564348	0.0	0	7.595374131753136	
254	FAST	35	42	0.2441990567814982	0.0	0	7.403057714360679	
255	FAST	35	43	0.16262891693137727	0.0	263	7.49848939544558	
256	FAST	35	44	0.18389460285894885	0.0	22	7.188956598686092	
257	FAST	35	45	0.21850915881459448	0.0	1	5.621534780921446	
258	FAST	35	46	0.18925158232147501	0.0	0	7.144357607435393	
259	FAST	36	37	0.03814278128412667	0.0	8	41.521476078694235	
260	FAST	36	38	0.11676273844668511	0.0	168	14.215022203826967	
261	FAST	36	39	0.19725989680743664	0.0	52	7.2013819076634995	
262	FAST	36	40	0.1635373363399172	0.0	1	12.208757697551835	
263	FAST	36	41	0.3269651669101407	0.0	1	8.753543160289892	
264	FAST	36	42	0.39092006082427827	0.0	0	4.948271935628775	
265	FAST	37	38	0.08093381602122546	0.0	3	25.995717287277635	
266	FAST	37	39	0.15061684588073954	0.0	0	9.800474305205022	
267	FAST	37	40	0.14019839693063493	0.0	24	15.21965979192584	
268	FAST	37	41	0.3579232571393046	0.0	3	8.524904520256415	
269	FAST	37	42	0.4218781277129583	0.0	2	5.054610408238414	
270	FAST	38	39	0.08372419808664779	0.0	0	18.402558546780888	
271	FAST	38	40	0.11208962348841593	0.0	816	12.549762252954269	
272	FAST	38	41	0.40779445257479646	0.0	86	7.8887224910480755	
273	FAST	38	42	0.46110764581155694	0.0	137	4.1872862115403295	
274	FAST	39	40	0.19341849275779302	0.0	675	6.557777883245584	
275	FAST	39	41	0.48912332573425416	0.0	4	4.765245865620994	
276	FAST	40	41	0.2986730228472532	0.0	0	34.86596886686378	
277	FAST	40	42	0.3519861888534493	0.0	0	9.258136213486711	
278	FAST	40	43	0.30170619262486453	0.0	1482	3.363192725700185	
279	FAST	41	42	0.25357444285234754	0.0	0	13.641818033274523	
280	FAST	41	43	0.20648708636666077	0.0	86	6.37856429433116	
281	FAST	41	44	0.22937622353302517	0.0	2	5.817016785296353	
282	FAST	41	46	0.2310540153081182	0.0	0	6.018219821935645	
283	FAST	42	43	0.11780820928584947	0.0	127	13.359910125649233	
284	FAST	42	44	0.13084020112608316	0.0	6	10.909687036339497	
285	FAST	42	45	0.16679591294946913	0.0	0	7.925095044259349	
286	FAST	42	46	0.1325179929011762	0.0	0	13.026796966116754	
287	FAST	42	47	0.24937123796376515	0.0	2	5.120495520806985	
288	FAST	42	49	0.20710935144416465	0.0	0	6.031538621529178	
289	FAST	43	44	0.023101644490940768	0.0	0	71.48831402238493	
290	FAST	43	45	0.05771618877634452	0.0	0	24.220797442817144	
291	FAST	43	46	0.0288340089539606	0.0	0	54.386224500249966	
292	FAST	43	47	0.159784610568282	0.0	0	11.450616580562507	
293	FAST	43	48	0.19054051385677703	0.0	0	8.796698376433246	
294	FAST	43	49	0.14197978544294687	0.0	0	11.668665709106698	
295	FAST	43	63	0.3923885515678148	0.048	1950	2.6833033109688285	
296	FAST	44	45	0.03650977211722949	0.0	0	41.4950849039066	
297	FAST	44	46	0.02575993886862073	0.0	0	68.57546012030213	
298	FAST	44	47	0.14086488833480484	0.0	0	14.750636381173567	
299	FAST	44	48	0.171620779953058	0.0	0	10.609683475875707	
300	FAST	44	49	0.12306006320946969	0.0	0	14.450629846142515	
301	FAST	44	50	0.2795338767258421	0.0	0	5.172812649668318	
302	FAST	44	54	0.4062621031342436	0.0	0	4.670461867903679	
303	FAST	44	63	0.3774616757931424	0.048	30	6.88466673272288	
304	FAST	45	46	0.05900224943214269	0.0	0	29.223159580932222	
305	FAST	45	47	0.11029916330807826	0.0	0	25.857478996240637	
306	FAST	45	48	0.1410550549263314	0.0	0	15.927962868643197	
307	FAST	45	49	0.07388850655518356	0.0	0	23.582915246174945	
308	FAST	45	50	0.2303623317417979	0.0	0	7.205569908186633	
309	FAST	45	52	0.29512067512879453	0.0	0	5.274644887463936	
310	FAST	45	53	0.3237251926661545	0.0	0	5.2816467890308125	
311	FAST	45	54	0.3570905581501994	0.0	0	6.119905974303581	
312	FAST	45	56	0.4526480314016355	0.0	0	3.8038641579435284	
313	FAST	45	63	0.3512879165346726	0.048	1	9.524462280948852	
314	FAST	46	47	0.15177768484110474	0.0	0	12.655823469175443	
315	FAST	46	48	0.1825335725692773	0.0	0	9.906004320278875	
316	FAST	46	49	0.1095157983215043	0.0	0	14.227348447776128	
317	FAST	47	48	0.033308403033401005	0.0	0	50.414521123713946	
318	FAST	47	49	0.04335293354340888	0.0	0	40.721588011938614	
319	FAST	47	50	0.13698732987579948	0.0	0	12.250265045110146	
320	FAST	47	51	0.1911754722673719	0.0	0	6.971091501683381	
321	FAST	47	52	0.21128708019471065	0.0	0	8.342542686814674	
322	FAST	47	53	0.2398915977320707	0.0	0	8.053836980670466	
323	FAST	47	54	0.2732569865565993	0.0	0	8.548064264361283	
324	FAST	47	56	0.3688144364675517	0.0	0	5.039737721987054	
325	FAST	47	63	0.32931771848225994	0.048	2	12.353032143336929	
326	FAST	48	49	0.07429681330803665	0.0	0	30.548875638095748	
327	FAST	48	50	0.10466340899746844	0.0	0	15.831106479058597	
328	FAST	48	51	0.15885155138904086	0.0	0	8.816649998372613	
329	FAST	48	52	0.17896317098662154	0.0	0	10.094779665854084	
330	FAST	48	53	0.2075677001942234	0.0	0	9.855617169992954	
331	FAST	48	54	0.2409330695683489	0.0	0	10.210321986981189	
332	FAST	48	55	0.31065396158262065	0.0	0	4.610755366506468	
333	FAST	48	56	0.33649051558922066	0.0	0	5.500202501651987	
334	FAST	48	63	0.33176830010421277	0.048	0	11.896006287338862	
335	FAST	49	50	0.1566683642287674	0.0	0	10.253468263993241	
336	FAST	49	51	0.1845573986865216	0.0	0	7.193974754632592	
337	FAST	49	52	0.22142669594552217	0.0	0	6.545864137136121	
338	FAST	49	53	0.25003121348288215	0.0	0	6.480406821900225	
339	FAST	49	54	0.28339660619749146	0.0	0	6.792893941930548	
340	FAST	50	51	0.08115968188268026	0.0	0	22.242945254947525	
341	FAST	50	52	0.07399500529255132	0.0	0	28.92664433549792	
342	FAST	50	53	0.10259952671999197	0.0	0	20.498696283446602	
343	FAST	50	54	0.13596489609411744	0.0	0	14.601053647616407	
344	FAST	50	55	0.20568579977863108	0.0	0	6.770091720411076	
345	FAST	50	56	0.2315223537852311	0.0	0	6.746485960599279	
346	FAST	50	57	0.28310399822269255	0.0	0	4.432114461809753	
347	FAST	51	52	0.0866936794642085	0.0	0	17.16485190686567	
348	FAST	51	53	0.1152981970015685	0.0	0	11.810465103269742	
349	FAST	51	54	0.14866356637569397	0.0	0	8.733596549047231	
350	FAST	51	55	0.21838445838996573	0.0	0	5.75196693100117	
351	FAST	51	56	0.2442210123965657	0.0	0	5.059216238097873	
352	FAST	52	53	0.027119747672974932	0.0	0	50.44368113509333	
353	FAST	52	54	0.06466182659652175	0.0	0	22.208067907468266	
354	FAST	52	55	0.13438272639095475	0.0	0	10.667887892907089	
355	FAST	52	56	0.16021928039755476	0.0	0	9.88839836213699	
356	FAST	52	57	0.2118009365052582	0.0	0	6.496200133719919	
357	FAST	53	54	0.03255763303241363	0.0	0	43.52054387670905	
358	FAST	53	55	0.1392847375834884	0.0	0	13.338704720208899	
359	FAST	53	56	0.12811509072352725	0.0	0	11.993833819342711	
360	FAST	53	57	0.1796967429411501	0.0	0	7.7717691016687995	
361	FAST	53	58	0.2558494359154547	0.0	0	5.02448549160021	
362	FAST	53	63	0.337184139804537	0.048	0	11.00215684172611	
363	FAST	54	55	0.09882882488577224	0.0	0	15.209932195558405	
364	FAST	54	56	0.09594506921502285	0.0	0	17.94137828687012	
365	FAST	54	57	0.14752673699296817	0.0	0	9.578788999702684	
366	FAST	54	58	0.2236794182970309	0.0	0	6.071842830511781	
367	FAST	54	59	0.23363279643775064	0.0	0	5.35510056276959	
368	FAST	54	63	0.31193667033525635	0.048	0	15.593633580775714	
369	FAST	55	56	0.10245118238530287	0.0	0	22.39596205820347	
370	FAST	55	57	0.11688081406400345	0.0	0	16.24439522350446	
371	FAST	55	58	0.19303349536806622	0.0	0	8.412397171468118	
372	FAST	55	59	0.15404239253103003	0.0	0	9.009127534031848	
373	FAST	55	60	0.199998124561872	0.0	0	5.798893540752297	
374	FAST	55	61	0.21647929140213404	0.0	0	5.327524379775135	
375	FAST	56	57	0.051750960196819136	0.0	0	26.43937198783409	
376	FAST	56	58	0.12790363761080126	0.0	0	10.822396026151857	
377	FAST	56	59	0.1378570196416016	0.0	0	10.023839835907612	
378	FAST	56	60	0.1863277627103322	0.0	0	6.73692611920127	
379	FAST	56	61	0.2295672264918869	0.0	0	5.432762118097372	
380	FAST	56	63	0.3399620284812417	0.048	0	11.2827108001715	
381	FAST	56	64	0.38634472259083835	0.048	0	6.215298760395594	
382	FAST	56	65	0.43919115018064	0.048	0	4.207460566190974	
383	FAST	56	67	0.42103726473208475	0.048	0	4.8645042473541	
384	FAST	57	58	0.07675344979601327	0.0	0	22.602952597278342	
385	FAST	57	59	0.08670683571689426	0.0	0	17.212505399371008	
386	FAST	57	60	0.13517757878562484	0.0	0	10.509902382071678	
387	FAST	57	61	0.17841704256717958	0.0	0	7.479995674710564	
388	FAST	57	63	0.384340773682992	0.048	0	6.3155977696469865	
389	FAST	57	64	0.3412958770645092	0.048	0	10.190191209349974	
390	FAST	57	65	0.38984504348251814	0.048	0	6.451305900992748	
391	FAST	57	66	0.42780336506585737	0.048	0	4.739619426913081	
392	FAST	57	67	0.37333280038000694	0.048	0	7.249150452488198	
393	FAST	58	59	0.07200593315564248	0.0	0	26.231925986962832	
394	FAST	58	60	0.08743951295287825	0.0	0	19.282267251379743	
395	FAST	58	61	0.1310579211587018	0.0	0	10.868410255139333	
396	FAST	58	62	0.255370979338627	0.0	0	5.72477317669934	
397	FAST	58	63	0.42867785119451274	0.048	0	4.187782749270521	
398	FAST	58	64	0.2815888030664809	0.048	0	31.948263738900177	
399	FAST	58	65	0.3403573143357273	0.048	0	11.397480245068847	
400	FAST	58	66	0.39043847436779794	0.048	0	6.051471785258022	
401	FAST	58	67	0.31576294598180515	0.048	0	16.47400715234556	
402	FAST	59	60	0.049577043098683535	0.0	0	28.970576332440807	
403	FAST	59	61	0.09281650299015765	0.0	0	16.55294191458078	
404	FAST	59	62	0.19190307683821625	0.0	0	7.726373868317847	
405	FAST	60	61	0.04366750880351709	0.0	0	36.74858170500029	
406	FAST	60	62	0.16798056309336168	0.0	0	9.940538192375108	
407	FAST	61	62	0.1284738884202208	0.0	0	15.735826994459478	
408	FAST	61	64	0.34189073151411264	0.048	0	9.956691946198434	
409	FAST	61	65	0.27660027650124386	0.048	0	40.21940634852145	
410	FAST	61	66	0.2846057362515169	0.048	0	29.655665169788147	
411	FAST	61	67	0.313713359586781	0.048	0	15.603764104198332	
412	FAST	62	64	0.4213812504185731	0.048	0	4.957372072538263	
413	FAST	62	65	0.3530950978131749	0.048	0	8.840327132119722	
414	FAST	62	66	0.29304974429611425	0.048	0	22.83318432650861	
415	FAST	62	67	0.39218104977363377	0.048	0	5.903375966271799	
416	FAST	64	65	0.3208596406357785	0.048	0	13.73163816863056	
417	FAST	64	66	0.37832092189058875	0.048	0	7.390891179166732	
418	FAST	64	67	0.28711509697401516	0.048	0	29.11786743824031	
419	FAST	65	66	0.30802592284334046	0.048	0	17.43425362169325	
420	FAST	65	67	0.2869529669048198	0.048	0	26.614231788770585	
421	FAST	66	67	0.34723302916346765	0.048	0	9.813166428975999	
422	FAST	68	69	0.31961417983176404	0.048	0	15.067665731629376	
423	FAST	68	70	0.31025070892562745	0.048	0	16.912690115042558	
424	FAST	68	71	0.35282413558903386	0.048	0	8.681780589656249	
425	FAST	68	73	0.3499823949333256	0.048	0	10.285535595504719	
426	FAST	68	74	0.36326856556838494	0.048	0	8.080159578765848	
427	FAST	68	75	0.32293415966345773	0.048	0	13.931128740353385	
428	FAST	68	76	0.3043083788413486	0.048	0	19.227184978051366	
429	FAST	68	77	0.3277074185209801	0.048	0	12.483137361256308	
430	FAST	68	78	0.3537868345681008	0.048	0	8.72572935728179	
431	FAST	69	70	0.35016734253612003	0.048	0	8.870746842898596	
432	FAST	69	71	0.2889421904033205	0.048	0	26.310212149670253	
433	FAST	69	73	0.409725032299345	0.048	0	5.360015385436929	
434	FAST	69	74	0.43146268347934347	0.048	0	4.3979007191130615	
435	FAST	69	75	0.3940090006189977	0.048	0	6.05364244797683	
436	FAST	69	76	0.375242522649161	0.048	0	6.859571590216971	
437	FAST	69	77	0.3880713581061336	0.048	0	6.072857971110063	
438	FAST	69	78	0.4118340394161036	0.048	0	4.628670615459378	
439	FAST	70	71	0.36321139206122	0.048	0	7.789329459804503	
440	FAST	70	73	0.39483539525942135	0.048	0	6.009269645132835	
441	FAST	70	74	0.39209968574495196	0.048	0	6.543442787734512	
442	FAST	70	75	0.3479917875872324	0.048	0	10.328980244603214	
443	FAST	70	76	0.3135398879049619	0.048	0	15.71820450536323	
444	FAST	70	77	0.29472060910445375	0.048	0	22.411230804347905	
445	FAST	70	78	0.31277550312885255	0.048	0	15.717456377234114	
446	FAST	71	75	0.4279180643201304	0.048	0	4.33186911647983	
447	FAST	71	76	0.404332513209376	0.048	0	5.630162515503882	
448	FAST	71	77	0.40759504955365466	0.048	0	5.302488482335348	
449	FAST	71	78	0.4282032219443983	0.048	0	4.327087525393448	
450	FAST	72	73	0.14025606737595317	0.0	0	11.3172940662996	
451	FAST	72	74	0.08725546934826098	0.0	0	15.851344627187897	
452	FAST	72	75	0.06345545813248002	0.0	0	27.97360366366033	
453	FAST	72	76	0.04017865109099696	0.0	0	38.69196321226768	
454	FAST	72	77	0.04570755266690181	0.0	0	32.69514084126063	
455	FAST	72	78	0.06345764046771263	0.0	0	27.86988721232378	
456	FAST	73	74	0.05432577344421043	0.0	0	34.05410094566703	
457	FAST	73	75	0.11529474650005098	0.0	0	23.8062723416394	
458	FAST	73	76	0.1530252220284384	0.0	0	14.42672510854739	
459	FAST	73	77	0.19731463802204155	0.0	0	8.09239554568636	
460	FAST	73	78	0.21506473749309424	0.0	0	7.397443112194137	
461	FAST	74	75	0.0623156956289603	0.0	0	31.159028857618242	
462	FAST	74	76	0.10004617115734774	0.0	0	15.110415128058953	
463	FAST	74	77	0.14433558326087026	0.0	0	10.441336339035518	
464	FAST	74	78	0.16208567884184233	0.0	0	9.150479388548558	
465	FAST	75	76	0.042285826075788555	0.0	0	40.01690457949693	
466	FAST	75	77	0.087860882596482	0.0	0	17.280074200194246	
467	FAST	75	78	0.10561097428737345	0.0	0	13.766524437044902	
468	FAST	76	77	0.06410468924890102	0.0	0	30.979589300495828	
469	FAST	76	78	0.08185477704971184	0.0	0	19.49801612345733	
470	FAST	77	78	0.02740920468246461	0.0	0	53.24195761402373	
471	FAST	19	79	0.3253503198505974	0.0	535	3.5255881764207992	
472	FAST	21	79	0.28343022409128854	0.0	449	3.678756361540536	
473	FAST	17	79	0.25392633860247116	0.0	46	3.8610290458384964	
474	FAST	28	80	0.22278759400811704	0.0	54	5.502024262232462	
475	FAST	30	80	0.2972283010649743	0.0	665	2.8296591809185356	
476	FAST	39	80	0.470639194108194	0.0	285	1.6526255008969282	
477	FAST	17	81	0.27680014074802767	0.0	51	4.714169490207843	
478	FAST	19	81	0.37700744708461564	0.0	490	2.722015330445738	
479	FAST	21	81	0.37785125491655425	0.0	507	2.6836229722929814	
480	FAST	28	82	0.30799719183988244	0.0	77	3.57992055547746	
481	FAST	39	82	0.2802355799517526	0.0	259	3.2314440005920613	
482	FAST	38	82	0.37736926654511543	0.0	697	2.4069817679964616	
483	FAST	39	83	0.19571702507332417	0.0	199	5.873203783961841	
484	FAST	38	83	0.3130529348455633	0.0	516	3.3944132210674414	
485	FAST	37	83	0.35495425640229133	0.0	327	3.2916245051592368	
