n_interc	
0	
0	
0	
0	
0	
0	
0	
0	
0	
0	
0	
0	
0	
0	
0	
0	
0	
0	
0	
0	
0	
0	
0	
0	
0	
0	
0	
0	
0	
0	
0	
0	
0	
0	
0	
0	
0	
0	
0	
0	
0	
0	
0	
0	
0	
0	
0	
0	
0	
0	
0	
0	
0	
0	
0	
0	
0	
0	
0	
0	
0	
0	
0	
0	
0	
0	
0	
1	
1	
1	
1	
1	
1	
1	
1	
1	
1	
2	
2	
2	
2	
2	
2	
3	
3	
3	
3	
3	
3	
3	
4	
4	
4	
4	
4	
5	
5	
5	
5	
6	
54	
56	
58	
60	
61	
64	
65	
67	
68	
70	
72	
76	
77	
79	
80	
82	
83	
85	
87	
88	
88	
90	
91	
94	
95	
96	
97	
100	
103	
104	
105	
108	
110	
112	
112	
113	
115	
117	
120	
121	
123	
124	
126	
128	
130	
133	
135	
137	
138	
141	
142	
144	
145	
146	
149	
150	
151	
154	
156	
157	
160	
161	
163	
165	
168	
170	
172	
173	
175	
177	
179	
180	
182	
185	
186	
188	
190	
192	
193	
194	
197	
198	
199	
202	
203	
204	
205	
208	
210	
211	
212	
215	
215	
216	
218	
219	
222	
224	
226	
227	
499	
502	
506	
510	
514	
518	
522	
527	
532	
535	
539	
542	
544	
547	
553	
557	
561	
563	
565	
570	
572	
577	
582	
585	
591	
593	
598	
603	
605	
609	
613	
616	
622	
626	
629	
632	
636	
639	
644	
648	
651	
653	
658	
662	
666	
670	
673	
678	
681	
686	
690	
693	
695	
699	
701	
706	
708	
709	
713	
715	
719	
723	
725	
728	
730	
733	
735	
738	
741	
742	
744	
747	
749	
750	
752	
753	
756	
759	
761	
761	
762	
763	
765	
766	
767	
768	
769	
770	
772	
773	
776	
778	
779	
781	
782	
783	
784	
785	
786	
787	
3270	
3275	
3282	
3286	
3288	
3289	
3292	
3296	
3302	
3306	
3309	
3311	
3317	
3326	
3328	
3330	
3334	
3337	
3343	
3349	
3353	
3360	
3362	
3369	
3373	
3375	
3379	
3383	
3386	
3387	
3390	
3393	
3399	
3401	
3405	
3407	
3410	
3415	
3419	
3423	
3426	
3429	
3432	
3435	
3437	
3442	
3450	
3453	
3454	
3455	
3457	
3458	
3460	
3464	
3468	
3470	
3472	
3475	
3477	
3484	
3485	
3488	
3491	
3493	
3497	
3503	
3506	
3507	
3509	
3514	
3517	
3521	
3526	
3530	
3533	
3535	
3535	
3536	
3537	
3538	
3540	
3542	
3545	
3547	
3547	
3548	
3550	
3551	
3554	
3555	
3557	
3559	
3560	
3563	
3564	
3565	
3566	
3567	
3568	
3571	
3038	
3040	
3040	
3040	
3042	
3043	
3044	
3046	
3047	
3050	
3052	
3053	
3054	
3056	
3057	
3059	
3059	
3061	
3061	
3063	
3064	
3066	
3067	
3068	
3072	
3074	
3077	
3079	
3080	
3083	
3084	
3086	
3086	
3088	
3090	
3092	
3093	
3094	
3095	
3098	
3099	
3100	
3101	
3102	
3104	
3107	
3109	
3111	
3113	
3113	
3114	
3115	
3115	
3117	
3118	
3119	
3123	
3126	
3127	
3128	
3130	
3131	
3133	
3133	
3136	
3139	
3141	
3141	
3141	
3144	
3146	
3146	
3148	
3149	
3152	
3154	
3154	
3155	
3158	
3158	
3159	
3160	
3162	
3163	
3163	
3163	
3163	
3163	
3165	
3165	
3167	
3168	
3168	
3170	
3171	
3174	
3176	
3178	
3179	
3179	
