id	x	y	type	qual	N	n_links	count	acc	
1	0.5290865972208558	0.08782825570975693	STD	0.30206271725853684	0	18	0	0.9473266637804875	
2	0.5301822646847826	0.10720123054485474	STD	0.2070683610466857	0	18	4	0.927846129599174	
3	0.5333754021576235	0.11316317727647134	STD	0.38208312972610403	0	18	7	0.8974321527755307	
4	0.5228257638719125	0.1527978029111725	STD	0.6604849725904984	0	17	49	0.9758321278654396	
5	0.5110057050013014	0.18322738970304364	STD	0.4866985181364447	0	19	700	0.9741154923772786	
6	0.46055093200691144	0.23803676739353677	STD	0.87023681556409	0	15	8	0.9667339733901279	
7	0.49049816672070146	0.0769888854245772	STD	0.3402384074535889	0	16	0	0.8536093788315867	
8	0.5243639373822653	0.14811813155714765	STD	0.8497687373757934	1	18	2352	0.9778682431261312	
9	0.4372574223741947	0.2995079543610299	STD	0.4132612190657843	0	16	9	0.9503375832910548	
10	0.41937970228563354	0.33373740205414487	STD	0.3638218932326016	0	15	0	0.8682818309613372	
11	0.4998163145722239	0.3654513890156738	STD	0.6503050021167165	0	15	0	0.9709171365371163	
12	0.515877597084288	0.3934792280858458	STD	0.928904340951392	0	12	0	0.9335911721447777	
13	0.527761674424959	0.4273044524055435	STD	0.26520565103836935	0	11	0	0.9236520595827581	
14	0.5279485391483765	0.45960239084181165	STD	0.34619921880784443	0	12	0	0.9272851059316444	
15	0.5178388115657108	0.47324318956320754	STD	0.807682725621768	0	12	0	0.9483119369769435	
16	0.4983862803694047	0.5086814241359012	STD	0.8384203463587834	0	11	0	0.8093077685419937	
17	0.19045354636733625	0.002995199780724391	STD	0.3916594765801249	1	5	48	0.929504701868826	
18	0.260845314655781	0.09852695010641736	STD	0.21875902358298127	0	7	0	0.9542958848795751	
19	0.23158108780837086	0.14021317238405023	STD	0.9910211626051162	0	9	733	0.921713452639538	
20	0.2801200648305022	0.15889412442380177	STD	0.9387310176447277	0	8	26	0.9636778668400804	
21	0.23191891500510464	0.15860984189908572	STD	0.15709129961623924	1	10	603	0.9380932011982828	
22	0.24223756772992455	0.18442460012929646	STD	0.21167836269605877	24	9	1229	0.9586173718326999	
23	0.368004880062751	0.2085094845428714	STD	0.8132416922880426	1	17	631	0.9715176229752798	
24	0.3719839740227433	0.2215652327591495	STD	0.829517701432118	17	17	1821	0.9778288535670676	
25	0.3455553328417463	0.2744769879628167	STD	0.9905766319373674	0	15	689	0.8769446808266067	
26	0.44093575929207557	0.3712978642887976	STD	0.14361608903934187	0	15	0	0.9160155551625839	
27	0.36967671375721445	0.41015518237073767	STD	0.18574708831973674	0	14	4	0.8681088721631436	
28	0.1573274485692997	0.4835700453482871	STD	0.3074738599671232	0	2	33	0.8378616264505848	
29	0.36716528647906305	0.4179604961228007	STD	0.4950589867627404	0	13	6	0.947803799548657	
30	0.22100419841716157	0.4019146525885682	STD	0.7319644450705212	0	6	579	0.9524879287187537	
31	0.47787268628758284	0.5480021666943438	STD	0.3755267904805695	0	11	0	0.90457106836644	
32	0.46676331894608003	0.6284350713290916	STD	0.17907192290074803	0	7	0	0.9075476452176108	
33	0.4608416104655608	0.7277137825604496	STD	0.9158500959111004	0	7	1	0.9641834189906118	
34	0.4626107695368043	0.8130296791693479	STD	0.16919478860302606	2	15	1255	0.9353025168177955	
35	0.41096732927400903	0.7751332799821633	STD	0.4993145358474307	6	12	407	0.9754388746085136	
36	0.28631860993830643	0.7727157794916976	STD	0.9017340584841167	0	9	372	0.9595538572485676	
37	0.2593266062207844	0.7914395937162324	STD	0.7441037539999382	0	9	981	0.9499779124269546	
38	0.22221233076092273	0.8261440423391756	STD	0.42946384163290485	22	8	584	0.971211562895259	
39	0.1527652674630883	0.8358499459600879	STD	0.4568095237983132	6	7	486	0.9657590511245003	
40	0.28962421229098206	0.869035900942634	STD	0.997520761346484	5	9	658	0.9270174632927836	
41	0.3153375768362312	0.8870629299068465	STD	0.8832822336688362	5	11	486	0.9771149443499905	
42	0.38914135655596416	0.9106268739207488	STD	0.24537189792190617	1	13	96	0.960723572034021	
43	0.48046327153884866	0.8968259831074697	STD	0.028661523403489708	0	13	20	0.8482802143327883	
44	0.49826819224557845	0.9044854921625778	STD	0.3854736824008038	0	14	227	0.9511600011212085	
45	0.530170585639569	0.9121028717198222	STD	0.9107526409117701	1	15	492	0.9602088298582521	
46	0.4847793275811146	0.9204492747618408	STD	0.5752752587887822	0	10	0	0.9717808503280595	
47	0.5764771347969846	0.9306369200322399	STD	0.04266704658139342	0	15	1	0.8150514373580738	
48	0.6001695919630531	0.9436531031548717	STD	0.5498208628044634	0	15	0	0.883679017456611	
49	0.5600944622629316	0.9598293649607524	STD	0.49545300525550995	0	13	0	0.9588453167696717	
50	0.676757136993029	0.9547977108106617	STD	0.07702509010012926	0	12	0	0.7947527633066349	
51	0.7136194046106153	0.9998054959685726	STD	0.8121180869409952	0	9	0	0.9675963682823537	
52	0.7111205214921377	0.9245728367440629	STD	0.21459053899076763	0	11	0	0.8714468252994887	
53	0.7026486286056469	0.8985914288740412	STD	0.7944792590680527	0	13	0	0.9709682031748023	
54	0.6841337084613773	0.8734880730081942	STD	0.03795681347173496	0	15	0	0.7579179446015113	
55	0.7487391586823343	0.8203755982229649	STD	0.0914731845106036	0	12	0	0.8076566734771633	
56	0.6913128608098928	0.8026145346104842	STD	0.5066934728881405	0	18	0	0.9541298159703613	
57	0.7062995413951377	0.7555676817559628	STD	0.19288099558393657	0	15	0	0.8939383226742371	
58	0.6946833467470882	0.6969819624143379	STD	0.7299116011543263	0	14	0	0.949241023112294	
59	0.7445355675199029	0.6959235961593058	STD	0.22404342130478017	0	8	0	0.8167403730858485	
60	0.7473714992321001	0.650423921638075	STD	0.27784076882814945	0	7	0	0.8584073191904737	
61	0.7721569420072685	0.624518859745052	STD	0.5974810432950373	0	11	0	0.9564845594356014	
62	0.8472347325369116	0.5978493123203564	STD	0.6471956419695724	0	8	0	0.9677890771922878	
63	0.6209223901931383	0.862215538216282	EXIT	0.5092407577001765	0	11	1935	0.9721097450788041	
64	0.6867054774731324	0.6640745017298447	EXIT	0.7636835175654866	0	8	0	0.7572844848631366	
65	0.7439150209175545	0.6185191430027415	EXIT	0.7433446415826981	0	8	0	0.9634449043650188	
66	0.8022264606500168	0.6031697550197176	EXIT	0.7954632177734811	0	7	0	0.8851669701759649	
67	0.7063966504933027	0.6299630166307487	EXIT	0.8226022630751602	0	8	0	0.9667914364919702	
68	0.6461870198678478	0.09215924135885288	EXIT	0.997089012933952	0	16	823	0.8903091009296628	
69	0.6634258961832257	0.1619477070633198	EXIT	0.9229424034593794	0	16	2204	0.9397701099314096	
70	0.7037625067289622	0.06778424955955283	EXIT	0.6575225388876402	0	12	2	0.9713769437081212	
71	0.6987624479386872	0.18315924981954215	EXIT	0.13907032273480335	0	13	3	0.8784942523120879	
72	0.6538685441834395	0.0001945040314274314	STD	0.10168270413451941	0	11	0	0.8402987060967836	
73	0.559825411665789	0.03740877169667725	STD	0.8369546467658815	0	16	0	0.9630168228959066	
74	0.576153581988845	0.000263010258388662	STD	0.45427049628953275	0	16	0	0.9651361099557795	
75	0.6133145736295614	0.024517878037257763	STD	0.7744550296888313	0	17	0	0.9626953441007317	
76	0.6463688669273957	0.03557925245900701	STD	0.3079422202539557	0	16	0	0.8682130205741085	
77	0.6875197664588574	0.02368811010106969	STD	0.6734768616479032	0	13	0	0.9448271283891881	
78	0.7032177008976098	0.0027391257024041026	STD	0.03271609072021442	0	11	0	0.7659120854994083	
79	0.0	0.28464990390338163	ENTRY	0.0	1	3	1064	0.7603551516407517	
80	0.0	0.7949230598929509	ENTRY	0.0	0	3	1032	0.7581777129403915	
81	0.0	0.9038846666068234	ENTRY	0.0	0	3	1020	0.7580876024903125	
82	0.0	0.10131896774200921	ENTRY	0.0	0	3	1055	0.6800589499371419	
83	0.0	0.26857411114147145	ENTRY	0.0	0	3	1060	0.7630549699017467	
