n_interc	
0	
0	
0	
0	
0	
0	
0	
0	
0	
0	
0	
0	
0	
0	
0	
0	
0	
0	
0	
0	
0	
0	
0	
0	
0	
0	
0	
0	
0	
0	
0	
0	
0	
0	
0	
0	
0	
0	
0	
0	
0	
0	
0	
0	
0	
0	
0	
0	
0	
0	
0	
0	
0	
0	
0	
0	
0	
0	
0	
0	
0	
0	
0	
0	
1	
1	
1	
1	
1	
2	
2	
2	
2	
2	
2	
4	
4	
4	
4	
4	
4	
4	
4	
4	
4	
4	
6	
7	
7	
7	
7	
7	
7	
7	
7	
7	
7	
7	
7	
7	
69	
73	
74	
76	
78	
78	
79	
82	
82	
85	
86	
89	
91	
91	
93	
93	
98	
99	
101	
102	
103	
104	
107	
109	
112	
113	
114	
117	
119	
122	
123	
124	
126	
127	
129	
130	
132	
135	
136	
140	
142	
143	
145	
147	
150	
151	
151	
153	
154	
155	
157	
158	
160	
163	
164	
166	
168	
170	
171	
174	
175	
177	
179	
179	
182	
184	
185	
186	
187	
191	
195	
196	
197	
198	
201	
202	
203	
205	
208	
209	
211	
213	
217	
219	
222	
224	
225	
226	
228	
229	
232	
233	
235	
236	
237	
239	
241	
244	
245	
247	
539	
542	
548	
553	
560	
564	
566	
572	
576	
580	
583	
586	
591	
595	
599	
603	
608	
613	
616	
620	
624	
626	
631	
634	
637	
641	
645	
652	
653	
656	
661	
665	
668	
672	
673	
676	
680	
683	
686	
688	
693	
697	
701	
705	
708	
712	
713	
715	
721	
724	
726	
731	
732	
735	
737	
740	
741	
742	
743	
747	
748	
749	
752	
753	
755	
757	
759	
763	
765	
768	
769	
771	
771	
771	
773	
774	
774	
774	
776	
778	
779	
781	
782	
783	
785	
786	
786	
790	
791	
793	
795	
796	
799	
801	
802	
803	
803	
804	
806	
807	
3348	
3354	
3359	
3363	
3367	
3372	
3376	
3382	
3385	
3388	
3390	
3394	
3399	
3402	
3404	
3407	
3413	
3415	
3419	
3425	
3425	
3428	
3432	
3439	
3446	
3449	
3453	
3457	
3460	
3463	
3467	
3469	
3474	
3477	
3482	
3487	
3488	
3490	
3495	
3497	
3502	
3505	
3508	
3511	
3519	
3522	
3524	
3525	
3531	
3532	
3533	
3538	
3539	
3543	
3544	
3546	
3553	
3556	
3556	
3559	
3562	
3563	
3569	
3570	
3572	
3574	
3578	
3585	
3589	
3591	
3592	
3594	
3594	
3595	
3597	
3601	
3603	
3605	
3606	
3608	
3612	
3613	
3614	
3615	
3617	
3619	
3621	
3623	
3623	
3623	
3626	
3626	
3630	
3632	
3635	
3637	
3642	
3642	
3644	
3647	
3107	
3108	
3111	
3113	
3115	
3116	
3116	
3116	
3120	
3120	
3121	
3122	
3123	
3128	
3129	
3130	
3132	
3134	
3135	
3135	
3137	
3141	
3143	
3144	
3144	
3147	
3149	
3150	
3151	
3153	
3155	
3158	
3158	
3159	
3160	
3160	
3160	
3164	
3165	
3170	
3170	
3171	
3172	
3174	
3176	
3177	
3178	
3180	
3183	
3186	
3187	
3187	
3189	
3190	
3191	
3192	
3192	
3192	
3193	
3195	
3197	
3199	
3200	
3201	
3201	
3201	
3203	
3203	
3204	
3205	
3206	
3207	
3207	
3209	
3210	
3212	
3212	
3214	
3215	
3216	
3218	
3219	
3220	
3222	
3223	
3223	
3226	
3228	
3230	
3231	
3231	
3232	
3234	
3235	
3236	
3239	
3242	
3244	
3245	
3247	
