id	type	l1	l2	friction	risk	count	acc	
1	FAST	1	2	0.02151630826214646	0.0	0	66.84370731852583	
2	FAST	1	3	0.027987052819351734	0.0	0	48.45482505557518	
3	FAST	1	4	0.07302656972007415	0.0	0	19.790246084808786	
4	FAST	1	5	0.10800269310982086	0.0	0	11.758580670466893	
5	FAST	1	6	0.2005826597473596	0.0	0	5.9299378179785105	
6	FAST	1	7	0.05791240055316788	0.0	0	31.75742813306823	
7	FAST	1	8	0.06855335822514483	0.0	0	20.246295413619926	
8	FAST	1	68	0.36490858423453987	0.048	0	6.93246809352459	
9	FAST	1	69	0.40115801759656244	0.048	0	5.277280877631559	
10	FAST	1	70	0.423550267947518	0.048	0	4.207640782535202	
11	FAST	1	71	0.44235053412726005	0.048	0	3.278962900651539	
12	FAST	1	72	0.28733633203502157	0.0	0	5.94720880257359	
13	FAST	1	73	0.1906077266698771	0.0	0	18.503784660123426	
14	FAST	1	74	0.20210142113627694	0.0	0	10.838919548846091	
15	FAST	1	75	0.2630703980821981	0.0	0	9.231939515988037	
16	FAST	1	76	0.3008008736105855	0.0	0	7.044388402250903	
17	FAST	1	77	0.3450902934942693	0.0	0	5.160370738430169	
18	FAST	1	78	0.36284036573475764	0.0	0	3.995846074380876	
19	FAST	2	3	0.007516752227496343	0.0	0	200.37879340534698	
20	FAST	2	4	0.05255626523813813	0.0	0	27.622356481108856	
21	FAST	2	5	0.08753238084772358	0.0	1	14.92143198832436	
22	FAST	2	6	0.18130277439888826	0.0	0	6.538180674173958	
23	FAST	2	7	0.06458409111532147	0.0	0	23.972996785109473	
24	FAST	2	8	0.04808305763328943	0.0	0	31.887796061071242	
25	FAST	2	23	0.24993272053144797	0.0	3	4.91764260734433	
26	FAST	2	68	0.36470401260312413	0.048	2	7.3593444924151985	
27	FAST	2	69	0.391780317504476	0.048	0	5.555853409078454	
28	FAST	2	70	0.4257275325971185	0.048	2	4.266667124459257	
29	FAST	2	71	0.43263050137245695	0.048	0	3.542839090785113	
30	FAST	2	72	0.3002858035948819	0.0	0	5.607756058834449	
31	FAST	2	73	0.2035572098999793	0.0	0	14.425529926830963	
32	FAST	2	74	0.21505090436637914	0.0	0	8.396279278577396	
33	FAST	2	75	0.2760198696420584	0.0	0	8.413820867265665	
34	FAST	2	76	0.3137503451704458	0.0	0	6.574970692264096	
35	FAST	2	77	0.3580397650541296	0.0	0	4.601960487525594	
36	FAST	3	4	0.04596140765847902	0.0	0	29.074694478599973	
37	FAST	3	5	0.08093752715814509	0.0	0	15.905310428724968	
38	FAST	3	6	0.18231210638901338	0.0	0	6.977196517010041	
39	FAST	3	7	0.06852057262560743	0.0	0	21.936189312046086	
40	FAST	3	8	0.04148820394371095	0.0	0	34.05847689421185	
41	FAST	3	23	0.253869190371492	0.0	7	4.47147996961465	
42	FAST	3	68	0.3624783762095865	0.048	2	7.249293383918813	
43	FAST	3	69	0.3866275625916361	0.048	5	5.89471196761648	
44	FAST	3	70	0.424054534998753	0.048	0	3.971268198337084	
45	FAST	3	71	0.42731742112785376	0.048	0	4.004381498218848	
46	FAST	3	72	0.30422229677540974	0.0	0	5.40568401852709	
47	FAST	3	73	0.20749369141026527	0.0	0	12.990191083122726	
48	FAST	3	74	0.2189873742064232	0.0	0	8.527256597328623	
49	FAST	3	75	0.27995636282258624	0.0	0	8.009401533076717	
50	FAST	3	76	0.3176868383509737	0.0	0	6.57684010468052	
51	FAST	3	77	0.36197625823465746	0.0	0	4.535576544830489	
52	FAST	4	5	0.03612179881582182	0.0	0	38.55843451036774	
53	FAST	4	6	0.131309053093839	0.0	3	10.826198800222814	
54	FAST	4	7	0.11268187659387058	0.0	0	14.452279473421916	
55	FAST	4	8	0.007503043583361338	0.0	0	262.1162794828322	
56	FAST	4	9	0.19906910328632327	0.0	1	5.530565902671225	
57	FAST	4	23	0.20219244902298494	0.0	17	6.0923152081299765	
58	FAST	4	24	0.1883962275027891	0.0	28	6.22832911415316	
59	FAST	4	68	0.38518730849483807	0.048	18	6.164924436389009	
60	FAST	4	69	0.38862564188147486	0.048	31	5.784291038000974	
61	FAST	4	71	0.42626530464684514	0.048	0	3.844450221532418	
62	FAST	4	73	0.25165497981820595	0.0	0	7.925480741762327	
63	FAST	4	74	0.26314868595484764	0.0	0	5.571739889049472	
64	FAST	4	75	0.32411765123052694	0.0	0	5.611433947378092	
65	FAST	4	76	0.36184812675891437	0.0	0	4.636368982178227	
66	FAST	5	6	0.09695465406038882	0.0	0	15.64293650480473	
67	FAST	5	7	0.1480079633072034	0.0	0	10.206900661484497	
68	FAST	5	8	0.04282913807685543	0.0	1	35.063884606874716	
69	FAST	5	9	0.1647147042528731	0.0	1	7.454607500271761	
70	FAST	5	10	0.20580158024837855	0.0	0	5.6117502990823	
71	FAST	5	11	0.315176425388388	0.0	0	4.587451334353321	
72	FAST	5	23	0.1678380499895348	0.0	20	7.435784691022686	
73	FAST	5	24	0.1540418323594195	0.0	11	6.973559787789185	
74	FAST	5	25	0.21818540685428356	0.0	670	4.3710551437585945	
75	FAST	5	68	0.41072317596004826	0.048	297	4.247612475625463	
76	FAST	5	69	0.4016265693558544	0.048	398	4.272424268248374	
77	FAST	5	71	0.4354848530175842	0.048	3	3.631899999312953	
78	FAST	5	73	0.2869810937621032	0.0	0	5.945591448010674	
79	FAST	5	74	0.2984747765582611	0.0	0	4.712736357651614	
80	FAST	5	75	0.3594437418339404	0.0	0	3.9888432178461275	
81	FAST	6	7	0.22348282140222536	0.0	0	6.030386527600419	
82	FAST	6	8	0.1367366608602571	0.0	5	9.929907563031126	
83	FAST	6	9	0.07023925303818712	0.0	0	18.31160786889074	
84	FAST	6	10	0.11132612125353132	0.0	0	11.122375015611574	
85	FAST	6	11	0.2207009547232989	0.0	0	7.652895425335249	
86	FAST	6	12	0.25762382228263525	0.0	0	5.510043418012571	
87	FAST	6	23	0.1142018866986697	0.0	0	11.396577609106895	
88	FAST	6	24	0.1001154807239066	0.0	0	12.982687588138756	
89	FAST	6	25	0.16454923189317652	0.0	8	8.52186860837943	
90	FAST	6	26	0.15947391760864105	0.0	0	7.534096553634114	
91	FAST	7	8	0.10798518774699241	0.0	0	14.456018021172047	
92	FAST	7	23	0.2485729428477388	0.0	0	4.872131006630954	
93	FAST	7	24	0.2631165461086946	0.0	0	4.5647787870943635	
94	FAST	7	68	0.40415430617655823	0.048	0	4.73406785256146	
95	FAST	7	69	0.4403988038214797	0.048	0	3.5766030434374505	
96	FAST	7	72	0.25068690991330783	0.0	0	5.325789068876264	
97	FAST	7	73	0.15395831621840525	0.0	0	13.398187212603732	
98	FAST	7	74	0.16545201068480506	0.0	0	9.239045599049675	
99	FAST	7	75	0.22642097596048436	0.0	0	7.501164370518805	
100	FAST	7	76	0.26415145148887176	0.0	0	5.715080973217932	
101	FAST	8	9	0.20593583471103105	0.0	7	5.442239795083835	
102	FAST	8	23	0.20905918044769273	0.0	583	5.210132318665441	
103	FAST	8	24	0.19526296281757746	0.0	1765	3.3875723995133544	
104	FAST	8	68	0.381788758681206	0.048	532	5.030647036278857	
105	FAST	8	69	0.3874760334580042	0.048	1819	2.5182917978158694	
106	FAST	8	71	0.4256121061407696	0.048	0	4.133379812146978	
107	FAST	8	72	0.34401116178742613	0.0	0	3.9833880815474636	
108	FAST	8	73	0.2472825797627654	0.0	0	8.398558745516517	
109	FAST	8	74	0.25877625866884274	0.0	0	6.043080775242388	
110	FAST	8	75	0.3197452278346027	0.0	0	5.533290433356048	
111	FAST	8	76	0.3574757033629901	0.0	0	4.84846218628471	
112	FAST	9	10	0.042910483552879006	0.0	0	31.27854199525511	
113	FAST	9	11	0.15228532869288847	0.0	0	11.457797281583478	
114	FAST	9	12	0.18920818458198294	0.0	0	8.587296165020113	
115	FAST	9	13	0.22995744825989792	0.0	0	6.069196280928946	
116	FAST	9	14	0.25331769753086336	0.0	0	5.402705326151141	
117	FAST	9	15	0.24757465090643752	0.0	0	4.875628193143819	
118	FAST	9	23	0.17921559053844677	0.0	0	9.301053933945518	
119	FAST	9	24	0.16512918067360308	0.0	0	11.366769458617425	
120	FAST	9	25	0.17977600333395677	0.0	1	11.297793536471053	
121	FAST	9	26	0.09105827990798876	0.0	0	16.785985145039497	
122	FAST	9	27	0.17848346569391205	0.0	2	7.908935446246539	
123	FAST	9	29	0.1855811706559399	0.0	6	7.174499796664849	
124	FAST	10	11	0.10937484514000945	0.0	0	12.896784921001412	
125	FAST	10	12	0.1462977010291039	0.0	0	9.670058085284621	
126	FAST	10	13	0.18704696470701887	0.0	0	6.973683284817567	
127	FAST	10	14	0.21040721786806496	0.0	0	5.6682265435223425	
128	FAST	10	15	0.2046641673535585	0.0	0	5.842110195715125	
129	FAST	10	16	0.20323672949747695	0.0	0	5.017855756284435	
130	FAST	10	23	0.213153638132304	0.0	0	7.360540619583598	
131	FAST	10	24	0.199016878953885	0.0	0	8.325668921400826	
132	FAST	10	25	0.13705416535107862	0.0	0	11.137616179722935	
133	FAST	10	26	0.04814779635510974	0.0	0	29.252487006926096	
134	FAST	10	27	0.1355729938112749	0.0	0	12.10028043377398	
135	FAST	10	29	0.14267068710306088	0.0	0	11.657419309593271	
136	FAST	11	12	0.0364924262477068	0.0	0	40.732487543084325	
137	FAST	11	13	0.07678160230952209	0.0	0	17.993595854682006	
138	FAST	11	14	0.1121667443368769	0.0	0	11.522259594879502	
139	FAST	11	15	0.13120902745063714	0.0	0	10.14883455385266	
140	FAST	11	16	0.21670056307836655	0.0	0	6.866678826720068	
141	FAST	11	24	0.31300570982660975	0.0	0	4.422718658656157	
142	FAST	11	25	0.2510430001138839	0.0	0	5.170053315794549	
143	FAST	11	26	0.0629029032998397	0.0	0	20.367958258038176	
144	FAST	11	27	0.15032809297584365	0.0	0	7.76836978694606	
145	FAST	11	29	0.1574258018279521	0.0	0	7.317101136808252	
146	FAST	11	31	0.2612748846871239	0.0	0	5.066808015801338	
147	FAST	12	13	0.041186765485885346	0.0	0	34.10810704057481	
148	FAST	12	14	0.0765719114033208	0.0	0	17.043922713413824	
149	FAST	12	15	0.09561419451708102	0.0	0	14.845584006307439	
150	FAST	12	16	0.14372326122945295	0.0	0	9.200180931361338	
151	FAST	12	26	0.09403059326424705	0.0	0	14.938347556175842	
152	FAST	12	27	0.1814557907204122	0.0	0	6.776966722289937	
153	FAST	12	29	0.18855348401219818	0.0	0	6.5780591852311625	
154	FAST	12	31	0.19481717124778766	0.0	0	6.261803218759815	
155	FAST	13	14	0.035643937421330284	0.0	0	40.1841272065837	
156	FAST	13	15	0.05468622442517113	0.0	0	26.213301619509945	
157	FAST	13	16	0.10279528335738179	0.0	0	13.61445035601086	
158	FAST	13	26	0.13496519205354798	0.0	0	10.764729127808314	
159	FAST	13	27	0.22239038950971318	0.0	0	5.949682047940642	
160	FAST	13	29	0.22948808669157972	0.0	0	6.074833560062047	
161	FAST	13	31	0.15388919337571655	0.0	0	8.362045531067436	
162	FAST	14	15	0.019130319528464904	0.0	0	77.3898162123718	
163	FAST	14	16	0.06723938624083681	0.0	0	21.75675873740066	
164	FAST	14	26	0.1630868027618412	0.0	0	8.348712010020654	
165	FAST	14	27	0.2503014029230186	0.0	0	6.1040294721191195	
166	FAST	14	29	0.25739912344536897	0.0	0	5.690591891525498	
167	FAST	14	31	0.1183333001492522	0.0	0	10.82448504075283	
168	FAST	14	32	0.21194727355834295	0.0	0	5.066035375507524	
169	FAST	15	16	0.048585982817270716	0.0	0	30.724042479458237	
170	FAST	15	26	0.15747477794306555	0.0	0	8.451149454519033	
171	FAST	15	27	0.244689378104243	0.0	0	5.710373777148029	
172	FAST	15	29	0.25178707528610955	0.0	0	5.769005239400282	
173	FAST	15	31	0.09967989283560547	0.0	0	14.631100146457676	
174	FAST	15	32	0.1932938779149381	0.0	0	6.08984144969781	
175	FAST	16	26	0.15613073174541822	0.0	0	7.150369238136391	
176	FAST	16	27	0.24334533190659563	0.0	0	6.093393868546189	
177	FAST	16	29	0.250443052428946	0.0	0	6.038754586676161	
178	FAST	16	31	0.05291526521902438	0.0	0	27.211503918824874	
179	FAST	16	32	0.14652924640827636	0.0	0	8.983645625636797	
180	FAST	17	18	0.144492633596006	0.0	0	9.00057173551273	
181	FAST	17	19	0.20948451408345695	0.0	24	6.928924777156191	
182	FAST	17	20	0.22112509410431017	0.0	23	5.083494124767841	
183	FAST	17	21	0.2301959607734761	0.0	0	5.7783323727828115	
184	FAST	18	19	0.06547912086633792	0.0	0	24.268867905386717	
185	FAST	18	20	0.07711971255743301	0.0	0	18.491402254614005	
186	FAST	18	21	0.08619056366627643	0.0	0	17.487596662384963	
187	FAST	18	22	0.11826343430116347	0.0	0	13.030861097075151	
188	FAST	18	23	0.2031332533527576	0.0	0	6.678893364825447	
189	FAST	18	24	0.21725088889480668	0.0	0	5.78795530162583	
190	FAST	19	20	0.0557718564567446	0.0	1	24.645112456811148	
191	FAST	19	21	0.020826386902350846	0.0	1	71.52514559191845	
192	FAST	19	22	0.052899253647157266	0.0	0	25.98334409578354	
193	FAST	19	23	0.18178540114214978	0.0	257	6.263535570635992	
194	FAST	19	24	0.19590302501395698	0.0	412	5.554115054711522	
195	FAST	19	25	0.25918542512951476	0.0	62	5.055015484364932	
196	FAST	20	21	0.051960300995763854	0.0	2	24.64834030605707	
197	FAST	20	22	0.057609725049702395	0.0	0	26.36934662806035	
198	FAST	20	23	0.12831906321120456	0.0	6	11.175275611763862	
199	FAST	20	24	0.14243669875325368	0.0	19	9.921657337096567	
200	FAST	20	25	0.20571908719856957	0.0	1	7.263332832798597	
201	FAST	21	22	0.03241731782414188	0.0	0	43.9263837956063	
202	FAST	21	23	0.177942145414127	0.0	231	6.617726045312898	
203	FAST	21	24	0.1920597848462567	0.0	323	5.79471971983364	
204	FAST	21	25	0.25534216940149196	0.0	46	5.656252861621709	
205	FAST	22	23	0.18354915202889183	0.0	130	7.719739374220904	
206	FAST	22	24	0.19766678757094094	0.0	1063	5.640830494933854	
207	FAST	22	25	0.2609491876864987	0.0	12	7.148003232097541	
208	FAST	23	24	0.014785710209034767	0.0	0	94.47738819277387	
209	FAST	23	25	0.07806810643451191	0.0	7	17.41265322965212	
210	FAST	23	26	0.26582657077857297	0.0	0	5.126170906357134	
211	FAST	24	25	0.06401010971857911	0.0	3	20.520239536223045	
212	FAST	24	26	0.25176857017255955	0.0	0	5.544033371309564	
213	FAST	24	27	0.3391937559584829	0.0	2	4.917521741031374	
214	FAST	25	26	0.1896613206239994	0.0	0	7.459451590676254	
215	FAST	25	27	0.2770865064099227	0.0	0	6.91099751575583	
216	FAST	25	29	0.28418422304219243	0.0	0	6.353820649581422	
217	FAST	25	30	0.4521379951502652	0.0	569	3.646016669185429	
218	FAST	26	27	0.08793642018212716	0.0	0	13.923011473067891	
219	FAST	26	29	0.09503412125407436	0.0	0	12.921950641668065	
220	FAST	26	31	0.2001531209344359	0.0	0	5.133106462081262	
221	FAST	27	29	0.009295402123045745	0.0	0	156.88300071145483	
222	FAST	27	30	0.1772491897914411	0.0	4	6.371148795807378	
223	FAST	27	31	0.28774323446876776	0.0	0	5.0207875066212795	
224	FAST	28	30	0.15944353607893208	0.0	30	10.191460389274681	
225	FAST	29	30	0.16795380711879848	0.0	6	7.0122576917465675	
226	FAST	29	31	0.2954023675373496	0.0	0	5.364138139722012	
227	FAST	31	32	0.09361397729917137	0.0	0	13.898448785272203	
228	FAST	31	33	0.20448155529861253	0.0	0	5.330080818390958	
229	FAST	32	33	0.11533800808672107	0.0	0	11.76348336303625	
230	FAST	32	34	0.21282922874836685	0.0	0	5.200820946736647	
231	FAST	32	35	0.1856925008734483	0.0	0	6.216310582877507	
232	FAST	33	34	0.09994297898851423	0.0	0	13.602648017072102	
233	FAST	33	35	0.08939985684434527	0.0	0	17.224297530756107	
234	FAST	33	36	0.23577195177538954	0.0	1	5.152586563931327	
235	FAST	33	43	0.21187265792180676	0.0	0	5.817382403848756	
236	FAST	33	44	0.23313834384937832	0.0	1	4.98980664229359	
237	FAST	34	35	0.07425086367565223	0.0	0	18.50551972669932	
238	FAST	34	36	0.22119958914834686	0.0	369	4.590033130792582	
239	FAST	34	40	0.21309968660406667	0.0	641	4.513962824798882	
240	FAST	34	41	0.19701331626663482	0.0	250	5.320536148564206	
241	FAST	34	42	0.19652467156864095	0.0	0	8.109534128173642	
242	FAST	34	43	0.11495453171851999	0.0	0	13.673239716557589	
243	FAST	34	44	0.1362202176460916	0.0	0	11.63571189535289	
244	FAST	34	45	0.17083477360173724	0.0	0	8.776059621862947	
245	FAST	34	46	0.1415772009986984	0.0	0	10.111669976189482	
246	FAST	34	47	0.2729031837234328	0.0	0	5.370557336716992	
247	FAST	34	48	0.30365908701192784	0.0	0	4.551220089135197	
248	FAST	34	49	0.2550983585980977	0.0	0	5.162269908615109	
249	FAST	34	63	0.41350450727089905	0.048	1253	2.9389517629443445	
250	FAST	35	36	0.15314777123847956	0.0	1	8.556564328977942	
251	FAST	35	37	0.18349454307702828	0.0	406	6.400211695598954	
252	FAST	35	40	0.18010409662424917	0.0	0	6.661102966157337	
253	FAST	35	41	0.1906017709564348	0.0	0	6.692217784359087	
254	FAST	35	42	0.2441990567814982	0.0	0	6.960365305623161	
255	FAST	35	43	0.16262891693137727	0.0	0	7.305008618476862	
256	FAST	35	44	0.18389460285894885	0.0	1	6.440761268780369	
257	FAST	35	45	0.21850915881459448	0.0	400	4.764573879744534	
258	FAST	35	46	0.18925158232147501	0.0	0	6.069791090106729	
259	FAST	36	37	0.03814278128412667	0.0	77	37.36657942674493	
260	FAST	36	38	0.11676273844668511	0.0	284	11.744694389371107	
261	FAST	36	39	0.19725989680743664	0.0	13	6.250714042537581	
262	FAST	36	40	0.1635373363399172	0.0	1	11.276665717209813	
263	FAST	36	41	0.3269651669101407	0.0	0	7.63130950516423	
264	FAST	36	42	0.39092006082427827	0.0	0	5.016022222430615	
265	FAST	37	38	0.08093381602122546	0.0	3	21.951633107933397	
266	FAST	37	39	0.15061684588073954	0.0	0	9.753314987336983	
267	FAST	37	40	0.14019839693063493	0.0	192	13.246146523843802	
268	FAST	37	41	0.3579232571393046	0.0	256	8.120474930371874	
269	FAST	37	42	0.4218781277129583	0.0	47	4.550302600351759	
270	FAST	38	39	0.08372419808664779	0.0	0	16.446844457637756	
271	FAST	38	40	0.11208962348841593	0.0	89	14.167502191698809	
272	FAST	38	41	0.40779445257479646	0.0	140	7.323576524595375	
273	FAST	38	42	0.46110764581155694	0.0	49	3.8632886045614163	
274	FAST	39	40	0.19341849275779302	0.0	377	6.67939807738047	
275	FAST	39	41	0.48912332573425416	0.0	90	4.265016738416568	
276	FAST	40	41	0.2986730228472532	0.0	0	32.04252108572217	
277	FAST	40	42	0.3519861888534493	0.0	0	8.059836617254602	
278	FAST	40	43	0.30170619262486453	0.0	12	4.766069339777267	
279	FAST	41	42	0.25357444285234754	0.0	0	13.51809876921871	
280	FAST	41	43	0.20648708636666077	0.0	8	5.7916451104484805	
281	FAST	41	44	0.22937622353302517	0.0	223	4.946410512062442	
282	FAST	41	46	0.2310540153081182	0.0	0	5.727272126178807	
283	FAST	42	43	0.11780820928584947	0.0	0	12.571703942236699	
284	FAST	42	44	0.13084020112608316	0.0	2	9.906186821104686	
285	FAST	42	45	0.16679591294946913	0.0	92	7.26379284489299	
286	FAST	42	46	0.1325179929011762	0.0	0	11.599173290165513	
287	FAST	42	47	0.24937123796376515	0.0	1	4.868862547238037	
288	FAST	42	49	0.20710935144416465	0.0	0	5.405417854035942	
289	FAST	43	44	0.023101644490940768	0.0	0	66.95351744977722	
290	FAST	43	45	0.05771618877634452	0.0	0	23.475496155183563	
291	FAST	43	46	0.0288340089539606	0.0	0	54.77490707602339	
292	FAST	43	47	0.159784610568282	0.0	0	10.768782597260518	
293	FAST	43	48	0.19054051385677703	0.0	0	7.905528042497421	
294	FAST	43	49	0.14197978544294687	0.0	0	11.315863285875453	
295	FAST	43	63	0.3923885515678148	0.048	20	5.158016552531122	
296	FAST	44	45	0.03650977211722949	0.0	0	38.925382885745286	
297	FAST	44	46	0.02575993886862073	0.0	0	60.0782212674635	
298	FAST	44	47	0.14086488833480484	0.0	0	12.658489368266595	
299	FAST	44	48	0.171620779953058	0.0	0	10.11892963994318	
300	FAST	44	49	0.12306006320946969	0.0	0	13.552323436791987	
301	FAST	44	50	0.2795338767258421	0.0	0	4.5951516867177284	
302	FAST	44	54	0.4062621031342436	0.0	0	4.015110541146824	
303	FAST	44	63	0.3774616757931424	0.048	227	5.454766952203193	
304	FAST	45	46	0.05900224943214269	0.0	0	25.962771457395707	
305	FAST	45	47	0.11029916330807826	0.0	0	23.915382899487003	
306	FAST	45	48	0.1410550549263314	0.0	0	14.253503607698534	
307	FAST	45	49	0.07388850655518356	0.0	0	21.15582272980972	
308	FAST	45	50	0.2303623317417979	0.0	0	5.944928226275335	
309	FAST	45	52	0.29512067512879453	0.0	0	5.129412050428947	
310	FAST	45	53	0.3237251926661545	0.0	0	5.127053720299587	
311	FAST	45	54	0.3570905581501994	0.0	0	5.517702708110914	
312	FAST	45	56	0.4526480314016355	0.0	0	3.75882385168579	
313	FAST	45	63	0.3512879165346726	0.048	491	7.299742225925317	
314	FAST	46	47	0.15177768484110474	0.0	0	12.476529663321738	
315	FAST	46	48	0.1825335725692773	0.0	0	9.61047903668889	
316	FAST	46	49	0.1095157983215043	0.0	0	13.886436302734072	
317	FAST	47	48	0.033308403033401005	0.0	0	46.41479606262932	
318	FAST	47	49	0.04335293354340888	0.0	0	38.99910637969798	
319	FAST	47	50	0.13698732987579948	0.0	0	11.03682454517257	
320	FAST	47	51	0.1911754722673719	0.0	0	6.620232582204263	
321	FAST	47	52	0.21128708019471065	0.0	0	7.3122409938266415	
322	FAST	47	53	0.2398915977320707	0.0	0	7.240064670072128	
323	FAST	47	54	0.2732569865565993	0.0	0	8.073385421227371	
324	FAST	47	56	0.3688144364675517	0.0	0	4.9315841751676475	
325	FAST	47	63	0.32931771848225994	0.048	1	11.803278198927828	
326	FAST	48	49	0.07429681330803665	0.0	0	28.36029890268487	
327	FAST	48	50	0.10466340899746844	0.0	0	15.598754278080333	
328	FAST	48	51	0.15885155138904086	0.0	0	8.40689136475521	
329	FAST	48	52	0.17896317098662154	0.0	0	9.484071802441484	
330	FAST	48	53	0.2075677001942234	0.0	0	8.968063313211363	
331	FAST	48	54	0.2409330695683489	0.0	0	9.318174273689776	
332	FAST	48	55	0.31065396158262065	0.0	0	4.507663829537087	
333	FAST	48	56	0.33649051558922066	0.0	0	5.321717537946722	
334	FAST	48	63	0.33176830010421277	0.048	0	10.378569484253857	
335	FAST	49	50	0.1566683642287674	0.0	0	8.705481076983922	
336	FAST	49	51	0.1845573986865216	0.0	0	6.154093174486109	
337	FAST	49	52	0.22142669594552217	0.0	0	6.215747231862528	
338	FAST	49	53	0.25003121348288215	0.0	0	5.45801117191712	
339	FAST	49	54	0.28339660619749146	0.0	0	6.181615135249558	
340	FAST	50	51	0.08115968188268026	0.0	0	19.51779707271588	
341	FAST	50	52	0.07399500529255132	0.0	0	27.909032303779842	
342	FAST	50	53	0.10259952671999197	0.0	0	18.58721001447386	
343	FAST	50	54	0.13596489609411744	0.0	0	13.726547202298388	
344	FAST	50	55	0.20568579977863108	0.0	0	6.139295783076815	
345	FAST	50	56	0.2315223537852311	0.0	0	6.551016684425029	
346	FAST	50	57	0.28310399822269255	0.0	0	4.285144606177581	
347	FAST	51	52	0.0866936794642085	0.0	0	15.248918050646745	
348	FAST	51	53	0.1152981970015685	0.0	0	10.962857030819038	
349	FAST	51	54	0.14866356637569397	0.0	0	8.770291043757114	
350	FAST	51	55	0.21838445838996573	0.0	0	5.053817190265071	
351	FAST	51	56	0.2442210123965657	0.0	0	4.551822621753575	
352	FAST	52	53	0.027119747672974932	0.0	0	47.66358573437628	
353	FAST	52	54	0.06466182659652175	0.0	0	21.08522975310442	
354	FAST	52	55	0.13438272639095475	0.0	0	10.172477959171196	
355	FAST	52	56	0.16021928039755476	0.0	0	8.94429961159151	
356	FAST	52	57	0.2118009365052582	0.0	0	5.864779337442618	
357	FAST	53	54	0.03255763303241363	0.0	0	41.61737702127764	
358	FAST	53	55	0.1392847375834884	0.0	0	12.052246034632823	
359	FAST	53	56	0.12811509072352725	0.0	0	11.5150105305009	
360	FAST	53	57	0.1796967429411501	0.0	0	6.978890190248867	
361	FAST	53	58	0.2558494359154547	0.0	0	4.393693647495233	
362	FAST	53	63	0.337184139804537	0.048	0	10.371793808086876	
363	FAST	54	55	0.09882882488577224	0.0	0	13.653958197388476	
364	FAST	54	56	0.09594506921502285	0.0	0	16.700730699053576	
365	FAST	54	57	0.14752673699296817	0.0	0	8.96429375072664	
366	FAST	54	58	0.2236794182970309	0.0	0	5.205902159430453	
367	FAST	54	59	0.23363279643775064	0.0	0	4.936339576291616	
368	FAST	54	63	0.31193667033525635	0.048	0	15.514375788100338	
369	FAST	55	56	0.10245118238530287	0.0	0	19.269524588502858	
370	FAST	55	57	0.11688081406400345	0.0	0	14.856238048792873	
371	FAST	55	58	0.19303349536806622	0.0	0	7.678670376913911	
372	FAST	55	59	0.15404239253103003	0.0	0	8.780260657573486	
373	FAST	55	60	0.199998124561872	0.0	0	5.465417860645499	
374	FAST	55	61	0.21647929140213404	0.0	0	4.663577687250316	
375	FAST	56	57	0.051750960196819136	0.0	0	24.805183711586896	
376	FAST	56	58	0.12790363761080126	0.0	0	10.847567287085297	
377	FAST	56	59	0.1378570196416016	0.0	0	9.191431654183885	
378	FAST	56	60	0.1863277627103322	0.0	0	6.127988404146763	
379	FAST	56	61	0.2295672264918869	0.0	0	4.735515169542569	
380	FAST	56	63	0.3399620284812417	0.048	0	10.10524850312832	
381	FAST	56	64	0.38634472259083835	0.048	0	5.858779327948371	
382	FAST	56	65	0.43919115018064	0.048	0	3.6084940112338457	
383	FAST	56	67	0.42103726473208475	0.048	0	3.8840365068889606	
384	FAST	57	58	0.07675344979601327	0.0	0	21.25662686825102	
385	FAST	57	59	0.08670683571689426	0.0	0	17.136525346618885	
386	FAST	57	60	0.13517757878562484	0.0	0	9.745578353162454	
387	FAST	57	61	0.17841704256717958	0.0	0	6.45465697972099	
388	FAST	57	63	0.384340773682992	0.048	0	5.477763832035713	
389	FAST	57	64	0.3412958770645092	0.048	0	9.122185968140398	
390	FAST	57	65	0.38984504348251814	0.048	0	5.589384703295373	
391	FAST	57	66	0.42780336506585737	0.048	0	4.012506810942336	
392	FAST	57	67	0.37333280038000694	0.048	0	6.313144623626233	
393	FAST	58	59	0.07200593315564248	0.0	0	25.590591296908052	
394	FAST	58	60	0.08743951295287825	0.0	0	16.657138887282287	
395	FAST	58	61	0.1310579211587018	0.0	0	10.434208385434934	
396	FAST	58	62	0.255370979338627	0.0	0	5.092168430390593	
397	FAST	58	63	0.42867785119451274	0.048	0	3.6915761227386135	
398	FAST	58	64	0.2815888030664809	0.048	0	30.079422480002037	
399	FAST	58	65	0.3403573143357273	0.048	0	8.843869102172249	
400	FAST	58	66	0.39043847436779794	0.048	0	5.83129291250523	
401	FAST	58	67	0.31576294598180515	0.048	0	13.828959046674504	
402	FAST	59	60	0.049577043098683535	0.0	0	27.272681143413415	
403	FAST	59	61	0.09281650299015765	0.0	0	15.845525985525228	
404	FAST	59	62	0.19190307683821625	0.0	0	6.999299715284809	
405	FAST	60	61	0.04366750880351709	0.0	0	35.0318499857564	
406	FAST	60	62	0.16798056309336168	0.0	0	9.87212654808338	
407	FAST	61	62	0.1284738884202208	0.0	0	13.940952865935039	
408	FAST	61	64	0.34189073151411264	0.048	0	9.08906946910543	
409	FAST	61	65	0.27660027650124386	0.048	0	34.25273842537742	
410	FAST	61	66	0.2846057362515169	0.048	0	27.589556180302242	
411	FAST	61	67	0.313713359586781	0.048	0	14.611595467999258	
412	FAST	62	64	0.4213812504185731	0.048	0	4.432480733721436	
413	FAST	62	65	0.3530950978131749	0.048	0	7.982185812241872	
414	FAST	62	66	0.29304974429611425	0.048	0	21.595823911711506	
415	FAST	62	67	0.39218104977363377	0.048	0	6.051522611685271	
416	FAST	64	65	0.3208596406357785	0.048	0	12.50054948033351	
417	FAST	64	66	0.37832092189058875	0.048	0	6.252106286345229	
418	FAST	64	67	0.28711509697401516	0.048	0	23.879956524101004	
419	FAST	65	66	0.30802592284334046	0.048	0	14.623387744694336	
420	FAST	65	67	0.2869529669048198	0.048	0	25.385739751788865	
421	FAST	66	67	0.34723302916346765	0.048	0	9.244481580054106	
422	FAST	68	69	0.31961417983176404	0.048	0	12.91892807411215	
423	FAST	68	70	0.31025070892562745	0.048	0	14.67345523059784	
424	FAST	68	71	0.35282413558903386	0.048	0	8.464254243951919	
425	FAST	68	73	0.3499823949333256	0.048	0	8.981893336945081	
426	FAST	68	74	0.36326856556838494	0.048	0	7.504248110667809	
427	FAST	68	75	0.32293415966345773	0.048	0	11.911420031918828	
428	FAST	68	76	0.3043083788413486	0.048	0	17.36165867257176	
429	FAST	68	77	0.3277074185209801	0.048	0	11.076213062760504	
430	FAST	68	78	0.3537868345681008	0.048	0	8.216677115624542	
431	FAST	69	70	0.35016734253612003	0.048	0	8.60184970498069	
432	FAST	69	71	0.2889421904033205	0.048	0	23.030392702696737	
433	FAST	69	73	0.409725032299345	0.048	0	4.598060040586412	
434	FAST	69	74	0.43146268347934347	0.048	0	3.5899533488401034	
435	FAST	69	75	0.3940090006189977	0.048	0	5.4909805307337125	
436	FAST	69	76	0.375242522649161	0.048	0	6.502950242900734	
437	FAST	69	77	0.3880713581061336	0.048	0	5.8366952006755275	
438	FAST	69	78	0.4118340394161036	0.048	0	4.609538416714079	
439	FAST	70	71	0.36321139206122	0.048	0	7.100678498258079	
440	FAST	70	73	0.39483539525942135	0.048	0	5.3380018198476185	
441	FAST	70	74	0.39209968574495196	0.048	0	5.6413599776567285	
442	FAST	70	75	0.3479917875872324	0.048	0	8.63679594320798	
443	FAST	70	76	0.3135398879049619	0.048	0	14.403575908435792	
444	FAST	70	77	0.29472060910445375	0.048	0	20.597013990561663	
445	FAST	70	78	0.31277550312885255	0.048	0	14.781127223096595	
446	FAST	71	75	0.4279180643201304	0.048	0	4.066658332531917	
447	FAST	71	76	0.404332513209376	0.048	0	4.88820705215648	
448	FAST	71	77	0.40759504955365466	0.048	0	4.946788399464518	
449	FAST	71	78	0.4282032219443983	0.048	0	3.8784767221157863	
450	FAST	72	73	0.14025606737595317	0.0	0	10.647675458707809	
451	FAST	72	74	0.08725546934826098	0.0	0	15.362458984741973	
452	FAST	72	75	0.06345545813248002	0.0	0	26.07139780623954	
453	FAST	72	76	0.04017865109099696	0.0	0	34.54266498900166	
454	FAST	72	77	0.04570755266690181	0.0	0	30.514043546504222	
455	FAST	72	78	0.06345764046771263	0.0	0	24.515244182918938	
456	FAST	73	74	0.05432577344421043	0.0	0	30.834300362869104	
457	FAST	73	75	0.11529474650005098	0.0	0	21.155683445519514	
458	FAST	73	76	0.1530252220284384	0.0	0	12.580697934927086	
459	FAST	73	77	0.19731463802204155	0.0	0	7.946687690450293	
460	FAST	73	78	0.21506473749309424	0.0	0	6.294686983687347	
461	FAST	74	75	0.0623156956289603	0.0	0	27.028501854000137	
462	FAST	74	76	0.10004617115734774	0.0	0	14.451332253814641	
463	FAST	74	77	0.14433558326087026	0.0	0	9.754902828477093	
464	FAST	74	78	0.16208567884184233	0.0	0	8.152555331910948	
465	FAST	75	76	0.042285826075788555	0.0	0	36.934444635931804	
466	FAST	75	77	0.087860882596482	0.0	0	16.020649895671703	
467	FAST	75	78	0.10561097428737345	0.0	0	12.420897573559973	
468	FAST	76	77	0.06410468924890102	0.0	0	28.802766355342637	
469	FAST	76	78	0.08185477704971184	0.0	0	17.715423079956885	
470	FAST	77	78	0.02740920468246461	0.0	0	50.38106605607855	
471	FAST	30	79	0.25925250260247534	0.0	327	2.7914152276455515	
472	FAST	28	79	0.3148956301319978	0.0	36	2.5368931904518948	
473	FAST	22	79	0.3477373888981381	0.0	703	2.4607707956374907	
474	FAST	39	80	0.19123221291608417	0.0	226	5.803593176790324	
475	FAST	38	80	0.3105767737639494	0.0	311	2.9577273753083984	
476	FAST	37	80	0.30143830363440705	0.0	495	2.484039408785277	
477	FAST	39	81	0.1757218467706554	0.0	261	5.497465964885818	
478	FAST	38	81	0.34643476426247033	0.0	270	2.6364648801125545	
479	FAST	37	81	0.34346746628424385	0.0	489	2.103889761915518	
480	FAST	17	82	0.23083903579471743	0.0	48	3.90183033226266	
481	FAST	19	82	0.32378806332499493	0.0	711	2.736055889668154	
482	FAST	21	82	0.2751361055046479	0.0	296	3.2845348900218094	
483	FAST	22	83	0.26050080405968334	0.0	531	2.839080262025681	
484	FAST	21	83	0.3832813271675886	0.0	307	2.6012336511410608	
485	FAST	30	83	0.3149632998035179	0.0	222	2.6729893213904075	
