n_interc	
0	
0	
0	
0	
0	
0	
0	
0	
0	
0	
0	
0	
0	
0	
0	
0	
0	
0	
0	
0	
0	
0	
0	
0	
0	
0	
0	
0	
0	
0	
0	
0	
0	
0	
0	
0	
0	
0	
0	
0	
0	
0	
0	
0	
0	
0	
0	
0	
0	
0	
0	
0	
0	
0	
0	
0	
0	
0	
0	
0	
0	
0	
0	
0	
0	
0	
0	
0	
0	
1	
2	
3	
3	
3	
3	
3	
3	
3	
3	
3	
4	
4	
4	
4	
4	
4	
4	
4	
4	
5	
5	
5	
5	
6	
6	
6	
6	
6	
7	
7	
59	
64	
65	
68	
68	
70	
74	
75	
77	
79	
81	
82	
85	
86	
86	
89	
91	
93	
95	
97	
98	
99	
102	
104	
105	
108	
109	
110	
114	
115	
118	
119	
121	
123	
124	
126	
130	
132	
133	
136	
136	
137	
140	
141	
146	
146	
148	
152	
153	
155	
156	
158	
160	
162	
163	
165	
168	
170	
171	
173	
174	
175	
178	
179	
180	
181	
184	
186	
187	
190	
192	
195	
196	
197	
199	
201	
202	
205	
207	
207	
210	
212	
212	
215	
217	
219	
220	
223	
226	
226	
229	
231	
233	
234	
237	
239	
241	
242	
243	
246	
535	
537	
541	
546	
550	
555	
557	
560	
565	
571	
575	
577	
581	
583	
587	
589	
594	
597	
600	
603	
608	
612	
616	
620	
624	
626	
630	
634	
637	
642	
645	
649	
653	
659	
662	
666	
670	
674	
679	
683	
688	
693	
695	
700	
706	
709	
712	
715	
720	
724	
726	
733	
735	
740	
743	
744	
747	
751	
754	
757	
760	
761	
763	
765	
769	
771	
774	
777	
778	
779	
781	
783	
784	
786	
790	
791	
791	
794	
794	
795	
796	
798	
799	
802	
803	
804	
805	
806	
808	
808	
811	
812	
813	
814	
815	
817	
818	
820	
820	
820	
3414	
3420	
3426	
3430	
3431	
3433	
3439	
3445	
3449	
3451	
3454	
3457	
3460	
3464	
3468	
3478	
3482	
3485	
3490	
3492	
3495	
3502	
3503	
3505	
3510	
3513	
3516	
3521	
3526	
3528	
3531	
3532	
3532	
3541	
3545	
3550	
3550	
3555	
3558	
3560	
3566	
3570	
3574	
3578	
3582	
3586	
3592	
3596	
3598	
3600	
3604	
3605	
3607	
3611	
3617	
3618	
3620	
3622	
3626	
3628	
3631	
3633	
3637	
3637	
3640	
3642	
3644	
3646	
3649	
3651	
3653	
3656	
3659	
3664	
3670	
3673	
3676	
3679	
3681	
3685	
3687	
3690	
3692	
3696	
3697	
3698	
3701	
3703	
3706	
3707	
3709	
3712	
3715	
3717	
3719	
3720	
3724	
3724	
3724	
3724	
3170	
3172	
3175	
3176	
3177	
3177	
3179	
3182	
3184	
3184	
3185	
3188	
3189	
3191	
3193	
3194	
3195	
3195	
3198	
3202	
3205	
3206	
3206	
3206	
3207	
3210	
3212	
3217	
3217	
3219	
3222	
3224	
3227	
3230	
3230	
3233	
3238	
3239	
3241	
3242	
3244	
3246	
3247	
3248	
3250	
3255	
3257	
3259	
3260	
3265	
3266	
3266	
3269	
3272	
3272	
3275	
3280	
3280	
3281	
3283	
3286	
3286	
3288	
3290	
3292	
3295	
3297	
3300	
3301	
3303	
3303	
3304	
3305	
3307	
3310	
3311	
3312	
3313	
3313	
3315	
3316	
3317	
3317	
3318	
3319	
3321	
3323	
3324	
3324	
3327	
3327	
3327	
3329	
3330	
3331	
3333	
3334	
3336	
3337	
3338	
