n_interc	
0	
0	
0	
0	
0	
0	
0	
0	
0	
0	
0	
0	
0	
0	
0	
0	
0	
0	
0	
0	
0	
0	
0	
0	
0	
0	
0	
0	
0	
0	
0	
0	
0	
0	
0	
0	
0	
0	
0	
0	
0	
0	
0	
0	
0	
0	
0	
0	
0	
0	
0	
0	
0	
0	
1	
1	
1	
1	
1	
1	
1	
1	
1	
1	
1	
2	
2	
2	
2	
2	
2	
2	
3	
3	
3	
3	
3	
3	
3	
4	
4	
4	
4	
4	
4	
5	
5	
5	
5	
5	
5	
5	
5	
6	
6	
7	
7	
7	
8	
8	
72	
74	
76	
78	
79	
80	
83	
84	
86	
88	
89	
92	
93	
95	
96	
99	
100	
102	
104	
105	
106	
109	
111	
113	
115	
117	
119	
121	
123	
124	
125	
127	
129	
131	
134	
135	
136	
139	
141	
143	
146	
147	
150	
152	
153	
154	
156	
157	
158	
161	
163	
165	
167	
169	
171	
173	
174	
177	
179	
181	
183	
185	
186	
187	
189	
191	
193	
197	
198	
200	
201	
203	
206	
208	
210	
210	
213	
214	
216	
219	
220	
221	
224	
226	
228	
231	
233	
233	
235	
237	
240	
240	
242	
244	
245	
247	
248	
249	
251	
254	
551	
556	
560	
564	
568	
573	
578	
580	
584	
590	
596	
597	
602	
604	
609	
611	
615	
618	
622	
625	
628	
632	
635	
641	
643	
647	
650	
653	
659	
663	
665	
670	
673	
677	
680	
684	
687	
689	
694	
695	
700	
704	
707	
710	
713	
717	
721	
723	
727	
728	
730	
733	
734	
739	
742	
745	
747	
749	
752	
754	
756	
757	
759	
760	
763	
765	
766	
766	
767	
769	
771	
772	
773	
775	
776	
777	
779	
780	
780	
784	
784	
785	
786	
786	
787	
789	
789	
790	
790	
791	
792	
793	
793	
794	
795	
797	
798	
798	
799	
799	
3314	
3321	
3323	
3325	
3329	
3333	
3336	
3340	
3341	
3347	
3349	
3351	
3355	
3357	
3360	
3366	
3373	
3377	
3379	
3381	
3382	
3385	
3394	
3396	
3401	
3408	
3409	
3413	
3417	
3420	
3427	
3434	
3438	
3441	
3446	
3450	
3455	
3458	
3464	
3467	
3469	
3473	
3478	
3480	
3482	
3486	
3490	
3495	
3497	
3500	
3502	
3508	
3510	
3515	
3517	
3520	
3524	
3528	
3531	
3532	
3533	
3536	
3539	
3542	
3545	
3549	
3552	
3553	
3553	
3558	
3561	
3563	
3567	
3567	
3570	
3573	
3575	
3578	
3580	
3581	
3583	
3583	
3584	
3588	
3590	
3591	
3592	
3593	
3595	
3596	
3597	
3598	
3600	
3602	
3605	
3608	
3611	
3612	
3615	
3618	
3084	
3086	
3088	
3089	
3090	
3096	
3098	
3098	
3099	
3099	
3101	
3103	
3105	
3106	
3108	
3110	
3110	
3113	
3114	
3116	
3117	
3118	
3119	
3120	
3125	
3126	
3128	
3130	
3130	
3132	
3135	
3135	
3139	
3139	
3140	
3140	
3140	
3143	
3145	
3146	
3151	
3151	
3154	
3154	
3156	
3157	
3162	
3164	
3168	
3170	
3171	
3175	
3176	
3179	
3180	
3181	
3184	
3185	
3187	
3189	
3192	
3193	
3194	
3195	
3195	
3195	
3196	
3198	
3199	
3200	
3201	
3203	
3204	
3206	
3207	
3207	
3208	
3212	
3213	
3213	
3214	
3216	
3216	
3218	
3219	
3221	
3221	
3222	
3224	
3224	
3226	
3229	
3229	
3230	
3231	
3232	
3236	
3236	
3239	
3240	
