id	type	l1	l2	friction	risk	count	acc	
1	FAST	1	2	0.02151630826214646	0.0	0	70.14379445763944	
2	FAST	1	3	0.027987052819351734	0.0	0	52.04561961127684	
3	FAST	1	4	0.07302656972007415	0.0	0	19.822418197880122	
4	FAST	1	5	0.10800269310982086	0.0	0	12.198284402753478	
5	FAST	1	6	0.2005826597473596	0.0	0	6.630991221634738	
6	FAST	1	7	0.05791240055316788	0.0	0	33.65670825286593	
7	FAST	1	8	0.06855335822514483	0.0	0	20.80455249095511	
8	FAST	1	68	0.36490858423453987	0.048	0	7.865339668991991	
9	FAST	1	69	0.40115801759656244	0.048	0	5.597534602932176	
10	FAST	1	70	0.423550267947518	0.048	0	4.198362620719763	
11	FAST	1	71	0.44235053412726005	0.048	0	3.8252783824666663	
12	FAST	1	72	0.28733633203502157	0.0	0	6.521281560965923	
13	FAST	1	73	0.1906077266698771	0.0	0	20.056899336731504	
14	FAST	1	74	0.20210142113627694	0.0	0	10.590924505742496	
15	FAST	1	75	0.2630703980821981	0.0	0	10.213439078118304	
16	FAST	1	76	0.3008008736105855	0.0	0	7.843281340655202	
17	FAST	1	77	0.3450902934942693	0.0	0	5.299558776989553	
18	FAST	1	78	0.36284036573475764	0.0	0	4.436971307625571	
19	FAST	2	3	0.007516752227496343	0.0	0	208.20962949401746	
20	FAST	2	4	0.05255626523813813	0.0	0	28.14922018754896	
21	FAST	2	5	0.08753238084772358	0.0	0	15.962362704301443	
22	FAST	2	6	0.18130277439888826	0.0	0	7.348458032603093	
23	FAST	2	7	0.06458409111532147	0.0	0	26.877134790336978	
24	FAST	2	8	0.04808305763328943	0.0	0	33.84616233405264	
25	FAST	2	23	0.24993272053144797	0.0	8	4.835316916881726	
26	FAST	2	68	0.36470401260312413	0.048	4	8.19902104285297	
27	FAST	2	69	0.391780317504476	0.048	2	6.230377021743538	
28	FAST	2	70	0.4257275325971185	0.048	0	4.389665525634131	
29	FAST	2	71	0.43263050137245695	0.048	2	4.583474212695601	
30	FAST	2	72	0.3002858035948819	0.0	0	5.954386527309783	
31	FAST	2	73	0.2035572098999793	0.0	0	15.162506290280255	
32	FAST	2	74	0.21505090436637914	0.0	0	9.399260739572048	
33	FAST	2	75	0.2760198696420584	0.0	0	8.641008075354549	
34	FAST	2	76	0.3137503451704458	0.0	0	7.45509585173302	
35	FAST	2	77	0.3580397650541296	0.0	0	5.229501523351984	
36	FAST	3	4	0.04596140765847902	0.0	0	31.517347623274805	
37	FAST	3	5	0.08093752715814509	0.0	0	16.629277595444986	
38	FAST	3	6	0.18231210638901338	0.0	0	7.428026173885106	
39	FAST	3	7	0.06852057262560743	0.0	0	23.112826520612796	
40	FAST	3	8	0.04148820394371095	0.0	0	36.68095333219668	
41	FAST	3	23	0.253869190371492	0.0	13	5.147509764070586	
42	FAST	3	68	0.3624783762095865	0.048	2	7.979330001736859	
43	FAST	3	69	0.3866275625916361	0.048	5	6.530398218791499	
44	FAST	3	70	0.424054534998753	0.048	0	4.684009122495073	
45	FAST	3	71	0.42731742112785376	0.048	6	4.641320815234536	
46	FAST	3	72	0.30422229677540974	0.0	0	5.801637734381396	
47	FAST	3	73	0.20749369141026527	0.0	0	14.320473392744018	
48	FAST	3	74	0.2189873742064232	0.0	0	9.111705452950076	
49	FAST	3	75	0.27995636282258624	0.0	0	8.991684741453252	
50	FAST	3	76	0.3176868383509737	0.0	0	7.0193185777640155	
51	FAST	3	77	0.36197625823465746	0.0	0	4.822868274861722	
52	FAST	4	5	0.03612179881582182	0.0	0	41.10397995049842	
53	FAST	4	6	0.131309053093839	0.0	0	10.876145178528935	
54	FAST	4	7	0.11268187659387058	0.0	0	15.270391658069657	
55	FAST	4	8	0.007503043583361338	0.0	0	280.4429551996214	
56	FAST	4	9	0.19906910328632327	0.0	1	6.479150988669336	
57	FAST	4	23	0.20219244902298494	0.0	4	6.565480530686336	
58	FAST	4	24	0.1883962275027891	0.0	53	6.177819279373104	
59	FAST	4	68	0.38518730849483807	0.048	27	6.034544927827954	
60	FAST	4	69	0.38862564188147486	0.048	22	6.199351321418525	
61	FAST	4	71	0.42626530464684514	0.048	9	4.508141836866994	
62	FAST	4	73	0.25165497981820595	0.0	0	8.674657456245606	
63	FAST	4	74	0.26314868595484764	0.0	0	6.252454592270115	
64	FAST	4	75	0.32411765123052694	0.0	0	5.707057325939463	
65	FAST	4	76	0.36184812675891437	0.0	0	5.521530991322928	
66	FAST	5	6	0.09695465406038882	0.0	0	17.089802691429146	
67	FAST	5	7	0.1480079633072034	0.0	0	10.41495650438795	
68	FAST	5	8	0.04282913807685543	0.0	0	35.33792111263594	
69	FAST	5	9	0.1647147042528731	0.0	0	8.284432817989513	
70	FAST	5	10	0.20580158024837855	0.0	0	5.911764664911712	
71	FAST	5	11	0.315176425388388	0.0	0	5.327354071113029	
72	FAST	5	23	0.1678380499895348	0.0	0	7.488018437862753	
73	FAST	5	24	0.1540418323594195	0.0	6	7.650848167839142	
74	FAST	5	25	0.21818540685428356	0.0	139	5.473872583228757	
75	FAST	5	68	0.41072317596004826	0.048	42	5.12929130656979	
76	FAST	5	69	0.4016265693558544	0.048	41	5.3614613679786665	
77	FAST	5	71	0.4354848530175842	0.048	62	3.874529557873628	
78	FAST	5	73	0.2869810937621032	0.0	0	6.551306880745003	
79	FAST	5	74	0.2984747765582611	0.0	0	4.687492147190525	
80	FAST	5	75	0.3594437418339404	0.0	0	4.445476561575099	
81	FAST	6	7	0.22348282140222536	0.0	0	6.241273596387282	
82	FAST	6	8	0.1367366608602571	0.0	0	10.025395358315636	
83	FAST	6	9	0.07023925303818712	0.0	0	20.000249856450047	
84	FAST	6	10	0.11132612125353132	0.0	0	12.13164830317232	
85	FAST	6	11	0.2207009547232989	0.0	0	8.495104777567553	
86	FAST	6	12	0.25762382228263525	0.0	0	6.307434749585497	
87	FAST	6	23	0.1142018866986697	0.0	0	12.501379744369107	
88	FAST	6	24	0.1001154807239066	0.0	0	13.408778703100479	
89	FAST	6	25	0.16454923189317652	0.0	0	9.898470578063106	
90	FAST	6	26	0.15947391760864105	0.0	0	8.034365626924366	
91	FAST	7	8	0.10798518774699241	0.0	0	16.090805582477987	
92	FAST	7	23	0.2485729428477388	0.0	324	5.030795159247066	
93	FAST	7	24	0.2631165461086946	0.0	641	4.635779965525079	
94	FAST	7	68	0.40415430617655823	0.048	736	4.634967956377818	
95	FAST	7	69	0.4403988038214797	0.048	222	3.831034628037981	
96	FAST	7	72	0.25068690991330783	0.0	0	5.346634674817945	
97	FAST	7	73	0.15395831621840525	0.0	0	14.94105770229119	
98	FAST	7	74	0.16545201068480506	0.0	0	10.053308807498576	
99	FAST	7	75	0.22642097596048436	0.0	0	8.289118736428664	
100	FAST	7	76	0.26415145148887176	0.0	0	6.230392097054836	
101	FAST	8	9	0.20593583471103105	0.0	0	5.914848857797667	
102	FAST	8	23	0.20905918044769273	0.0	0	6.3294000138355555	
103	FAST	8	24	0.19526296281757746	0.0	2	6.391137099140683	
104	FAST	8	68	0.381788758681206	0.048	1	6.304032573838044	
105	FAST	8	69	0.3874760334580042	0.048	1	6.073546108146442	
106	FAST	8	71	0.4256121061407696	0.048	0	4.65255270508694	
107	FAST	8	72	0.34401116178742613	0.0	0	4.8338710774980385	
108	FAST	8	73	0.2472825797627654	0.0	0	9.103633813163833	
109	FAST	8	74	0.25877625866884274	0.0	0	6.476454700315167	
110	FAST	8	75	0.3197452278346027	0.0	0	6.103537666718092	
111	FAST	8	76	0.3574757033629901	0.0	0	5.171627530380683	
112	FAST	9	10	0.042910483552879006	0.0	0	34.390345235109955	
113	FAST	9	11	0.15228532869288847	0.0	0	12.473553286271418	
114	FAST	9	12	0.18920818458198294	0.0	0	8.99489481009316	
115	FAST	9	13	0.22995744825989792	0.0	0	6.750454111930089	
116	FAST	9	14	0.25331769753086336	0.0	0	4.947613808066453	
117	FAST	9	15	0.24757465090643752	0.0	0	5.164687340404427	
118	FAST	9	23	0.17921559053844677	0.0	0	10.1777751768298	
119	FAST	9	24	0.16512918067360308	0.0	1	11.174179867356536	
120	FAST	9	25	0.17977600333395677	0.0	0	12.850358458334481	
121	FAST	9	26	0.09105827990798876	0.0	0	16.951113912657615	
122	FAST	9	27	0.17848346569391205	0.0	0	8.401446692690117	
123	FAST	9	29	0.1855811706559399	0.0	0	8.153056090890795	
124	FAST	10	11	0.10937484514000945	0.0	0	14.3487542565368	
125	FAST	10	12	0.1462977010291039	0.0	0	10.12399589883774	
126	FAST	10	13	0.18704696470701887	0.0	0	7.814404096188551	
127	FAST	10	14	0.21040721786806496	0.0	0	6.371385832138534	
128	FAST	10	15	0.2046641673535585	0.0	0	5.941549549529016	
129	FAST	10	16	0.20323672949747695	0.0	0	5.246602067335782	
130	FAST	10	23	0.213153638132304	0.0	0	7.726335393939089	
131	FAST	10	24	0.199016878953885	0.0	0	9.003002733299045	
132	FAST	10	25	0.13705416535107862	0.0	0	12.674069525550642	
133	FAST	10	26	0.04814779635510974	0.0	0	30.451652631435707	
134	FAST	10	27	0.1355729938112749	0.0	0	12.876260168932106	
135	FAST	10	29	0.14267068710306088	0.0	0	11.633880990132134	
136	FAST	11	12	0.0364924262477068	0.0	0	41.15072942997829	
137	FAST	11	13	0.07678160230952209	0.0	0	19.287804233006213	
138	FAST	11	14	0.1121667443368769	0.0	0	12.38189155348995	
139	FAST	11	15	0.13120902745063714	0.0	0	10.656758203052156	
140	FAST	11	16	0.21670056307836655	0.0	0	7.35338240990158	
141	FAST	11	24	0.31300570982660975	0.0	0	5.000410942911788	
142	FAST	11	25	0.2510430001138839	0.0	0	5.753848060073467	
143	FAST	11	26	0.0629029032998397	0.0	0	20.570125472209217	
144	FAST	11	27	0.15032809297584365	0.0	0	8.28688916653541	
145	FAST	11	29	0.1574258018279521	0.0	0	7.930847655059652	
146	FAST	11	31	0.2612748846871239	0.0	0	5.179258970047949	
147	FAST	12	13	0.041186765485885346	0.0	0	37.54794387567836	
148	FAST	12	14	0.0765719114033208	0.0	0	18.36974122728487	
149	FAST	12	15	0.09561419451708102	0.0	0	15.061500442472681	
150	FAST	12	16	0.14372326122945295	0.0	0	9.784628739447594	
151	FAST	12	26	0.09403059326424705	0.0	0	16.26727596509418	
152	FAST	12	27	0.1814557907204122	0.0	0	7.254357966782177	
153	FAST	12	29	0.18855348401219818	0.0	0	7.949216760117337	
154	FAST	12	31	0.19481717124778766	0.0	0	6.506394153694117	
155	FAST	13	14	0.035643937421330284	0.0	0	42.20621388690822	
156	FAST	13	15	0.05468622442517113	0.0	0	28.17082617651225	
157	FAST	13	16	0.10279528335738179	0.0	0	14.387692605749054	
158	FAST	13	26	0.13496519205354798	0.0	0	11.764478445848548	
159	FAST	13	27	0.22239038950971318	0.0	0	6.527404429458813	
160	FAST	13	29	0.22948808669157972	0.0	0	6.329177959932046	
161	FAST	13	31	0.15388919337571655	0.0	0	8.373043162801359	
162	FAST	14	15	0.019130319528464904	0.0	0	80.30527837762634	
163	FAST	14	16	0.06723938624083681	0.0	0	22.084323885292516	
164	FAST	14	26	0.1630868027618412	0.0	0	8.846285849356056	
165	FAST	14	27	0.2503014029230186	0.0	0	6.065855149408051	
166	FAST	14	29	0.25739912344536897	0.0	0	5.966259288938571	
167	FAST	14	31	0.1183333001492522	0.0	0	11.394494053540548	
168	FAST	14	32	0.21194727355834295	0.0	0	5.730109033511308	
169	FAST	15	16	0.048585982817270716	0.0	0	32.38894426776766	
170	FAST	15	26	0.15747477794306555	0.0	0	8.665853980907471	
171	FAST	15	27	0.244689378104243	0.0	0	6.344116404380945	
172	FAST	15	29	0.25178707528610955	0.0	0	6.490484414792243	
173	FAST	15	31	0.09967989283560547	0.0	0	14.469751556046772	
174	FAST	15	32	0.1932938779149381	0.0	0	6.399814140623518	
175	FAST	16	26	0.15613073174541822	0.0	0	7.8272725319392	
176	FAST	16	27	0.24334533190659563	0.0	0	6.215023030245403	
177	FAST	16	29	0.250443052428946	0.0	0	6.172146538403609	
178	FAST	16	31	0.05291526521902438	0.0	0	29.031903002438796	
179	FAST	16	32	0.14652924640827636	0.0	0	8.959300222383428	
180	FAST	17	18	0.144492633596006	0.0	0	9.330480894986888	
181	FAST	17	19	0.20948451408345695	0.0	0	7.25230182670857	
182	FAST	17	20	0.22112509410431017	0.0	0	5.707882088805024	
183	FAST	17	21	0.2301959607734761	0.0	0	6.353711006843553	
184	FAST	18	19	0.06547912086633792	0.0	1	24.609806014552216	
185	FAST	18	20	0.07711971255743301	0.0	0	20.10205706962836	
186	FAST	18	21	0.08619056366627643	0.0	0	19.339714056960272	
187	FAST	18	22	0.11826343430116347	0.0	1	14.32529110436145	
188	FAST	18	23	0.2031332533527576	0.0	0	6.726335559126433	
189	FAST	18	24	0.21725088889480668	0.0	0	5.999404155499618	
190	FAST	19	20	0.0557718564567446	0.0	1	24.936464998595262	
191	FAST	19	21	0.020826386902350846	0.0	0	74.83566763698732	
192	FAST	19	22	0.052899253647157266	0.0	0	28.373919803479797	
193	FAST	19	23	0.18178540114214978	0.0	128	6.791489845778572	
194	FAST	19	24	0.19590302501395698	0.0	58	6.668007419236363	
195	FAST	19	25	0.25918542512951476	0.0	3	5.841590402965091	
196	FAST	20	21	0.051960300995763854	0.0	0	27.13777580713133	
197	FAST	20	22	0.057609725049702395	0.0	1	28.985282425727362	
198	FAST	20	23	0.12831906321120456	0.0	2	11.982629093699128	
199	FAST	20	24	0.14243669875325368	0.0	0	10.29736712718971	
200	FAST	20	25	0.20571908719856957	0.0	0	8.006907239927822	
201	FAST	21	22	0.03241731782414188	0.0	1	47.35150498957761	
202	FAST	21	23	0.177942145414127	0.0	75	7.833823739345336	
203	FAST	21	24	0.1920597848462567	0.0	547	5.875280236586124	
204	FAST	21	25	0.25534216940149196	0.0	0	5.779025465192501	
205	FAST	22	23	0.18354915202889183	0.0	147	8.286744157647542	
206	FAST	22	24	0.19766678757094094	0.0	86	7.8729421457869035	
207	FAST	22	25	0.2609491876864987	0.0	1	7.384956670678502	
208	FAST	23	24	0.014785710209034767	0.0	0	99.41805622654955	
209	FAST	23	25	0.07806810643451191	0.0	4	17.933723803090857	
210	FAST	23	26	0.26582657077857297	0.0	0	5.408692719747851	
211	FAST	24	25	0.06401010971857911	0.0	2	21.76295335939205	
212	FAST	24	26	0.25176857017255955	0.0	0	6.06598734724749	
213	FAST	24	27	0.3391937559584829	0.0	12	4.7250676780001095	
214	FAST	25	26	0.1896613206239994	0.0	0	8.371210453035896	
215	FAST	25	27	0.2770865064099227	0.0	0	7.56299767012412	
216	FAST	25	29	0.28418422304219243	0.0	0	6.646343923469434	
217	FAST	25	30	0.4521379951502652	0.0	141	4.720654307837638	
218	FAST	26	27	0.08793642018212716	0.0	0	15.161313054462978	
219	FAST	26	29	0.09503412125407436	0.0	0	14.007674806688195	
220	FAST	26	31	0.2001531209344359	0.0	0	5.7541305198722235	
221	FAST	27	29	0.009295402123045745	0.0	0	175.4271894398253	
222	FAST	27	30	0.1772491897914411	0.0	12	7.654228359798794	
223	FAST	27	31	0.28774323446876776	0.0	0	5.48962318366907	
224	FAST	28	30	0.15944353607893208	0.0	16	11.123093362098832	
225	FAST	29	30	0.16795380711879848	0.0	0	7.409242136676084	
226	FAST	29	31	0.2954023675373496	0.0	0	5.89749372061639	
227	FAST	31	32	0.09361397729917137	0.0	0	15.755413966804799	
228	FAST	31	33	0.20448155529861253	0.0	0	5.703878346673254	
229	FAST	32	33	0.11533800808672107	0.0	0	11.800472068314264	
230	FAST	32	34	0.21282922874836685	0.0	0	5.319557883262247	
231	FAST	32	35	0.1856925008734483	0.0	0	6.8302005683542	
232	FAST	33	34	0.09994297898851423	0.0	0	15.08500507863731	
233	FAST	33	35	0.08939985684434527	0.0	0	19.011458933200768	
234	FAST	33	36	0.23577195177538954	0.0	0	5.484864484719115	
235	FAST	33	43	0.21187265792180676	0.0	0	5.958675461265067	
236	FAST	33	44	0.23313834384937832	0.0	0	5.999807649124973	
237	FAST	34	35	0.07425086367565223	0.0	678	16.132290283734335	
238	FAST	34	36	0.22119958914834686	0.0	742	4.635948415134666	
239	FAST	34	40	0.21309968660406667	0.0	2431	2.5842745846877486	
240	FAST	34	41	0.19701331626663482	0.0	11	6.229707379285564	
241	FAST	34	42	0.19652467156864095	0.0	13	8.743357375254984	
242	FAST	34	43	0.11495453171851999	0.0	0	14.712405264279584	
243	FAST	34	44	0.1362202176460916	0.0	0	12.20286704525	
244	FAST	34	45	0.17083477360173724	0.0	0	9.670311289292595	
245	FAST	34	46	0.1415772009986984	0.0	0	10.993053395126335	
246	FAST	34	47	0.2729031837234328	0.0	0	5.922682469367806	
247	FAST	34	48	0.30365908701192784	0.0	0	5.290136141656834	
248	FAST	34	49	0.2550983585980977	0.0	0	5.607217925783944	
249	FAST	34	63	0.41350450727089905	0.048	3864	0.8074654483600515	
250	FAST	35	36	0.15314777123847956	0.0	0	8.620375022903191	
251	FAST	35	37	0.18349454307702828	0.0	702	6.394663814883457	
252	FAST	35	40	0.18010409662424917	0.0	0	6.779589221681662	
253	FAST	35	41	0.1906017709564348	0.0	0	6.928747747067144	
254	FAST	35	42	0.2441990567814982	0.0	0	7.7344417236829175	
255	FAST	35	43	0.16262891693137727	0.0	1	7.893752270716994	
256	FAST	35	44	0.18389460285894885	0.0	13	7.226025896224268	
257	FAST	35	45	0.21850915881459448	0.0	9	5.338786129800408	
258	FAST	35	46	0.18925158232147501	0.0	0	6.549644100253107	
259	FAST	36	37	0.03814278128412667	0.0	12	38.59903107752256	
260	FAST	36	38	0.11676273844668511	0.0	646	12.456940511558225	
261	FAST	36	39	0.19725989680743664	0.0	86	6.811603128223113	
262	FAST	36	40	0.1635373363399172	0.0	0	12.041815820644443	
263	FAST	36	41	0.3269651669101407	0.0	0	8.529644731031278	
264	FAST	36	42	0.39092006082427827	0.0	0	5.24285010662739	
265	FAST	37	38	0.08093381602122546	0.0	0	24.13178644845693	
266	FAST	37	39	0.15061684588073954	0.0	0	9.162631812502765	
267	FAST	37	40	0.14019839693063493	0.0	34	13.88428697739275	
268	FAST	37	41	0.3579232571393046	0.0	0	8.006722608213414	
269	FAST	37	42	0.4218781277129583	0.0	16	4.520350871261455	
270	FAST	38	39	0.08372419808664779	0.0	0	16.810770793364988	
271	FAST	38	40	0.11208962348841593	0.0	141	15.251828507663836	
272	FAST	38	41	0.40779445257479646	0.0	7	8.166581789581613	
273	FAST	38	42	0.46110764581155694	0.0	4	3.9669322461821026	
274	FAST	39	40	0.19341849275779302	0.0	1402	5.49735285016758	
275	FAST	39	41	0.48912332573425416	0.0	10	4.34972377671571	
276	FAST	40	41	0.2986730228472532	0.0	0	34.4051440911723	
277	FAST	40	42	0.3519861888534493	0.0	0	8.506848087244169	
278	FAST	40	43	0.30170619262486453	0.0	7	4.763049068992467	
279	FAST	41	42	0.25357444285234754	0.0	0	13.31075887242183	
280	FAST	41	43	0.20648708636666077	0.0	0	5.876635528355134	
281	FAST	41	44	0.22937622353302517	0.0	6	5.561141517230235	
282	FAST	41	46	0.2310540153081182	0.0	0	5.9112366526189914	
283	FAST	42	43	0.11780820928584947	0.0	0	13.097734402817494	
284	FAST	42	44	0.13084020112608316	0.0	1	11.020561115910501	
285	FAST	42	45	0.16679591294946913	0.0	6	7.7540589755101355	
286	FAST	42	46	0.1325179929011762	0.0	0	12.597880039002272	
287	FAST	42	47	0.24937123796376515	0.0	0	5.180463751042955	
288	FAST	42	49	0.20710935144416465	0.0	0	5.872365882999975	
289	FAST	43	44	0.023101644490940768	0.0	0	72.62322592395611	
290	FAST	43	45	0.05771618877634452	0.0	0	24.413162405915784	
291	FAST	43	46	0.0288340089539606	0.0	0	58.565170336974816	
292	FAST	43	47	0.159784610568282	0.0	0	11.238818219438452	
293	FAST	43	48	0.19054051385677703	0.0	0	8.657037295024105	
294	FAST	43	49	0.14197978544294687	0.0	0	11.9477052979748	
295	FAST	43	63	0.3923885515678148	0.048	8	5.888675365719729	
296	FAST	44	45	0.03650977211722949	0.0	0	41.11855996315257	
297	FAST	44	46	0.02575993886862073	0.0	0	64.06610488459525	
298	FAST	44	47	0.14086488833480484	0.0	0	13.742383158042877	
299	FAST	44	48	0.171620779953058	0.0	0	10.414388609752237	
300	FAST	44	49	0.12306006320946969	0.0	0	14.511068378325932	
301	FAST	44	50	0.2795338767258421	0.0	0	5.237025481617353	
302	FAST	44	54	0.4062621031342436	0.0	0	4.111484169506156	
303	FAST	44	63	0.3774616757931424	0.048	20	7.452256526465502	
304	FAST	45	46	0.05900224943214269	0.0	0	29.73483176537869	
305	FAST	45	47	0.11029916330807826	0.0	0	26.280505289550785	
306	FAST	45	48	0.1410550549263314	0.0	0	15.828840031390651	
307	FAST	45	49	0.07388850655518356	0.0	0	23.909947228118483	
308	FAST	45	50	0.2303623317417979	0.0	0	6.824884797004286	
309	FAST	45	52	0.29512067512879453	0.0	0	5.177871294277665	
310	FAST	45	53	0.3237251926661545	0.0	0	5.417053508883086	
311	FAST	45	54	0.3570905581501994	0.0	0	5.945240921533284	
312	FAST	45	56	0.4526480314016355	0.0	0	4.1045418476564	
313	FAST	45	63	0.3512879165346726	0.048	15	10.103457483887802	
314	FAST	46	47	0.15177768484110474	0.0	0	12.294066017418325	
315	FAST	46	48	0.1825335725692773	0.0	0	9.280580510861222	
316	FAST	46	49	0.1095157983215043	0.0	0	14.698218849632797	
317	FAST	47	48	0.033308403033401005	0.0	0	49.435747840162065	
318	FAST	47	49	0.04335293354340888	0.0	0	40.44720691823466	
319	FAST	47	50	0.13698732987579948	0.0	0	11.144654136388477	
320	FAST	47	51	0.1911754722673719	0.0	0	7.026433551861841	
321	FAST	47	52	0.21128708019471065	0.0	0	8.361523149146906	
322	FAST	47	53	0.2398915977320707	0.0	0	8.378701024888567	
323	FAST	47	54	0.2732569865565993	0.0	0	8.314336715806274	
324	FAST	47	56	0.3688144364675517	0.0	0	5.054055964939842	
325	FAST	47	63	0.32931771848225994	0.048	0	12.217085379166713	
326	FAST	48	49	0.07429681330803665	0.0	0	31.59517728589186	
327	FAST	48	50	0.10466340899746844	0.0	0	15.660458371461015	
328	FAST	48	51	0.15885155138904086	0.0	0	9.271137720397878	
329	FAST	48	52	0.17896317098662154	0.0	0	9.973563030449986	
330	FAST	48	53	0.2075677001942234	0.0	0	10.20036612869403	
331	FAST	48	54	0.2409330695683489	0.0	0	9.494189306631048	
332	FAST	48	55	0.31065396158262065	0.0	0	4.938219616799878	
333	FAST	48	56	0.33649051558922066	0.0	0	6.065816787819201	
334	FAST	48	63	0.33176830010421277	0.048	0	11.612670220734518	
335	FAST	49	50	0.1566683642287674	0.0	0	9.822468706989518	
336	FAST	49	51	0.1845573986865216	0.0	0	6.714107252929735	
337	FAST	49	52	0.22142669594552217	0.0	0	6.698563576837884	
338	FAST	49	53	0.25003121348288215	0.0	0	6.713744336884366	
339	FAST	49	54	0.28339660619749146	0.0	0	6.645233622300728	
340	FAST	50	51	0.08115968188268026	0.0	0	21.690364925124975	
341	FAST	50	52	0.07399500529255132	0.0	0	28.08307592322258	
342	FAST	50	53	0.10259952671999197	0.0	0	20.23091273078028	
343	FAST	50	54	0.13596489609411744	0.0	0	14.06647449075837	
344	FAST	50	55	0.20568579977863108	0.0	0	6.587288644761462	
345	FAST	50	56	0.2315223537852311	0.0	0	6.6175323535475545	
346	FAST	50	57	0.28310399822269255	0.0	0	4.554789284212898	
347	FAST	51	52	0.0866936794642085	0.0	0	17.149566053763426	
348	FAST	51	53	0.1152981970015685	0.0	0	11.389837377488707	
349	FAST	51	54	0.14866356637569397	0.0	0	8.407738054522623	
350	FAST	51	55	0.21838445838996573	0.0	0	5.794583488240644	
351	FAST	51	56	0.2442210123965657	0.0	0	5.0885863729387175	
352	FAST	52	53	0.027119747672974932	0.0	0	51.873151339855376	
353	FAST	52	54	0.06466182659652175	0.0	0	21.794260703840244	
354	FAST	52	55	0.13438272639095475	0.0	0	11.044775296622754	
355	FAST	52	56	0.16021928039755476	0.0	0	8.81274371018608	
356	FAST	52	57	0.2118009365052582	0.0	0	5.911176223824446	
357	FAST	53	54	0.03255763303241363	0.0	0	43.682982970862156	
358	FAST	53	55	0.1392847375834884	0.0	0	13.308930341524148	
359	FAST	53	56	0.12811509072352725	0.0	0	12.779751917504532	
360	FAST	53	57	0.1796967429411501	0.0	0	7.6177094418214635	
361	FAST	53	58	0.2558494359154547	0.0	0	4.3289241689808415	
362	FAST	53	63	0.337184139804537	0.048	0	11.489473900947972	
363	FAST	54	55	0.09882882488577224	0.0	0	15.535522968774707	
364	FAST	54	56	0.09594506921502285	0.0	0	18.42673304327531	
365	FAST	54	57	0.14752673699296817	0.0	0	9.51309293062032	
366	FAST	54	58	0.2236794182970309	0.0	0	5.90582686959043	
367	FAST	54	59	0.23363279643775064	0.0	0	5.305421978580753	
368	FAST	54	63	0.31193667033525635	0.048	0	15.697503566143142	
369	FAST	55	56	0.10245118238530287	0.0	0	20.7871536599912	
370	FAST	55	57	0.11688081406400345	0.0	0	15.498108066331104	
371	FAST	55	58	0.19303349536806622	0.0	0	8.234245010307461	
372	FAST	55	59	0.15404239253103003	0.0	0	9.111810510608688	
373	FAST	55	60	0.199998124561872	0.0	0	6.519494470222488	
374	FAST	55	61	0.21647929140213404	0.0	0	5.025570013395857	
375	FAST	56	57	0.051750960196819136	0.0	0	26.437016649606832	
376	FAST	56	58	0.12790363761080126	0.0	0	11.135010517067647	
377	FAST	56	59	0.1378570196416016	0.0	0	9.638137963007013	
378	FAST	56	60	0.1863277627103322	0.0	0	6.706564020726191	
379	FAST	56	61	0.2295672264918869	0.0	0	4.9036462731291595	
380	FAST	56	63	0.3399620284812417	0.048	0	10.850411108909995	
381	FAST	56	64	0.38634472259083835	0.048	0	6.104015867693521	
382	FAST	56	65	0.43919115018064	0.048	0	3.892125699883807	
383	FAST	56	67	0.42103726473208475	0.048	0	4.460815153301105	
384	FAST	57	58	0.07675344979601327	0.0	0	22.146769395610463	
385	FAST	57	59	0.08670683571689426	0.0	0	18.515472094781884	
386	FAST	57	60	0.13517757878562484	0.0	0	10.426283131483428	
387	FAST	57	61	0.17841704256717958	0.0	0	7.745967378945672	
388	FAST	57	63	0.384340773682992	0.048	0	6.285588716374453	
389	FAST	57	64	0.3412958770645092	0.048	0	10.350188439919956	
390	FAST	57	65	0.38984504348251814	0.048	0	6.229325456172536	
391	FAST	57	66	0.42780336506585737	0.048	0	4.7717780655721915	
392	FAST	57	67	0.37333280038000694	0.048	0	6.906478172288938	
393	FAST	58	59	0.07200593315564248	0.0	0	25.220455189468876	
394	FAST	58	60	0.08743951295287825	0.0	0	17.379870115039804	
395	FAST	58	61	0.1310579211587018	0.0	0	11.90033744518343	
396	FAST	58	62	0.255370979338627	0.0	0	5.45534075995607	
397	FAST	58	63	0.42867785119451274	0.048	0	4.809807380751294	
398	FAST	58	64	0.2815888030664809	0.048	0	32.44921393925348	
399	FAST	58	65	0.3403573143357273	0.048	0	10.023677754537108	
400	FAST	58	66	0.39043847436779794	0.048	0	6.146706377113598	
401	FAST	58	67	0.31576294598180515	0.048	0	15.669079414796418	
402	FAST	59	60	0.049577043098683535	0.0	0	29.436800836190837	
403	FAST	59	61	0.09281650299015765	0.0	0	16.750640103839242	
404	FAST	59	62	0.19190307683821625	0.0	0	7.139796991652461	
405	FAST	60	61	0.04366750880351709	0.0	0	37.13475430312601	
406	FAST	60	62	0.16798056309336168	0.0	0	9.96491066984895	
407	FAST	61	62	0.1284738884202208	0.0	0	14.500360166144702	
408	FAST	61	64	0.34189073151411264	0.048	0	10.946869631869573	
409	FAST	61	65	0.27660027650124386	0.048	0	37.47175915019952	
410	FAST	61	66	0.2846057362515169	0.048	0	28.372326768084772	
411	FAST	61	67	0.313713359586781	0.048	0	15.012419460678032	
412	FAST	62	64	0.4213812504185731	0.048	0	4.598776093426929	
413	FAST	62	65	0.3530950978131749	0.048	0	9.073889060715231	
414	FAST	62	66	0.29304974429611425	0.048	0	22.758128493141616	
415	FAST	62	67	0.39218104977363377	0.048	0	6.157063593866857	
416	FAST	64	65	0.3208596406357785	0.048	0	14.191782496322654	
417	FAST	64	66	0.37832092189058875	0.048	0	6.894174941831016	
418	FAST	64	67	0.28711509697401516	0.048	0	27.93872895640934	
419	FAST	65	66	0.30802592284334046	0.048	0	15.970492193648305	
420	FAST	65	67	0.2869529669048198	0.048	0	26.685565337125027	
421	FAST	66	67	0.34723302916346765	0.048	0	9.903579827209356	
422	FAST	68	69	0.31961417983176404	0.048	0	13.639010815838292	
423	FAST	68	70	0.31025070892562745	0.048	0	17.44156945893173	
424	FAST	68	71	0.35282413558903386	0.048	0	9.093830138800755	
425	FAST	68	73	0.3499823949333256	0.048	0	9.383929423245187	
426	FAST	68	74	0.36326856556838494	0.048	0	7.871263143320393	
427	FAST	68	75	0.32293415966345773	0.048	0	12.670297053815451	
428	FAST	68	76	0.3043083788413486	0.048	0	18.211347204818388	
429	FAST	68	77	0.3277074185209801	0.048	0	12.538238031863429	
430	FAST	68	78	0.3537868345681008	0.048	0	8.57053838417632	
431	FAST	69	70	0.35016734253612003	0.048	0	9.571596349141295	
432	FAST	69	71	0.2889421904033205	0.048	0	25.70693268966821	
433	FAST	69	73	0.409725032299345	0.048	0	5.020667325053836	
434	FAST	69	74	0.43146268347934347	0.048	0	4.105625412200378	
435	FAST	69	75	0.3940090006189977	0.048	0	6.271107235835059	
436	FAST	69	76	0.375242522649161	0.048	0	6.953390907952958	
437	FAST	69	77	0.3880713581061336	0.048	0	6.246925841746933	
438	FAST	69	78	0.4118340394161036	0.048	0	5.065771902100681	
439	FAST	70	71	0.36321139206122	0.048	0	7.788417031225432	
440	FAST	70	73	0.39483539525942135	0.048	0	6.06414869047559	
441	FAST	70	74	0.39209968574495196	0.048	0	5.6379978086310345	
442	FAST	70	75	0.3479917875872324	0.048	0	9.36909089584286	
443	FAST	70	76	0.3135398879049619	0.048	0	15.446672375727967	
444	FAST	70	77	0.29472060910445375	0.048	0	23.008348922269544	
445	FAST	70	78	0.31277550312885255	0.048	0	15.81076902899814	
446	FAST	71	75	0.4279180643201304	0.048	0	4.630769738552892	
447	FAST	71	76	0.404332513209376	0.048	0	5.07967597570212	
448	FAST	71	77	0.40759504955365466	0.048	0	5.495792748802655	
449	FAST	71	78	0.4282032219443983	0.048	0	4.282161031140891	
450	FAST	72	73	0.14025606737595317	0.0	0	11.96337336755967	
451	FAST	72	74	0.08725546934826098	0.0	0	16.04638291802392	
452	FAST	72	75	0.06345545813248002	0.0	0	27.451985826143492	
453	FAST	72	76	0.04017865109099696	0.0	0	36.44507637870074	
454	FAST	72	77	0.04570755266690181	0.0	0	31.719100204675428	
455	FAST	72	78	0.06345764046771263	0.0	0	25.685027631324076	
456	FAST	73	74	0.05432577344421043	0.0	0	33.74447130207848	
457	FAST	73	75	0.11529474650005098	0.0	0	22.269588963366267	
458	FAST	73	76	0.1530252220284384	0.0	0	13.881951173435242	
459	FAST	73	77	0.19731463802204155	0.0	0	8.367398268129007	
460	FAST	73	78	0.21506473749309424	0.0	0	7.134776719388115	
461	FAST	74	75	0.0623156956289603	0.0	0	28.848152369274324	
462	FAST	74	76	0.10004617115734774	0.0	0	15.682339022325866	
463	FAST	74	77	0.14433558326087026	0.0	0	10.395446771669587	
464	FAST	74	78	0.16208567884184233	0.0	0	9.034306285240904	
465	FAST	75	76	0.042285826075788555	0.0	0	39.02097906636655	
466	FAST	75	77	0.087860882596482	0.0	0	17.141663385795066	
467	FAST	75	78	0.10561097428737345	0.0	0	13.52322196008606	
468	FAST	76	77	0.06410468924890102	0.0	0	30.031720540657382	
469	FAST	76	78	0.08185477704971184	0.0	0	19.06571128154849	
470	FAST	77	78	0.02740920468246461	0.0	0	50.48742630465845	
471	FAST	21	79	0.33217640093097095	0.0	634	3.179294636592406	
472	FAST	19	79	0.2680631167473222	0.0	191	3.467114535839384	
473	FAST	22	79	0.3077422093558044	0.0	237	3.198690267290807	
474	FAST	39	80	0.30299381611422815	0.0	78	3.6017954680271034	
475	FAST	38	80	0.3117388532147841	0.0	98	2.613009731272493	
476	FAST	40	80	0.4158389353627587	0.0	879	1.6832543327148553	
477	FAST	39	81	0.23402280875871068	0.0	276	5.49193859691218	
478	FAST	38	81	0.23473495566290895	0.0	394	3.5249624966733504	
479	FAST	37	81	0.3707954897567632	0.0	383	2.661484980307614	
480	FAST	28	82	0.20642921063624706	0.0	67	6.051497049013969	
481	FAST	30	82	0.2735687405802738	0.0	141	2.9391302258913594	
482	FAST	39	82	0.38776041637077496	0.0	849	1.6727474280857841	
483	FAST	39	83	0.23146336928717953	0.0	311	5.630238831198254	
484	FAST	38	83	0.24518750888268728	0.0	315	3.6535410941488724	
485	FAST	37	83	0.3249891897669485	0.0	391	2.614025350795194	
