n_interc	
0	
0	
0	
0	
0	
0	
0	
0	
0	
0	
0	
0	
0	
0	
0	
0	
0	
0	
0	
0	
0	
0	
0	
0	
0	
0	
0	
0	
0	
0	
0	
0	
0	
0	
0	
0	
0	
0	
0	
0	
0	
0	
0	
0	
0	
0	
0	
0	
0	
0	
0	
0	
0	
0	
0	
0	
0	
0	
0	
0	
0	
0	
0	
0	
0	
0	
0	
0	
0	
0	
0	
0	
0	
0	
0	
1	
1	
1	
2	
2	
2	
2	
2	
2	
2	
2	
2	
3	
3	
3	
3	
3	
3	
3	
3	
3	
4	
4	
4	
6	
57	
58	
60	
61	
63	
64	
67	
67	
69	
69	
69	
73	
74	
74	
76	
77	
78	
81	
82	
82	
84	
87	
88	
91	
91	
92	
96	
98	
102	
104	
108	
109	
109	
110	
110	
112	
115	
116	
118	
121	
122	
123	
126	
129	
130	
131	
133	
136	
138	
139	
140	
141	
141	
144	
145	
147	
148	
151	
152	
155	
155	
156	
159	
160	
163	
165	
167	
170	
171	
171	
173	
176	
177	
180	
180	
181	
185	
186	
189	
189	
190	
191	
195	
196	
197	
199	
199	
200	
201	
204	
206	
208	
208	
210	
212	
214	
215	
216	
219	
221	
485	
490	
494	
500	
501	
504	
508	
515	
518	
521	
528	
534	
537	
538	
543	
545	
549	
555	
556	
562	
564	
568	
573	
578	
581	
582	
587	
589	
594	
596	
601	
603	
609	
612	
616	
622	
628	
629	
633	
637	
641	
646	
647	
653	
656	
659	
662	
665	
666	
669	
673	
676	
680	
684	
687	
689	
689	
691	
696	
696	
698	
700	
702	
705	
708	
712	
713	
716	
721	
722	
723	
725	
727	
728	
729	
732	
732	
732	
736	
738	
740	
742	
745	
748	
749	
750	
750	
752	
754	
757	
760	
761	
761	
763	
763	
767	
767	
767	
768	
770	
3214	
3217	
3221	
3225	
3229	
3237	
3239	
3245	
3247	
3253	
3256	
3262	
3264	
3271	
3278	
3280	
3287	
3292	
3298	
3301	
3308	
3314	
3320	
3326	
3331	
3335	
3342	
3343	
3348	
3354	
3361	
3366	
3373	
3375	
3377	
3379	
3381	
3384	
3387	
3392	
3396	
3400	
3404	
3408	
3410	
3413	
3416	
3417	
3419	
3422	
3424	
3428	
3431	
3434	
3437	
3441	
3447	
3452	
3452	
3453	
3458	
3460	
3464	
3469	
3470	
3471	
3475	
3481	
3487	
3489	
3489	
3491	
3492	
3493	
3494	
3498	
3498	
3500	
3505	
3507	
3508	
3508	
3509	
3511	
3511	
3514	
3518	
3520	
3522	
3525	
3527	
3528	
3530	
3534	
3538	
3540	
3542	
3543	
3545	
3546	
3018	
3018	
3019	
3021	
3022	
3025	
3027	
3028	
3030	
3031	
3032	
3034	
3037	
3040	
3041	
3042	
3043	
3045	
3045	
3047	
3049	
3051	
3053	
3054	
3054	
3056	
3059	
3062	
3063	
3065	
3068	
3070	
3072	
3075	
3077	
3078	
3082	
3083	
3086	
3087	
3089	
3091	
3092	
3094	
3094	
3094	
3096	
3097	
3099	
3099	
3099	
3100	
3101	
3103	
3105	
3107	
3109	
3110	
3111	
3113	
3113	
3115	
3117	
3119	
3122	
3123	
3128	
3131	
3131	
3132	
3133	
3134	
3135	
3138	
3141	
3141	
3142	
3143	
3143	
3144	
3146	
3147	
3148	
3148	
3148	
3151	
3155	
3158	
3158	
3162	
3163	
3163	
3165	
3167	
3169	
3171	
3174	
3176	
3177	
3179	
