id	type	l1	l2	friction	risk	count	acc	
1	FAST	1	2	0.02151630826214646	0.0	0	59.59911079626367	
2	FAST	1	3	0.027987052819351734	0.0	0	43.33513874927428	
3	FAST	1	4	0.07302656972007415	0.0	0	16.458894839214018	
4	FAST	1	5	0.10800269310982086	0.0	1	11.032430857069395	
5	FAST	1	6	0.2005826597473596	0.0	0	4.402653957356567	
6	FAST	1	7	0.05791240055316788	0.0	0	26.5234873174174	
7	FAST	1	8	0.06855335822514483	0.0	0	17.331745410509416	
8	FAST	1	68	0.36490858423453987	0.048	1	4.864965335351522	
9	FAST	1	69	0.40115801759656244	0.048	0	3.1935573305766805	
10	FAST	1	70	0.423550267947518	0.048	0	2.1881184903974766	
11	FAST	1	71	0.44235053412726005	0.048	0	2.408630931558285	
12	FAST	1	72	0.28733633203502157	0.0	0	4.406155800424748	
13	FAST	1	73	0.1906077266698771	0.0	0	15.025340577001257	
14	FAST	1	74	0.20210142113627694	0.0	0	9.01804840387721	
15	FAST	1	75	0.2630703980821981	0.0	0	7.653429614812836	
16	FAST	1	76	0.3008008736105855	0.0	0	5.683164508219058	
17	FAST	1	77	0.3450902934942693	0.0	0	3.7258575984010345	
18	FAST	1	78	0.36284036573475764	0.0	0	3.9973635355341495	
19	FAST	2	3	0.007516752227496343	0.0	0	165.83260018215708	
20	FAST	2	4	0.05255626523813813	0.0	0	23.336505267584176	
21	FAST	2	5	0.08753238084772358	0.0	0	13.051800998839882	
22	FAST	2	6	0.18130277439888826	0.0	0	5.967599527132251	
23	FAST	2	7	0.06458409111532147	0.0	0	22.131593294715813	
24	FAST	2	8	0.04808305763328943	0.0	1	25.75221849959573	
25	FAST	2	23	0.24993272053144797	0.0	140	4.007148036788773	
26	FAST	2	68	0.36470401260312413	0.048	86	4.1351003930056365	
27	FAST	2	69	0.391780317504476	0.048	3	3.849613679877941	
28	FAST	2	70	0.4257275325971185	0.048	6	2.379015313921092	
29	FAST	2	71	0.43263050137245695	0.048	46	2.280418716384154	
30	FAST	2	72	0.3002858035948819	0.0	0	4.338717317610879	
31	FAST	2	73	0.2035572098999793	0.0	0	11.290301209538931	
32	FAST	2	74	0.21505090436637914	0.0	0	6.938801483765165	
33	FAST	2	75	0.2760198696420584	0.0	0	6.685496827195951	
34	FAST	2	76	0.3137503451704458	0.0	0	5.422342068400754	
35	FAST	2	77	0.3580397650541296	0.0	0	4.582308979867998	
36	FAST	3	4	0.04596140765847902	0.0	0	25.408464759407824	
37	FAST	3	5	0.08093752715814509	0.0	0	13.470288079483842	
38	FAST	3	6	0.18231210638901338	0.0	0	5.836048616457477	
39	FAST	3	7	0.06852057262560743	0.0	0	18.48707659531982	
40	FAST	3	8	0.04148820394371095	0.0	0	29.344908945362118	
41	FAST	3	23	0.253869190371492	0.0	6	3.7145206671484163	
42	FAST	3	68	0.3624783762095865	0.048	1	4.941475694248296	
43	FAST	3	69	0.3866275625916361	0.048	0	4.03408266178746	
44	FAST	3	70	0.424054534998753	0.048	0	2.85569012306886	
45	FAST	3	71	0.42731742112785376	0.048	5	2.7954895633451864	
46	FAST	3	72	0.30422229677540974	0.0	0	4.752418205499831	
47	FAST	3	73	0.20749369141026527	0.0	0	10.987518398592274	
48	FAST	3	74	0.2189873742064232	0.0	0	6.820068486375025	
49	FAST	3	75	0.27995636282258624	0.0	0	6.748613145483958	
50	FAST	3	76	0.3176868383509737	0.0	0	5.653812523614904	
51	FAST	3	77	0.36197625823465746	0.0	0	3.578009876769896	
52	FAST	4	5	0.03612179881582182	0.0	0	31.0720014839672	
53	FAST	4	6	0.131309053093839	0.0	0	9.394930651910869	
54	FAST	4	7	0.11268187659387058	0.0	0	11.838036868124634	
55	FAST	4	8	0.007503043583361338	0.0	0	226.57324339572858	
56	FAST	4	9	0.19906910328632327	0.0	0	4.813078869610472	
57	FAST	4	23	0.20219244902298494	0.0	668	3.7900830031532844	
58	FAST	4	24	0.1883962275027891	0.0	357	4.509598096393881	
59	FAST	4	68	0.38518730849483807	0.048	332	3.5644878030087797	
60	FAST	4	69	0.38862564188147486	0.048	67	3.6395915599144906	
61	FAST	4	71	0.42626530464684514	0.048	624	2.2615780981069853	
62	FAST	4	73	0.25165497981820595	0.0	0	6.669882355865961	
63	FAST	4	74	0.26314868595484764	0.0	0	4.999628779531222	
64	FAST	4	75	0.32411765123052694	0.0	0	4.552400874838322	
65	FAST	4	76	0.36184812675891437	0.0	0	3.8647756564902225	
66	FAST	5	6	0.09695465406038882	0.0	0	13.10581648580705	
67	FAST	5	7	0.1480079633072034	0.0	0	8.050455452488112	
68	FAST	5	8	0.04282913807685543	0.0	0	28.363556549694774	
69	FAST	5	9	0.1647147042528731	0.0	0	6.514256692599766	
70	FAST	5	10	0.20580158024837855	0.0	0	4.019606827800199	
71	FAST	5	11	0.315176425388388	0.0	1	3.62414286486911	
72	FAST	5	23	0.1678380499895348	0.0	982	4.48295921548533	
73	FAST	5	24	0.1540418323594195	0.0	545	5.254708536132695	
74	FAST	5	25	0.21818540685428356	0.0	185	4.090015041397274	
75	FAST	5	68	0.41072317596004826	0.048	375	2.4600683463796065	
76	FAST	5	69	0.4016265693558544	0.048	99	3.1727270842295257	
77	FAST	5	71	0.4354848530175842	0.048	1233	1.6559035739636023	
78	FAST	5	73	0.2869810937621032	0.0	0	4.6918916274729305	
79	FAST	5	74	0.2984747765582611	0.0	0	3.4829199134628013	
80	FAST	5	75	0.3594437418339404	0.0	1	3.6624695299982704	
81	FAST	6	7	0.22348282140222536	0.0	0	5.084329362128772	
82	FAST	6	8	0.1367366608602571	0.0	0	8.107304979595622	
83	FAST	6	9	0.07023925303818712	0.0	0	15.63675718222233	
84	FAST	6	10	0.11132612125353132	0.0	0	9.000379497578734	
85	FAST	6	11	0.2207009547232989	0.0	0	6.247288870701727	
86	FAST	6	12	0.25762382228263525	0.0	0	4.681526841537092	
87	FAST	6	23	0.1142018866986697	0.0	0	9.190836979646207	
88	FAST	6	24	0.1001154807239066	0.0	0	11.269768165244887	
89	FAST	6	25	0.16454923189317652	0.0	0	7.462303987753653	
90	FAST	6	26	0.15947391760864105	0.0	0	6.258324161663812	
91	FAST	7	8	0.10798518774699241	0.0	0	12.939246611912232	
92	FAST	7	23	0.2485729428477388	0.0	4	4.036738303449003	
93	FAST	7	24	0.2631165461086946	0.0	12	3.6095740488081636	
94	FAST	7	68	0.40415430617655823	0.048	12	2.8372591124054507	
95	FAST	7	69	0.4403988038214797	0.048	3	2.298823271754994	
96	FAST	7	72	0.25068690991330783	0.0	0	4.109425531404571	
97	FAST	7	73	0.15395831621840525	0.0	0	11.576982300420859	
98	FAST	7	74	0.16545201068480506	0.0	0	7.958611948092071	
99	FAST	7	75	0.22642097596048436	0.0	0	6.120113333747664	
100	FAST	7	76	0.26415145148887176	0.0	0	4.650526085980425	
101	FAST	8	9	0.20593583471103105	0.0	0	4.612148080564663	
102	FAST	8	23	0.20905918044769273	0.0	134	4.303811606097592	
103	FAST	8	24	0.19526296281757746	0.0	46	4.449719397560436	
104	FAST	8	68	0.381788758681206	0.048	23	3.945945673813537	
105	FAST	8	69	0.3874760334580042	0.048	9	3.5373166549139685	
106	FAST	8	71	0.4256121061407696	0.048	144	2.050116283597395	
107	FAST	8	72	0.34401116178742613	0.0	0	3.1080819624133986	
108	FAST	8	73	0.2472825797627654	0.0	0	6.2791612853665955	
109	FAST	8	74	0.25877625866884274	0.0	0	4.803923280445112	
110	FAST	8	75	0.3197452278346027	0.0	0	5.208376888060014	
111	FAST	8	76	0.3574757033629901	0.0	0	4.18696268367337	
112	FAST	9	10	0.042910483552879006	0.0	0	27.59410294393756	
113	FAST	9	11	0.15228532869288847	0.0	0	10.563441476947455	
114	FAST	9	12	0.18920818458198294	0.0	0	6.944183726423577	
115	FAST	9	13	0.22995744825989792	0.0	0	4.694837428456419	
116	FAST	9	14	0.25331769753086336	0.0	0	3.566352033301825	
117	FAST	9	15	0.24757465090643752	0.0	0	4.002156865412512	
118	FAST	9	23	0.17921559053844677	0.0	0	7.026714969680182	
119	FAST	9	24	0.16512918067360308	0.0	0	8.826791669574131	
120	FAST	9	25	0.17977600333395677	0.0	0	8.060605551741032	
121	FAST	9	26	0.09105827990798876	0.0	0	14.211668686874846	
122	FAST	9	27	0.17848346569391205	0.0	0	6.6115253638435565	
123	FAST	9	29	0.1855811706559399	0.0	0	6.667419886214771	
124	FAST	10	11	0.10937484514000945	0.0	0	10.546512646233332	
125	FAST	10	12	0.1462977010291039	0.0	0	8.212483264466265	
126	FAST	10	13	0.18704696470701887	0.0	0	6.159408492358385	
127	FAST	10	14	0.21040721786806496	0.0	0	4.860922124814451	
128	FAST	10	15	0.2046641673535585	0.0	0	4.654184721911868	
129	FAST	10	16	0.20323672949747695	0.0	1	4.318914869014859	
130	FAST	10	23	0.213153638132304	0.0	1	6.027063609077862	
131	FAST	10	24	0.199016878953885	0.0	0	7.004051685574615	
132	FAST	10	25	0.13705416535107862	0.0	0	9.587887927766129	
133	FAST	10	26	0.04814779635510974	0.0	0	25.177126508772197	
134	FAST	10	27	0.1355729938112749	0.0	0	10.780434109441305	
135	FAST	10	29	0.14267068710306088	0.0	0	8.94434903900536	
136	FAST	11	12	0.0364924262477068	0.0	0	32.30960325617829	
137	FAST	11	13	0.07678160230952209	0.0	0	14.587989846544225	
138	FAST	11	14	0.1121667443368769	0.0	0	10.459922329304106	
139	FAST	11	15	0.13120902745063714	0.0	0	8.666241901663582	
140	FAST	11	16	0.21670056307836655	0.0	1	5.74365480590929	
141	FAST	11	24	0.31300570982660975	0.0	0	3.8268900406635646	
142	FAST	11	25	0.2510430001138839	0.0	0	4.011548644008711	
143	FAST	11	26	0.0629029032998397	0.0	0	18.473428704741508	
144	FAST	11	27	0.15032809297584365	0.0	0	6.452017421687017	
145	FAST	11	29	0.1574258018279521	0.0	0	6.298083741112669	
146	FAST	11	31	0.2612748846871239	0.0	0	4.422202790047122	
147	FAST	12	13	0.041186765485885346	0.0	0	30.738600480035334	
148	FAST	12	14	0.0765719114033208	0.0	0	15.338448637667662	
149	FAST	12	15	0.09561419451708102	0.0	0	12.164146208171088	
150	FAST	12	16	0.14372326122945295	0.0	0	7.3014895129527035	
151	FAST	12	26	0.09403059326424705	0.0	0	13.94872428742568	
152	FAST	12	27	0.1814557907204122	0.0	0	5.865886401998608	
153	FAST	12	29	0.18855348401219818	0.0	0	5.2840845484630234	
154	FAST	12	31	0.19481717124778766	0.0	0	5.102542196200069	
155	FAST	13	14	0.035643937421330284	0.0	0	30.691972083186375	
156	FAST	13	15	0.05468622442517113	0.0	0	22.005707555422806	
157	FAST	13	16	0.10279528335738179	0.0	0	11.509799391076548	
158	FAST	13	26	0.13496519205354798	0.0	0	9.233245947880599	
159	FAST	13	27	0.22239038950971318	0.0	0	4.578207606699237	
160	FAST	13	29	0.22948808669157972	0.0	0	4.307399474074012	
161	FAST	13	31	0.15388919337571655	0.0	0	6.549698451169605	
162	FAST	14	15	0.019130319528464904	0.0	0	70.35450865818167	
163	FAST	14	16	0.06723938624083681	0.0	0	18.132843275514777	
164	FAST	14	26	0.1630868027618412	0.0	0	7.127547274781781	
165	FAST	14	27	0.2503014029230186	0.0	0	4.616241386500466	
166	FAST	14	29	0.25739912344536897	0.0	0	4.5516655967770285	
167	FAST	14	31	0.1183333001492522	0.0	0	9.454704285038929	
168	FAST	14	32	0.21194727355834295	0.0	0	4.261427345449569	
169	FAST	15	16	0.048585982817270716	0.0	0	25.162114712162253	
170	FAST	15	26	0.15747477794306555	0.0	0	6.879157077528187	
171	FAST	15	27	0.244689378104243	0.0	0	4.698392040904773	
172	FAST	15	29	0.25178707528610955	0.0	0	4.683493285501695	
173	FAST	15	31	0.09967989283560547	0.0	0	11.615757372730386	
174	FAST	15	32	0.1932938779149381	0.0	0	4.9914026395190145	
175	FAST	16	26	0.15613073174541822	0.0	0	5.826712418945442	
176	FAST	16	27	0.24334533190659563	0.0	0	4.952642172362513	
177	FAST	16	29	0.250443052428946	0.0	0	4.409048263773618	
178	FAST	16	31	0.05291526521902438	0.0	0	23.948547926263053	
179	FAST	16	32	0.14652924640827636	0.0	2	7.405769749170651	
180	FAST	17	18	0.144492633596006	0.0	1	6.966337148612164	
181	FAST	17	19	0.20948451408345695	0.0	1	4.24766330212902	
182	FAST	17	20	0.22112509410431017	0.0	1	3.872632375229697	
183	FAST	17	21	0.2301959607734761	0.0	834	2.544549716118647	
184	FAST	18	19	0.06547912086633792	0.0	2	18.726052563203016	
185	FAST	18	20	0.07711971255743301	0.0	3	16.27051317245726	
186	FAST	18	21	0.08619056366627643	0.0	42	13.936086545880856	
187	FAST	18	22	0.11826343430116347	0.0	2	11.939401931231027	
188	FAST	18	23	0.2031332533527576	0.0	18	4.715156003847512	
189	FAST	18	24	0.21725088889480668	0.0	10	4.706173905351088	
190	FAST	19	20	0.0557718564567446	0.0	0	18.350061297715325	
191	FAST	19	21	0.020826386902350846	0.0	54	51.0575144525131	
192	FAST	19	22	0.052899253647157266	0.0	0	21.443753847181792	
193	FAST	19	23	0.18178540114214978	0.0	654	4.612835163863014	
194	FAST	19	24	0.19590302501395698	0.0	340	4.374732740910616	
195	FAST	19	25	0.25918542512951476	0.0	1	3.632424563849028	
196	FAST	20	21	0.051960300995763854	0.0	59	20.833592803358485	
197	FAST	20	22	0.057609725049702395	0.0	0	23.447766959055024	
198	FAST	20	23	0.12831906321120456	0.0	48	8.961934988212821	
199	FAST	20	24	0.14243669875325368	0.0	11	8.221785913474994	
200	FAST	20	25	0.20571908719856957	0.0	0	6.9314994110848875	
201	FAST	21	22	0.03241731782414188	0.0	52	35.50714767392524	
202	FAST	21	23	0.177942145414127	0.0	1183	3.3803331388639064	
203	FAST	21	24	0.1920597848462567	0.0	602	3.9962341574985314	
204	FAST	21	25	0.25534216940149196	0.0	187	3.629441220590519	
205	FAST	22	23	0.18354915202889183	0.0	40	6.614891492449391	
206	FAST	22	24	0.19766678757094094	0.0	8	6.540247658105338	
207	FAST	22	25	0.2609491876864987	0.0	0	5.564161843896904	
208	FAST	23	24	0.014785710209034767	0.0	0	82.80478532112723	
209	FAST	23	25	0.07806810643451191	0.0	0	14.119328856791567	
210	FAST	23	26	0.26582657077857297	0.0	0	3.841016701641613	
211	FAST	24	25	0.06401010971857911	0.0	1	16.797589603642272	
212	FAST	24	26	0.25176857017255955	0.0	0	4.606914428269211	
213	FAST	24	27	0.3391937559584829	0.0	0	3.685329449915284	
214	FAST	25	26	0.1896613206239994	0.0	0	6.431228801148059	
215	FAST	25	27	0.2770865064099227	0.0	0	5.967423968730217	
216	FAST	25	29	0.28418422304219243	0.0	0	5.210576450513737	
217	FAST	25	30	0.4521379951502652	0.0	0	2.2108482101384177	
218	FAST	26	27	0.08793642018212716	0.0	0	12.417019358784744	
219	FAST	26	29	0.09503412125407436	0.0	0	10.569032743847577	
220	FAST	26	31	0.2001531209344359	0.0	0	4.2453596414448125	
221	FAST	27	29	0.009295402123045745	0.0	0	137.10205747035164	
222	FAST	27	30	0.1772491897914411	0.0	0	5.53582928639528	
223	FAST	27	31	0.28774323446876776	0.0	0	4.4180095591102555	
224	FAST	28	30	0.15944353607893208	0.0	0	8.594305384278728	
225	FAST	29	30	0.16795380711879848	0.0	0	5.711129556724635	
226	FAST	29	31	0.2954023675373496	0.0	0	4.580754971081132	
227	FAST	31	32	0.09361397729917137	0.0	0	11.530382410911356	
228	FAST	31	33	0.20448155529861253	0.0	0	4.349533662873121	
229	FAST	32	33	0.11533800808672107	0.0	1	9.957236450006329	
230	FAST	32	34	0.21282922874836685	0.0	1	4.334277027534288	
231	FAST	32	35	0.1856925008734483	0.0	4	5.620718795197344	
232	FAST	33	34	0.09994297898851423	0.0	5	11.528150664821716	
233	FAST	33	35	0.08939985684434527	0.0	8	14.801964772684778	
234	FAST	33	36	0.23577195177538954	0.0	0	4.086028226913408	
235	FAST	33	43	0.21187265792180676	0.0	3	5.056862337832646	
236	FAST	33	44	0.23313834384937832	0.0	1	3.6708080247399844	
237	FAST	34	35	0.07425086367565223	0.0	35	16.076905541549987	
238	FAST	34	36	0.22119958914834686	0.0	236	3.9942824110499227	
239	FAST	34	40	0.21309968660406667	0.0	540	3.9415923536995408	
240	FAST	34	41	0.19701331626663482	0.0	74	4.505100383896323	
241	FAST	34	42	0.19652467156864095	0.0	90	6.618137030869775	
242	FAST	34	43	0.11495453171851999	0.0	10	11.504371893445184	
243	FAST	34	44	0.1362202176460916	0.0	9	9.485002007453204	
244	FAST	34	45	0.17083477360173724	0.0	7	7.475152104653193	
245	FAST	34	46	0.1415772009986984	0.0	4	8.265756356375839	
246	FAST	34	47	0.2729031837234328	0.0	7	4.531214619882025	
247	FAST	34	48	0.30365908701192784	0.0	9	3.6172528127925756	
248	FAST	34	49	0.2550983585980977	0.0	1	3.9779790166158118	
249	FAST	34	63	0.41350450727089905	0.048	936	2.411508391876119	
250	FAST	35	36	0.15314777123847956	0.0	2	7.768420746143615	
251	FAST	35	37	0.18349454307702828	0.0	217	5.045844425910427	
252	FAST	35	40	0.18010409662424917	0.0	25	5.574496588319335	
253	FAST	35	41	0.1906017709564348	0.0	1	5.0583347923874875	
254	FAST	35	42	0.2441990567814982	0.0	5	5.598401922634242	
255	FAST	35	43	0.16262891693137727	0.0	46	6.962955851716628	
256	FAST	35	44	0.18389460285894885	0.0	62	4.674349904014986	
257	FAST	35	45	0.21850915881459448	0.0	53	4.391847926237342	
258	FAST	35	46	0.18925158232147501	0.0	20	5.0578950492054995	
259	FAST	36	37	0.03814278128412667	0.0	75	27.9187198609331	
260	FAST	36	38	0.11676273844668511	0.0	31	10.143176418570306	
261	FAST	36	39	0.19725989680743664	0.0	133	4.697228724389543	
262	FAST	36	40	0.1635373363399172	0.0	3	9.00929228273026	
263	FAST	36	41	0.3269651669101407	0.0	0	6.112922634430375	
264	FAST	36	42	0.39092006082427827	0.0	0	3.5338253980054555	
265	FAST	37	38	0.08093381602122546	0.0	63	15.92413507705438	
266	FAST	37	39	0.15061684588073954	0.0	143	6.461593037244777	
267	FAST	37	40	0.14019839693063493	0.0	128	9.63135931266694	
268	FAST	37	41	0.3579232571393046	0.0	102	5.643715978574942	
269	FAST	37	42	0.4218781277129583	0.0	203	2.530405328229607	
270	FAST	38	39	0.08372419808664779	0.0	71	12.370281460943366	
271	FAST	38	40	0.11208962348841593	0.0	479	9.268632006346872	
272	FAST	38	41	0.40779445257479646	0.0	31	4.7671543600677815	
273	FAST	38	42	0.46110764581155694	0.0	324	2.5809190756296445	
274	FAST	39	40	0.19341849275779302	0.0	170	5.019116534484917	
275	FAST	39	41	0.48912332573425416	0.0	116	2.3196394223148653	
276	FAST	40	41	0.2986730228472532	0.0	12	25.866474183409895	
277	FAST	40	42	0.3519861888534493	0.0	14	6.187331450713315	
278	FAST	40	43	0.30170619262486453	0.0	144	3.653584938414946	
279	FAST	41	42	0.25357444285234754	0.0	0	10.957612673390226	
280	FAST	41	43	0.20648708636666077	0.0	35	4.579155756947131	
281	FAST	41	44	0.22937622353302517	0.0	141	3.908336649893895	
282	FAST	41	46	0.2310540153081182	0.0	0	4.259820408611404	
283	FAST	42	43	0.11780820928584947	0.0	114	10.327615463043923	
284	FAST	42	44	0.13084020112608316	0.0	212	8.02695900438091	
285	FAST	42	45	0.16679591294946913	0.0	1	5.519649873692584	
286	FAST	42	46	0.1325179929011762	0.0	0	9.653372248718917	
287	FAST	42	47	0.24937123796376515	0.0	128	3.761730010760738	
288	FAST	42	49	0.20710935144416465	0.0	0	3.973400607401167	
289	FAST	43	44	0.023101644490940768	0.0	5	58.5909851911992	
290	FAST	43	45	0.05771618877634452	0.0	11	18.47190563838518	
291	FAST	43	46	0.0288340089539606	0.0	3	46.378035986326665	
292	FAST	43	47	0.159784610568282	0.0	15	9.5307392630857	
293	FAST	43	48	0.19054051385677703	0.0	8	6.8878476040110845	
294	FAST	43	49	0.14197978544294687	0.0	3	9.672701491247574	
295	FAST	43	63	0.3923885515678148	0.048	306	3.3409334869371334	
296	FAST	44	45	0.03650977211722949	0.0	0	34.37506016450759	
297	FAST	44	46	0.02575993886862073	0.0	3	50.14799534148393	
298	FAST	44	47	0.14086488833480484	0.0	1	11.812280051941176	
299	FAST	44	48	0.171620779953058	0.0	1	7.821825326512217	
300	FAST	44	49	0.12306006320946969	0.0	0	12.066113132352381	
301	FAST	44	50	0.2795338767258421	0.0	0	3.92206128552679	
302	FAST	44	54	0.4062621031342436	0.0	0	3.1776465056094843	
303	FAST	44	63	0.3774616757931424	0.048	431	3.6290068781562703	
304	FAST	45	46	0.05900224943214269	0.0	3	23.3049760271677	
305	FAST	45	47	0.11029916330807826	0.0	0	20.200151868856615	
306	FAST	45	48	0.1410550549263314	0.0	0	12.399358020775846	
307	FAST	45	49	0.07388850655518356	0.0	0	18.551038457323063	
308	FAST	45	50	0.2303623317417979	0.0	0	4.635296415777186	
309	FAST	45	52	0.29512067512879453	0.0	0	4.378592015510561	
310	FAST	45	53	0.3237251926661545	0.0	0	3.927611213390518	
311	FAST	45	54	0.3570905581501994	0.0	0	4.475938927755075	
312	FAST	45	56	0.4526480314016355	0.0	0	2.810798828213063	
313	FAST	45	63	0.3512879165346726	0.048	69	5.50154428162809	
314	FAST	46	47	0.15177768484110474	0.0	5	10.206829506456973	
315	FAST	46	48	0.1825335725692773	0.0	4	7.303823433613792	
316	FAST	46	49	0.1095157983215043	0.0	0	11.761635462447975	
317	FAST	47	48	0.033308403033401005	0.0	1	41.62218398162078	
318	FAST	47	49	0.04335293354340888	0.0	1	33.388509214492984	
319	FAST	47	50	0.13698732987579948	0.0	1	8.754272122775895	
320	FAST	47	51	0.1911754722673719	0.0	0	5.460830002343172	
321	FAST	47	52	0.21128708019471065	0.0	0	6.227834114665359	
322	FAST	47	53	0.2398915977320707	0.0	1	6.584397270720165	
323	FAST	47	54	0.2732569865565993	0.0	1	6.424783495365278	
324	FAST	47	56	0.3688144364675517	0.0	1	3.8838217503035586	
325	FAST	47	63	0.32931771848225994	0.048	148	8.664823309344294	
326	FAST	48	49	0.07429681330803665	0.0	2	24.01437441407165	
327	FAST	48	50	0.10466340899746844	0.0	0	13.125165852367841	
328	FAST	48	51	0.15885155138904086	0.0	0	6.701063278013893	
329	FAST	48	52	0.17896317098662154	0.0	0	8.177931895717208	
330	FAST	48	53	0.2075677001942234	0.0	0	7.812311411061803	
331	FAST	48	54	0.2409330695683489	0.0	0	7.477710761048404	
332	FAST	48	55	0.31065396158262065	0.0	0	3.577490698471647	
333	FAST	48	56	0.33649051558922066	0.0	0	4.150751572773232	
334	FAST	48	63	0.33176830010421277	0.048	22	7.6481073270732	
335	FAST	49	50	0.1566683642287674	0.0	0	8.00892830915339	
336	FAST	49	51	0.1845573986865216	0.0	0	5.754048680913223	
337	FAST	49	52	0.22142669594552217	0.0	0	4.96367293481767	
338	FAST	49	53	0.25003121348288215	0.0	2	4.779268070735124	
339	FAST	49	54	0.28339660619749146	0.0	1	4.293273086612547	
340	FAST	50	51	0.08115968188268026	0.0	0	18.522679621926066	
341	FAST	50	52	0.07399500529255132	0.0	0	24.588254684651382	
342	FAST	50	53	0.10259952671999197	0.0	0	15.229869020606355	
343	FAST	50	54	0.13596489609411744	0.0	0	11.605491181571265	
344	FAST	50	55	0.20568579977863108	0.0	0	5.351728480265441	
345	FAST	50	56	0.2315223537852311	0.0	1	4.82344265777783	
346	FAST	50	57	0.28310399822269255	0.0	0	3.418308433710013	
347	FAST	51	52	0.0866936794642085	0.0	0	13.832752509409072	
348	FAST	51	53	0.1152981970015685	0.0	0	8.939562145532838	
349	FAST	51	54	0.14866356637569397	0.0	0	7.1301671237184125	
350	FAST	51	55	0.21838445838996573	0.0	0	4.218515177610416	
351	FAST	51	56	0.2442210123965657	0.0	0	3.6980171473578656	
352	FAST	52	53	0.027119747672974932	0.0	0	43.041539639815866	
353	FAST	52	54	0.06466182659652175	0.0	0	19.527350580718206	
354	FAST	52	55	0.13438272639095475	0.0	0	7.838833103989585	
355	FAST	52	56	0.16021928039755476	0.0	0	7.594785521291296	
356	FAST	52	57	0.2118009365052582	0.0	0	4.994803033725602	
357	FAST	53	54	0.03255763303241363	0.0	0	34.74033505487198	
358	FAST	53	55	0.1392847375834884	0.0	0	9.968040138580315	
359	FAST	53	56	0.12811509072352725	0.0	0	9.642802801449728	
360	FAST	53	57	0.1796967429411501	0.0	1	5.74428520659415	
361	FAST	53	58	0.2558494359154547	0.0	1	3.9986894595372107	
362	FAST	53	63	0.337184139804537	0.048	1	7.244778940156516	
363	FAST	54	55	0.09882882488577224	0.0	0	11.855939077533854	
364	FAST	54	56	0.09594506921502285	0.0	0	14.076273909095217	
365	FAST	54	57	0.14752673699296817	0.0	0	7.510102160270916	
366	FAST	54	58	0.2236794182970309	0.0	0	4.323077431129653	
367	FAST	54	59	0.23363279643775064	0.0	0	4.005074738294161	
368	FAST	54	63	0.31193667033525635	0.048	2	10.267462854803277	
369	FAST	55	56	0.10245118238530287	0.0	0	18.160119437033778	
370	FAST	55	57	0.11688081406400345	0.0	0	13.532911372127858	
371	FAST	55	58	0.19303349536806622	0.0	0	6.670731044511919	
372	FAST	55	59	0.15404239253103003	0.0	0	6.99655050151931	
373	FAST	55	60	0.199998124561872	0.0	0	5.024051301064537	
374	FAST	55	61	0.21647929140213404	0.0	0	3.733012381699439	
375	FAST	56	57	0.051750960196819136	0.0	0	20.375856709006136	
376	FAST	56	58	0.12790363761080126	0.0	0	8.912937489041285	
377	FAST	56	59	0.1378570196416016	0.0	0	7.733002167229887	
378	FAST	56	60	0.1863277627103322	0.0	0	5.105390460132595	
379	FAST	56	61	0.2295672264918869	0.0	0	3.803833464204315	
380	FAST	56	63	0.3399620284812417	0.048	0	7.046055873826589	
381	FAST	56	64	0.38634472259083835	0.048	1	3.455733795707482	
382	FAST	56	65	0.43919115018064	0.048	0	2.5780045620590433	
383	FAST	56	67	0.42103726473208475	0.048	1	2.4932940130806625	
384	FAST	57	58	0.07675344979601327	0.0	1	18.303674456443858	
385	FAST	57	59	0.08670683571689426	0.0	0	14.17873063934854	
386	FAST	57	60	0.13517757878562484	0.0	0	8.824057189040973	
387	FAST	57	61	0.17841704256717958	0.0	0	5.447186744092	
388	FAST	57	63	0.384340773682992	0.048	0	4.199094044162456	
389	FAST	57	64	0.3412958770645092	0.048	0	6.155534007973502	
390	FAST	57	65	0.38984504348251814	0.048	0	3.8435126128146853	
391	FAST	57	66	0.42780336506585737	0.048	0	2.208719458683165	
392	FAST	57	67	0.37333280038000694	0.048	0	4.344115986221616	
393	FAST	58	59	0.07200593315564248	0.0	0	21.966374951694085	
394	FAST	58	60	0.08743951295287825	0.0	0	14.500136173922714	
395	FAST	58	61	0.1310579211587018	0.0	0	8.653490914012867	
396	FAST	58	62	0.255370979338627	0.0	0	3.635343635734044	
397	FAST	58	63	0.42867785119451274	0.048	0	2.648066873236826	
398	FAST	58	64	0.2815888030664809	0.048	1	19.278401900228822	
399	FAST	58	65	0.3403573143357273	0.048	0	6.938752895466386	
400	FAST	58	66	0.39043847436779794	0.048	0	3.9629416335789553	
401	FAST	58	67	0.31576294598180515	0.048	1	9.66281677841804	
402	FAST	59	60	0.049577043098683535	0.0	0	22.6715572502467	
403	FAST	59	61	0.09281650299015765	0.0	0	13.168061570689018	
404	FAST	59	62	0.19190307683821625	0.0	0	6.6485935651238535	
405	FAST	60	61	0.04366750880351709	0.0	0	32.572225634003594	
406	FAST	60	62	0.16798056309336168	0.0	0	7.830576535451403	
407	FAST	61	62	0.1284738884202208	0.0	0	12.252038424119837	
408	FAST	61	64	0.34189073151411264	0.048	0	6.33846151698803	
409	FAST	61	65	0.27660027650124386	0.048	0	24.290074153257745	
410	FAST	61	66	0.2846057362515169	0.048	0	20.480428797742164	
411	FAST	61	67	0.313713359586781	0.048	0	10.111112616554847	
412	FAST	62	64	0.4213812504185731	0.048	0	2.8862442085851274	
413	FAST	62	65	0.3530950978131749	0.048	0	5.662086959670054	
414	FAST	62	66	0.29304974429611425	0.048	0	14.93393612199132	
415	FAST	62	67	0.39218104977363377	0.048	0	3.270247635233236	
416	FAST	64	65	0.3208596406357785	0.048	0	9.507149029014858	
417	FAST	64	66	0.37832092189058875	0.048	0	4.48621693692258	
418	FAST	64	67	0.28711509697401516	0.048	0	18.590089859470737	
419	FAST	65	66	0.30802592284334046	0.048	0	11.050016825179174	
420	FAST	65	67	0.2869529669048198	0.048	0	18.909468304297082	
421	FAST	66	67	0.34723302916346765	0.048	0	6.4760286473103275	
422	FAST	68	69	0.31961417983176404	0.048	0	9.442867013281914	
423	FAST	68	70	0.31025070892562745	0.048	0	10.608784782749705	
424	FAST	68	71	0.35282413558903386	0.048	0	5.303587030107345	
425	FAST	68	73	0.3499823949333256	0.048	0	5.356625397622033	
426	FAST	68	74	0.36326856556838494	0.048	0	4.649337478300262	
427	FAST	68	75	0.32293415966345773	0.048	0	8.18887233713302	
428	FAST	68	76	0.3043083788413486	0.048	0	11.808515946027422	
429	FAST	68	77	0.3277074185209801	0.048	0	7.632157513835054	
430	FAST	68	78	0.3537868345681008	0.048	0	5.344299843941181	
431	FAST	69	70	0.35016734253612003	0.048	0	6.03351744178277	
432	FAST	69	71	0.2889421904033205	0.048	0	17.727263961334504	
433	FAST	69	73	0.409725032299345	0.048	0	2.981884766024404	
434	FAST	69	74	0.43146268347934347	0.048	0	2.52585918322089	
435	FAST	69	75	0.3940090006189977	0.048	1	3.406208092776262	
436	FAST	69	76	0.375242522649161	0.048	0	4.50493357443974	
437	FAST	69	77	0.3880713581061336	0.048	0	4.014268542546282	
438	FAST	69	78	0.4118340394161036	0.048	0	2.6224216693194515	
439	FAST	70	71	0.36321139206122	0.048	0	5.24929881779636	
440	FAST	70	73	0.39483539525942135	0.048	0	4.01179464047398	
441	FAST	70	74	0.39209968574495196	0.048	0	3.117000051819717	
442	FAST	70	75	0.3479917875872324	0.048	0	6.250009459701382	
443	FAST	70	76	0.3135398879049619	0.048	0	9.481388356637677	
444	FAST	70	77	0.29472060910445375	0.048	0	13.334468595292472	
445	FAST	70	78	0.31277550312885255	0.048	0	10.414769426269142	
446	FAST	71	75	0.4279180643201304	0.048	0	2.7127820811365164	
447	FAST	71	76	0.404332513209376	0.048	0	3.1525457808076967	
448	FAST	71	77	0.40759504955365466	0.048	0	3.2217123406766044	
449	FAST	71	78	0.4282032219443983	0.048	0	2.4053559212197406	
450	FAST	72	73	0.14025606737595317	0.0	0	8.634589788926734	
451	FAST	72	74	0.08725546934826098	0.0	0	11.815614189346565	
452	FAST	72	75	0.06345545813248002	0.0	0	22.845926205430896	
453	FAST	72	76	0.04017865109099696	0.0	0	30.959481166743917	
454	FAST	72	77	0.04570755266690181	0.0	0	25.159154730383396	
455	FAST	72	78	0.06345764046771263	0.0	0	21.373413559970327	
456	FAST	73	74	0.05432577344421043	0.0	0	26.264377312096467	
457	FAST	73	75	0.11529474650005098	0.0	0	19.36261379555938	
458	FAST	73	76	0.1530252220284384	0.0	0	10.75033100467711	
459	FAST	73	77	0.19731463802204155	0.0	0	6.743491519324425	
460	FAST	73	78	0.21506473749309424	0.0	0	5.434113421952106	
461	FAST	74	75	0.0623156956289603	0.0	0	23.8424596718405	
462	FAST	74	76	0.10004617115734774	0.0	0	12.702927784615751	
463	FAST	74	77	0.14433558326087026	0.0	0	8.768224405479547	
464	FAST	74	78	0.16208567884184233	0.0	0	7.053512039786953	
465	FAST	75	76	0.042285826075788555	0.0	0	30.26456850311738	
466	FAST	75	77	0.087860882596482	0.0	0	13.039272328775569	
467	FAST	75	78	0.10561097428737345	0.0	0	10.344700222122597	
468	FAST	76	77	0.06410468924890102	0.0	0	23.55759964839221	
469	FAST	76	78	0.08185477704971184	0.0	0	14.85974170760762	
470	FAST	77	78	0.02740920468246461	0.0	0	45.167481292243664	
471	FAST	39	79	0.2221620483343666	0.0	317	3.733199420682843	
472	FAST	38	79	0.2546311003153797	0.0	381	2.320688790720645	
473	FAST	37	79	0.40257283406159794	0.0	363	1.3350788187955172	
474	FAST	17	80	0.2569737762003428	0.0	268	2.29436921323899	
475	FAST	19	80	0.28979278730182173	0.0	298	1.8164655173407127	
476	FAST	21	80	0.32317955257511705	0.0	483	1.500172038516868	
477	FAST	17	81	0.2546399793173993	0.0	279	2.5579858745950323	
478	FAST	19	81	0.3046860662766426	0.0	313	1.346020216579595	
479	FAST	21	81	0.3042703352870376	0.0	456	1.5495553850196762	
480	FAST	17	82	0.3174442767024085	0.0	275	1.7966836975050484	
481	FAST	19	82	0.246183920545451	0.0	349	1.9393835853537638	
482	FAST	21	82	0.339364333990197	0.0	484	1.3846604529876037	
483	FAST	39	83	0.24397407733837284	0.0	320	2.9687052063001294	
484	FAST	38	83	0.35917228317199196	0.0	362	1.891515429187224	
485	FAST	37	83	0.3742173859453309	0.0	329	1.6169457690856535	
