n_interc	
0	
0	
0	
0	
0	
0	
0	
0	
0	
0	
0	
0	
0	
0	
0	
0	
0	
0	
0	
0	
0	
0	
0	
0	
0	
0	
0	
0	
0	
0	
0	
0	
0	
0	
0	
0	
0	
0	
0	
0	
0	
0	
0	
0	
0	
0	
0	
0	
0	
0	
0	
0	
0	
0	
0	
0	
0	
0	
0	
0	
0	
0	
0	
0	
0	
0	
0	
1	
1	
1	
1	
1	
1	
1	
1	
1	
2	
2	
2	
2	
2	
2	
2	
2	
2	
2	
2	
2	
2	
3	
4	
5	
6	
6	
6	
6	
6	
6	
6	
6	
71	
72	
74	
77	
77	
78	
83	
83	
86	
88	
92	
93	
94	
97	
99	
100	
103	
106	
108	
110	
111	
113	
116	
116	
118	
120	
123	
124	
126	
127	
130	
130	
132	
132	
136	
139	
141	
143	
144	
145	
148	
149	
149	
151	
154	
155	
157	
157	
159	
160	
164	
166	
169	
170	
172	
173	
174	
175	
177	
179	
180	
184	
184	
189	
189	
190	
193	
193	
195	
195	
196	
198	
202	
205	
208	
209	
211	
212	
214	
215	
216	
217	
219	
221	
222	
224	
226	
227	
228	
229	
231	
233	
234	
238	
240	
241	
243	
244	
246	
247	
545	
549	
552	
557	
559	
562	
564	
568	
573	
577	
580	
585	
589	
591	
594	
596	
600	
604	
607	
613	
616	
618	
623	
627	
630	
633	
637	
640	
643	
647	
652	
656	
661	
664	
667	
670	
674	
677	
680	
683	
685	
687	
691	
692	
695	
697	
700	
702	
704	
707	
711	
714	
717	
719	
723	
725	
727	
730	
732	
735	
738	
740	
741	
742	
745	
746	
748	
751	
752	
754	
755	
755	
756	
757	
757	
760	
761	
763	
764	
765	
768	
768	
769	
770	
771	
772	
773	
774	
776	
776	
777	
777	
780	
782	
782	
783	
785	
785	
787	
789	
3272	
3279	
3286	
3287	
3296	
3301	
3304	
3307	
3313	
3320	
3324	
3329	
3335	
3336	
3341	
3343	
3346	
3352	
3355	
3360	
3364	
3370	
3375	
3375	
3377	
3381	
3381	
3388	
3389	
3394	
3399	
3400	
3405	
3408	
3414	
3417	
3420	
3422	
3427	
3429	
3433	
3440	
3443	
3444	
3450	
3451	
3456	
3459	
3459	
3463	
3467	
3470	
3473	
3474	
3477	
3479	
3482	
3482	
3486	
3490	
3492	
3496	
3497	
3499	
3503	
3506	
3511	
3511	
3512	
3515	
3517	
3517	
3523	
3523	
3527	
3529	
3530	
3530	
3531	
3532	
3534	
3536	
3538	
3538	
3541	
3542	
3546	
3549	
3554	
3556	
3556	
3556	
3557	
3560	
3560	
3564	
3564	
3564	
3566	
3568	
3043	
3046	
3050	
3051	
3051	
3052	
3054	
3055	
3058	
3060	
3061	
3064	
3064	
3066	
3067	
3068	
3070	
3071	
3072	
3074	
3078	
3079	
3080	
3082	
3083	
3085	
3087	
3089	
3089	
3090	
3091	
3092	
3093	
3093	
3093	
3094	
3094	
3097	
3099	
3101	
3103	
3103	
3106	
3107	
3109	
3111	
3112	
3114	
3116	
3117	
3118	
3118	
3120	
3122	
3123	
3126	
3127	
3130	
3131	
3132	
3133	
3137	
3137	
3138	
3138	
3138	
3140	
3140	
3140	
3143	
3145	
3148	
3148	
3152	
3152	
3153	
3155	
3155	
3157	
3161	
3162	
3164	
3166	
3167	
3168	
3172	
3172	
3173	
3173	
3174	
3176	
3177	
3178	
3179	
3179	
3179	
3181	
3181	
3182	
3182	
