id	type	l1	l2	friction	risk	count	acc	
1	FAST	1	2	0.02151630826214646	0.0	0	52.64401061633213	
2	FAST	1	3	0.027987052819351734	0.0	0	37.26722126031936	
3	FAST	1	4	0.07302656972007415	0.0	3	13.794020337143705	
4	FAST	1	5	0.10800269310982086	0.0	0	9.197292856919702	
5	FAST	1	6	0.2005826597473596	0.0	9	4.333578894476796	
6	FAST	1	7	0.05791240055316788	0.0	1	26.907304959382543	
7	FAST	1	8	0.06855335822514483	0.0	2	15.19041021503852	
8	FAST	1	68	0.36490858423453987	0.048	3	5.099730567092322	
9	FAST	1	69	0.40115801759656244	0.048	7	2.7731806722326096	
10	FAST	1	70	0.423550267947518	0.048	2	2.4471054048984007	
11	FAST	1	71	0.44235053412726005	0.048	2	1.7963495088165229	
12	FAST	1	72	0.28733633203502157	0.0	0	4.302132501187274	
13	FAST	1	73	0.1906077266698771	0.0	0	14.320870141439059	
14	FAST	1	74	0.20210142113627694	0.0	0	8.273665402828565	
15	FAST	1	75	0.2630703980821981	0.0	0	6.420824286674561	
16	FAST	1	76	0.3008008736105855	0.0	0	5.3374360733438895	
17	FAST	1	77	0.3450902934942693	0.0	0	3.5764577251057963	
18	FAST	1	78	0.36284036573475764	0.0	1	2.6174766295158127	
19	FAST	2	3	0.007516752227496343	0.0	3	155.70391447755702	
20	FAST	2	4	0.05255626523813813	0.0	3	20.661562898194568	
21	FAST	2	5	0.08753238084772358	0.0	1	11.51678059567339	
22	FAST	2	6	0.18130277439888826	0.0	4	5.425268280314367	
23	FAST	2	7	0.06458409111532147	0.0	0	17.87550527231973	
24	FAST	2	8	0.04808305763328943	0.0	1	24.354914812432256	
25	FAST	2	23	0.24993272053144797	0.0	149	3.210896133993915	
26	FAST	2	68	0.36470401260312413	0.048	56	3.346345362755202	
27	FAST	2	69	0.391780317504476	0.048	91	3.246884940262763	
28	FAST	2	70	0.4257275325971185	0.048	2	2.2915587734374916	
29	FAST	2	71	0.43263050137245695	0.048	4	1.9832171454595628	
30	FAST	2	72	0.3002858035948819	0.0	0	3.968123646193122	
31	FAST	2	73	0.2035572098999793	0.0	0	10.32067783036523	
32	FAST	2	74	0.21505090436637914	0.0	0	5.891381722167172	
33	FAST	2	75	0.2760198696420584	0.0	2	6.375183771073694	
34	FAST	2	76	0.3137503451704458	0.0	0	4.965472750839295	
35	FAST	2	77	0.3580397650541296	0.0	0	3.6810563628578974	
36	FAST	3	4	0.04596140765847902	0.0	4	25.580739989789524	
37	FAST	3	5	0.08093752715814509	0.0	0	13.25349938410963	
38	FAST	3	6	0.18231210638901338	0.0	2	4.788680888257345	
39	FAST	3	7	0.06852057262560743	0.0	0	16.57368412667541	
40	FAST	3	8	0.04148820394371095	0.0	2	25.534546865209673	
41	FAST	3	23	0.253869190371492	0.0	97	3.1751455979046685	
42	FAST	3	68	0.3624783762095865	0.048	25	4.162621867820275	
43	FAST	3	69	0.3866275625916361	0.048	56	3.140539717719015	
44	FAST	3	70	0.424054534998753	0.048	4	2.121484982752998	
45	FAST	3	71	0.42731742112785376	0.048	15	2.036828252205793	
46	FAST	3	72	0.30422229677540974	0.0	0	3.9096722533819794	
47	FAST	3	73	0.20749369141026527	0.0	0	9.944967764558667	
48	FAST	3	74	0.2189873742064232	0.0	0	5.823785166020014	
49	FAST	3	75	0.27995636282258624	0.0	0	5.566427317730493	
50	FAST	3	76	0.3176868383509737	0.0	0	4.440233359112713	
51	FAST	3	77	0.36197625823465746	0.0	0	2.9137287201366484	
52	FAST	4	5	0.03612179881582182	0.0	4	31.789896916166864	
53	FAST	4	6	0.131309053093839	0.0	4	8.227923472176782	
54	FAST	4	7	0.11268187659387058	0.0	0	11.61187369160502	
55	FAST	4	8	0.007503043583361338	0.0	4	239.00891748084712	
56	FAST	4	9	0.19906910328632327	0.0	5	4.011575985280504	
57	FAST	4	23	0.20219244902298494	0.0	240	3.981408488948448	
58	FAST	4	24	0.1883962275027891	0.0	140	4.121767786289944	
59	FAST	4	68	0.38518730849483807	0.048	115	2.659604104619727	
60	FAST	4	69	0.38862564188147486	0.048	193	2.73068635341838	
61	FAST	4	71	0.42626530464684514	0.048	57	2.1912678411540822	
62	FAST	4	73	0.25165497981820595	0.0	0	5.608227422517981	
63	FAST	4	74	0.26314868595484764	0.0	2	3.761385928393506	
64	FAST	4	75	0.32411765123052694	0.0	1	4.045263042584912	
65	FAST	4	76	0.36184812675891437	0.0	0	2.958796231678585	
66	FAST	5	6	0.09695465406038882	0.0	1	12.062162035670838	
67	FAST	5	7	0.1480079633072034	0.0	1	7.107498659025312	
68	FAST	5	8	0.04282913807685543	0.0	3	26.4096715637901	
69	FAST	5	9	0.1647147042528731	0.0	3	6.233790688369882	
70	FAST	5	10	0.20580158024837855	0.0	6	4.113223915629742	
71	FAST	5	11	0.315176425388388	0.0	0	2.7283698090683886	
72	FAST	5	23	0.1678380499895348	0.0	634	4.591365314216407	
73	FAST	5	24	0.1540418323594195	0.0	523	5.090955075402	
74	FAST	5	25	0.21818540685428356	0.0	223	3.406840984799793	
75	FAST	5	68	0.41072317596004826	0.048	426	2.4222157063168783	
76	FAST	5	69	0.4016265693558544	0.048	874	1.9182058259850394	
77	FAST	5	71	0.4354848530175842	0.048	90	1.9067876650680113	
78	FAST	5	73	0.2869810937621032	0.0	0	3.7124473709053274	
79	FAST	5	74	0.2984747765582611	0.0	0	2.7738801798277772	
80	FAST	5	75	0.3594437418339404	0.0	0	3.119770089076631	
81	FAST	6	7	0.22348282140222536	0.0	1	4.6650809729127	
82	FAST	6	8	0.1367366608602571	0.0	2	6.642111283257809	
83	FAST	6	9	0.07023925303818712	0.0	0	14.526883691828946	
84	FAST	6	10	0.11132612125353132	0.0	1	8.165772397971027	
85	FAST	6	11	0.2207009547232989	0.0	0	6.004894991346105	
86	FAST	6	12	0.25762382228263525	0.0	1	3.8774947591642803	
87	FAST	6	23	0.1142018866986697	0.0	21	9.158133170651514	
88	FAST	6	24	0.1001154807239066	0.0	0	9.351610431716077	
89	FAST	6	25	0.16454923189317652	0.0	0	6.258060270284848	
90	FAST	6	26	0.15947391760864105	0.0	0	5.549656763871697	
91	FAST	7	8	0.10798518774699241	0.0	0	12.917653227609451	
92	FAST	7	23	0.2485729428477388	0.0	116	3.8846407141827743	
93	FAST	7	24	0.2631165461086946	0.0	46	3.027565051417063	
94	FAST	7	68	0.40415430617655823	0.048	55	3.286012943065175	
95	FAST	7	69	0.4403988038214797	0.048	106	1.7981549033322277	
96	FAST	7	72	0.25068690991330783	0.0	0	3.421651745354047	
97	FAST	7	73	0.15395831621840525	0.0	0	11.33042265082594	
98	FAST	7	74	0.16545201068480506	0.0	1	6.2546945991957905	
99	FAST	7	75	0.22642097596048436	0.0	0	5.267922720671474	
100	FAST	7	76	0.26415145148887176	0.0	0	4.289930317113656	
101	FAST	8	9	0.20593583471103105	0.0	5	4.10761493101715	
102	FAST	8	23	0.20905918044769273	0.0	340	4.028988048149754	
103	FAST	8	24	0.19526296281757746	0.0	451	4.11120487586673	
104	FAST	8	68	0.381788758681206	0.048	244	3.3243539744132335	
105	FAST	8	69	0.3874760334580042	0.048	328	3.2368301807148123	
106	FAST	8	71	0.4256121061407696	0.048	215	1.9691715092014206	
107	FAST	8	72	0.34401116178742613	0.0	0	2.7305365467516864	
108	FAST	8	73	0.2472825797627654	0.0	2	5.507284406406929	
109	FAST	8	74	0.25877625866884274	0.0	4	4.3317367059152385	
110	FAST	8	75	0.3197452278346027	0.0	1	4.400722664098952	
111	FAST	8	76	0.3574757033629901	0.0	1	3.3574077669751543	
112	FAST	9	10	0.042910483552879006	0.0	0	29.15488718780513	
113	FAST	9	11	0.15228532869288847	0.0	0	9.408649328915203	
114	FAST	9	12	0.18920818458198294	0.0	0	6.959100805559556	
115	FAST	9	13	0.22995744825989792	0.0	0	4.284706210973159	
116	FAST	9	14	0.25331769753086336	0.0	0	3.49251522781017	
117	FAST	9	15	0.24757465090643752	0.0	0	3.603823540251593	
118	FAST	9	23	0.17921559053844677	0.0	14	6.59257721987901	
119	FAST	9	24	0.16512918067360308	0.0	1	7.2515166778554825	
120	FAST	9	25	0.17977600333395677	0.0	0	8.304125181444348	
121	FAST	9	26	0.09105827990798876	0.0	1	13.797942221894651	
122	FAST	9	27	0.17848346569391205	0.0	0	6.070250063613959	
123	FAST	9	29	0.1855811706559399	0.0	0	5.647576224333727	
124	FAST	10	11	0.10937484514000945	0.0	0	11.338457959410222	
125	FAST	10	12	0.1462977010291039	0.0	0	7.129145486832161	
126	FAST	10	13	0.18704696470701887	0.0	0	5.092567512463955	
127	FAST	10	14	0.21040721786806496	0.0	0	4.725389820355861	
128	FAST	10	15	0.2046641673535585	0.0	0	4.358880730764731	
129	FAST	10	16	0.20323672949747695	0.0	0	3.663442792116856	
130	FAST	10	23	0.213153638132304	0.0	7	5.24358068538854	
131	FAST	10	24	0.199016878953885	0.0	0	6.357958242366389	
132	FAST	10	25	0.13705416535107862	0.0	0	8.994069889082184	
133	FAST	10	26	0.04814779635510974	0.0	0	23.136509269311237	
134	FAST	10	27	0.1355729938112749	0.0	0	10.085950934635877	
135	FAST	10	29	0.14267068710306088	0.0	0	8.278716815013675	
136	FAST	11	12	0.0364924262477068	0.0	0	31.490699776616434	
137	FAST	11	13	0.07678160230952209	0.0	0	13.40621958122079	
138	FAST	11	14	0.1121667443368769	0.0	3	9.618438445481397	
139	FAST	11	15	0.13120902745063714	0.0	0	7.8876716518243635	
140	FAST	11	16	0.21670056307836655	0.0	0	5.2785419543208185	
141	FAST	11	24	0.31300570982660975	0.0	3	3.1681991791553563	
142	FAST	11	25	0.2510430001138839	0.0	0	3.533836745565531	
143	FAST	11	26	0.0629029032998397	0.0	0	15.74462796964677	
144	FAST	11	27	0.15032809297584365	0.0	0	5.759295088542862	
145	FAST	11	29	0.1574258018279521	0.0	0	5.659546203584596	
146	FAST	11	31	0.2612748846871239	0.0	0	3.6517640554717743	
147	FAST	12	13	0.041186765485885346	0.0	0	24.16640093644893	
148	FAST	12	14	0.0765719114033208	0.0	0	16.159972504918706	
149	FAST	12	15	0.09561419451708102	0.0	0	10.622813025924163	
150	FAST	12	16	0.14372326122945295	0.0	0	7.293590657565953	
151	FAST	12	26	0.09403059326424705	0.0	0	11.787159594671115	
152	FAST	12	27	0.1814557907204122	0.0	1	5.383812095765651	
153	FAST	12	29	0.18855348401219818	0.0	0	5.105633128031086	
154	FAST	12	31	0.19481717124778766	0.0	0	5.024490738024866	
155	FAST	13	14	0.035643937421330284	0.0	0	35.02025496860027	
156	FAST	13	15	0.05468622442517113	0.0	0	20.709278891236696	
157	FAST	13	16	0.10279528335738179	0.0	0	10.899737005411064	
158	FAST	13	26	0.13496519205354798	0.0	0	8.032522751723468	
159	FAST	13	27	0.22239038950971318	0.0	0	4.009832469291402	
160	FAST	13	29	0.22948808669157972	0.0	0	4.272125376846494	
161	FAST	13	31	0.15388919337571655	0.0	0	6.490173750936807	
162	FAST	14	15	0.019130319528464904	0.0	0	59.0315791470812	
163	FAST	14	16	0.06723938624083681	0.0	0	16.58865642461497	
164	FAST	14	26	0.1630868027618412	0.0	0	6.616292664238312	
165	FAST	14	27	0.2503014029230186	0.0	0	3.8171271919455605	
166	FAST	14	29	0.25739912344536897	0.0	0	3.865798942792519	
167	FAST	14	31	0.1183333001492522	0.0	0	9.414772784771431	
168	FAST	14	32	0.21194727355834295	0.0	3	3.8659642645353247	
169	FAST	15	16	0.048585982817270716	0.0	0	24.36447652660804	
170	FAST	15	26	0.15747477794306555	0.0	0	5.887601025324701	
171	FAST	15	27	0.244689378104243	0.0	1	4.383963128033906	
172	FAST	15	29	0.25178707528610955	0.0	0	4.512499090185025	
173	FAST	15	31	0.09967989283560547	0.0	0	10.430676819666298	
174	FAST	15	32	0.1932938779149381	0.0	1	4.393733468601011	
175	FAST	16	26	0.15613073174541822	0.0	0	5.006965441614742	
176	FAST	16	27	0.24334533190659563	0.0	0	4.695376795673026	
177	FAST	16	29	0.250443052428946	0.0	0	4.162930528592197	
178	FAST	16	31	0.05291526521902438	0.0	0	21.930177808652285	
179	FAST	16	32	0.14652924640827636	0.0	0	6.111087388066309	
180	FAST	17	18	0.144492633596006	0.0	17	6.008745131277791	
181	FAST	17	19	0.20948451408345695	0.0	413	3.2443456986417782	
182	FAST	17	20	0.22112509410431017	0.0	204	3.3898959796840584	
183	FAST	17	21	0.2301959607734761	0.0	0	3.3579118446230223	
184	FAST	18	19	0.06547912086633792	0.0	41	15.4630710398264	
185	FAST	18	20	0.07711971255743301	0.0	0	13.316711684654951	
186	FAST	18	21	0.08619056366627643	0.0	0	12.736789127454706	
187	FAST	18	22	0.11826343430116347	0.0	18	8.911834231390335	
188	FAST	18	23	0.2031332533527576	0.0	61	4.612329802178976	
189	FAST	18	24	0.21725088889480668	0.0	13	4.627227860937454	
190	FAST	19	20	0.0557718564567446	0.0	60	15.158314097196634	
191	FAST	19	21	0.020826386902350846	0.0	52	44.90450187267548	
192	FAST	19	22	0.052899253647157266	0.0	113	17.869689548896755	
193	FAST	19	23	0.18178540114214978	0.0	582	4.046198027669809	
194	FAST	19	24	0.19590302501395698	0.0	660	3.176895739821045	
195	FAST	19	25	0.25918542512951476	0.0	174	2.4352815068563	
196	FAST	20	21	0.051960300995763854	0.0	0	17.169140314705484	
197	FAST	20	22	0.057609725049702395	0.0	26	19.286551163232485	
198	FAST	20	23	0.12831906321120456	0.0	226	7.930763741198174	
199	FAST	20	24	0.14243669875325368	0.0	56	6.746542333513553	
200	FAST	20	25	0.20571908719856957	0.0	0	6.136271381135992	
201	FAST	21	22	0.03241731782414188	0.0	24	31.00033739109901	
202	FAST	21	23	0.177942145414127	0.0	623	4.125175195389027	
203	FAST	21	24	0.1920597848462567	0.0	319	3.2616119066802187	
204	FAST	21	25	0.25534216940149196	0.0	4	2.5957253304002745	
205	FAST	22	23	0.18354915202889183	0.0	153	5.679040578869906	
206	FAST	22	24	0.19766678757094094	0.0	108	5.422820941885166	
207	FAST	22	25	0.2609491876864987	0.0	48	4.572911054386398	
208	FAST	23	24	0.014785710209034767	0.0	9	78.95047529515229	
209	FAST	23	25	0.07806810643451191	0.0	4	11.909091763358367	
210	FAST	23	26	0.26582657077857297	0.0	1	3.512895587051342	
211	FAST	24	25	0.06401010971857911	0.0	1	14.57805386361667	
212	FAST	24	26	0.25176857017255955	0.0	0	3.9491122114784853	
213	FAST	24	27	0.3391937559584829	0.0	1	2.767039568224007	
214	FAST	25	26	0.1896613206239994	0.0	0	5.521719379898558	
215	FAST	25	27	0.2770865064099227	0.0	0	4.93054440318804	
216	FAST	25	29	0.28418422304219243	0.0	0	4.898002562824927	
217	FAST	25	30	0.4521379951502652	0.0	0	3.3348969034847937	
218	FAST	26	27	0.08793642018212716	0.0	0	10.73261933986773	
219	FAST	26	29	0.09503412125407436	0.0	0	10.964209434714256	
220	FAST	26	31	0.2001531209344359	0.0	0	3.867114621157748	
221	FAST	27	29	0.009295402123045745	0.0	0	133.3081589369732	
222	FAST	27	30	0.1772491897914411	0.0	0	5.2532987946785585	
223	FAST	27	31	0.28774323446876776	0.0	1	3.170055287363602	
224	FAST	28	30	0.15944353607893208	0.0	0	7.607695322441476	
225	FAST	29	30	0.16795380711879848	0.0	0	5.057764339048443	
226	FAST	29	31	0.2954023675373496	0.0	0	3.4174155920396276	
227	FAST	31	32	0.09361397729917137	0.0	1	10.490125010678502	
228	FAST	31	33	0.20448155529861253	0.0	0	4.167295238376375	
229	FAST	32	33	0.11533800808672107	0.0	0	8.851700642867176	
230	FAST	32	34	0.21282922874836685	0.0	2	4.255136430875531	
231	FAST	32	35	0.1856925008734483	0.0	7	5.186018519054552	
232	FAST	33	34	0.09994297898851423	0.0	0	10.885614998017827	
233	FAST	33	35	0.08939985684434527	0.0	3	13.22890998446681	
234	FAST	33	36	0.23577195177538954	0.0	0	3.924334817839239	
235	FAST	33	43	0.21187265792180676	0.0	0	4.351657840215748	
236	FAST	33	44	0.23313834384937832	0.0	3	3.737757496878413	
237	FAST	34	35	0.07425086367565223	0.0	44	15.203539520059975	
238	FAST	34	36	0.22119958914834686	0.0	1110	2.959339562774038	
239	FAST	34	40	0.21309968660406667	0.0	53	3.955044471738461	
240	FAST	34	41	0.19701331626663482	0.0	108	4.3877555797297445	
241	FAST	34	42	0.19652467156864095	0.0	119	7.219188902459339	
242	FAST	34	43	0.11495453171851999	0.0	2	9.592082437496959	
243	FAST	34	44	0.1362202176460916	0.0	4	8.405085032670858	
244	FAST	34	45	0.17083477360173724	0.0	0	6.284413850388299	
245	FAST	34	46	0.1415772009986984	0.0	0	7.382813643993688	
246	FAST	34	47	0.2729031837234328	0.0	0	3.744993755766901	
247	FAST	34	48	0.30365908701192784	0.0	1	2.9836038352382754	
248	FAST	34	49	0.2550983585980977	0.0	1	3.9562667156272187	
249	FAST	34	63	0.41350450727089905	0.048	1440	1.7865648028066807	
250	FAST	35	36	0.15314777123847956	0.0	1	6.1642706939809715	
251	FAST	35	37	0.18349454307702828	0.0	221	4.300874384778696	
252	FAST	35	40	0.18010409662424917	0.0	4	5.537250313652009	
253	FAST	35	41	0.1906017709564348	0.0	8	5.3542217279756406	
254	FAST	35	42	0.2441990567814982	0.0	2	5.150391424799577	
255	FAST	35	43	0.16262891693137727	0.0	30	4.8468900386320275	
256	FAST	35	44	0.18389460285894885	0.0	74	4.647922476293626	
257	FAST	35	45	0.21850915881459448	0.0	46	3.7993217874867917	
258	FAST	35	46	0.18925158232147501	0.0	12	4.411824746449514	
259	FAST	36	37	0.03814278128412667	0.0	97	26.937008174991018	
260	FAST	36	38	0.11676273844668511	0.0	559	7.97224759246101	
261	FAST	36	39	0.19725989680743664	0.0	453	4.323031680315514	
262	FAST	36	40	0.1635373363399172	0.0	3	8.142969363830009	
263	FAST	36	41	0.3269651669101407	0.0	2	5.024584556494136	
264	FAST	36	42	0.39092006082427827	0.0	1	2.7278535171297507	
265	FAST	37	38	0.08093381602122546	0.0	65	15.65445117229281	
266	FAST	37	39	0.15061684588073954	0.0	23	6.072424102945808	
267	FAST	37	40	0.14019839693063493	0.0	77	8.589111052233278	
268	FAST	37	41	0.3579232571393046	0.0	121	5.3990293726443195	
269	FAST	37	42	0.4218781277129583	0.0	152	2.1945892964160802	
270	FAST	38	39	0.08372419808664779	0.0	0	11.204350756904505	
271	FAST	38	40	0.11208962348841593	0.0	5	9.704694671992966	
272	FAST	38	41	0.40779445257479646	0.0	257	4.976552823543532	
273	FAST	38	42	0.46110764581155694	0.0	33	1.5460402758593559	
274	FAST	39	40	0.19341849275779302	0.0	18	4.944977775473595	
275	FAST	39	41	0.48912332573425416	0.0	77	2.093689465931159	
276	FAST	40	41	0.2986730228472532	0.0	0	21.256065409704526	
277	FAST	40	42	0.3519861888534493	0.0	5	5.752272901653891	
278	FAST	40	43	0.30170619262486453	0.0	24	2.919143898342385	
279	FAST	41	42	0.25357444285234754	0.0	2	9.928111748330746	
280	FAST	41	43	0.20648708636666077	0.0	32	4.446728846050631	
281	FAST	41	44	0.22937622353302517	0.0	286	3.5444034636157062	
282	FAST	41	46	0.2310540153081182	0.0	11	3.890174951132499	
283	FAST	42	43	0.11780820928584947	0.0	2	9.851651950109312	
284	FAST	42	44	0.13084020112608316	0.0	63	8.000818350025678	
285	FAST	42	45	0.16679591294946913	0.0	0	5.90141037389651	
286	FAST	42	46	0.1325179929011762	0.0	0	8.44308444860956	
287	FAST	42	47	0.24937123796376515	0.0	4	3.4892236621993313	
288	FAST	42	49	0.20710935144416465	0.0	0	4.1366700476303295	
289	FAST	43	44	0.023101644490940768	0.0	15	48.639154390419264	
290	FAST	43	45	0.05771618877634452	0.0	4	18.605161709554668	
291	FAST	43	46	0.0288340089539606	0.0	11	40.12221245214278	
292	FAST	43	47	0.159784610568282	0.0	3	8.508351071922968	
293	FAST	43	48	0.19054051385677703	0.0	7	6.500506736739846	
294	FAST	43	49	0.14197978544294687	0.0	2	8.479168405620145	
295	FAST	43	63	0.3923885515678148	0.048	81	2.8005827089960826	
296	FAST	44	45	0.03650977211722949	0.0	14	32.31282796482339	
297	FAST	44	46	0.02575993886862073	0.0	9	48.184928400529515	
298	FAST	44	47	0.14086488833480484	0.0	3	11.369942483612043	
299	FAST	44	48	0.171620779953058	0.0	1	7.191852017519436	
300	FAST	44	49	0.12306006320946969	0.0	2	10.050407423922504	
301	FAST	44	50	0.2795338767258421	0.0	4	3.2112258271736818	
302	FAST	44	54	0.4062621031342436	0.0	6	2.5085274475238215	
303	FAST	44	63	0.3774616757931424	0.048	401	3.4521651361846826	
304	FAST	45	46	0.05900224943214269	0.0	1	20.923573389975086	
305	FAST	45	47	0.11029916330807826	0.0	0	18.74697502457439	
306	FAST	45	48	0.1410550549263314	0.0	3	10.974448217046016	
307	FAST	45	49	0.07388850655518356	0.0	0	16.711204821782008	
308	FAST	45	50	0.2303623317417979	0.0	0	4.356598793564656	
309	FAST	45	52	0.29512067512879453	0.0	0	3.1233532912842032	
310	FAST	45	53	0.3237251926661545	0.0	0	3.41862783797819	
311	FAST	45	54	0.3570905581501994	0.0	1	3.7899720359594333	
312	FAST	45	56	0.4526480314016355	0.0	1	2.217759803059425	
313	FAST	45	63	0.3512879165346726	0.048	52	4.830441068920903	
314	FAST	46	47	0.15177768484110474	0.0	2	9.688584963749717	
315	FAST	46	48	0.1825335725692773	0.0	1	6.125308222497202	
316	FAST	46	49	0.1095157983215043	0.0	1	11.54967554622484	
317	FAST	47	48	0.033308403033401005	0.0	1	35.41166128599481	
318	FAST	47	49	0.04335293354340888	0.0	0	29.112322885937786	
319	FAST	47	50	0.13698732987579948	0.0	0	8.131841138497782	
320	FAST	47	51	0.1911754722673719	0.0	0	4.653109614555802	
321	FAST	47	52	0.21128708019471065	0.0	0	6.159099093812126	
322	FAST	47	53	0.2398915977320707	0.0	0	5.712270523131627	
323	FAST	47	54	0.2732569865565993	0.0	0	6.215355540956249	
324	FAST	47	56	0.3688144364675517	0.0	0	2.8897576910658347	
325	FAST	47	63	0.32931771848225994	0.048	9	7.035959756986992	
326	FAST	48	49	0.07429681330803665	0.0	1	25.379637257375503	
327	FAST	48	50	0.10466340899746844	0.0	0	12.074578035387125	
328	FAST	48	51	0.15885155138904086	0.0	0	6.498859600158435	
329	FAST	48	52	0.17896317098662154	0.0	2	7.152548946313361	
330	FAST	48	53	0.2075677001942234	0.0	0	7.606860018845571	
331	FAST	48	54	0.2409330695683489	0.0	0	6.359348393614458	
332	FAST	48	55	0.31065396158262065	0.0	0	3.291645679143034	
333	FAST	48	56	0.33649051558922066	0.0	6	3.4904514896736583	
334	FAST	48	63	0.33176830010421277	0.048	7	6.212375160166337	
335	FAST	49	50	0.1566683642287674	0.0	1	6.440205363783102	
336	FAST	49	51	0.1845573986865216	0.0	0	4.775333767730265	
337	FAST	49	52	0.22142669594552217	0.0	1	4.771697341670201	
338	FAST	49	53	0.25003121348288215	0.0	1	4.548010765073658	
339	FAST	49	54	0.28339660619749146	0.0	0	5.072917156654951	
340	FAST	50	51	0.08115968188268026	0.0	0	16.58570087016757	
341	FAST	50	52	0.07399500529255132	0.0	0	20.892982494988946	
342	FAST	50	53	0.10259952671999197	0.0	1	14.887530793072402	
343	FAST	50	54	0.13596489609411744	0.0	0	10.148885796836366	
344	FAST	50	55	0.20568579977863108	0.0	1	4.789083092771028	
345	FAST	50	56	0.2315223537852311	0.0	2	4.633343880675406	
346	FAST	50	57	0.28310399822269255	0.0	1	2.902229890641458	
347	FAST	51	52	0.0866936794642085	0.0	0	12.752412590301605	
348	FAST	51	53	0.1152981970015685	0.0	0	8.525500010131575	
349	FAST	51	54	0.14866356637569397	0.0	0	5.7415851554204105	
350	FAST	51	55	0.21838445838996573	0.0	0	3.370270145503694	
351	FAST	51	56	0.2442210123965657	0.0	0	3.52088565461319	
352	FAST	52	53	0.027119747672974932	0.0	0	36.33872227620281	
353	FAST	52	54	0.06466182659652175	0.0	0	16.699360423390324	
354	FAST	52	55	0.13438272639095475	0.0	0	7.367435738773158	
355	FAST	52	56	0.16021928039755476	0.0	3	5.7885616019242025	
356	FAST	52	57	0.2118009365052582	0.0	0	4.198111453045446	
357	FAST	53	54	0.03255763303241363	0.0	0	32.204689626796146	
358	FAST	53	55	0.1392847375834884	0.0	0	9.415412550386035	
359	FAST	53	56	0.12811509072352725	0.0	0	8.31640415809479	
360	FAST	53	57	0.1796967429411501	0.0	1	4.883483366799983	
361	FAST	53	58	0.2558494359154547	0.0	0	3.233579416118568	
362	FAST	53	63	0.337184139804537	0.048	1	6.490426604824382	
363	FAST	54	55	0.09882882488577224	0.0	0	10.612387100129775	
364	FAST	54	56	0.09594506921502285	0.0	0	12.554187415476799	
365	FAST	54	57	0.14752673699296817	0.0	3	7.198116819546606	
366	FAST	54	58	0.2236794182970309	0.0	0	3.552472485636303	
367	FAST	54	59	0.23363279643775064	0.0	0	3.3557379455560117	
368	FAST	54	63	0.31193667033525635	0.048	4	9.12157419912343	
369	FAST	55	56	0.10245118238530287	0.0	0	14.554925282057178	
370	FAST	55	57	0.11688081406400345	0.0	0	10.38977937881752	
371	FAST	55	58	0.19303349536806622	0.0	0	5.707682939136956	
372	FAST	55	59	0.15404239253103003	0.0	0	7.038156692175603	
373	FAST	55	60	0.199998124561872	0.0	0	3.8812608193622493	
374	FAST	55	61	0.21647929140213404	0.0	1	3.19977998618485	
375	FAST	56	57	0.051750960196819136	0.0	0	18.688540441011323	
376	FAST	56	58	0.12790363761080126	0.0	0	7.5828681883089475	
377	FAST	56	59	0.1378570196416016	0.0	0	6.679028704075102	
378	FAST	56	60	0.1863277627103322	0.0	0	4.698422666227743	
379	FAST	56	61	0.2295672264918869	0.0	0	3.7615367550417065	
380	FAST	56	63	0.3399620284812417	0.048	1	6.159132506231375	
381	FAST	56	64	0.38634472259083835	0.048	5	3.414750953155545	
382	FAST	56	65	0.43919115018064	0.048	4	1.5496267763059637	
383	FAST	56	67	0.42103726473208475	0.048	2	1.9850738254081928	
384	FAST	57	58	0.07675344979601327	0.0	0	15.699160715496964	
385	FAST	57	59	0.08670683571689426	0.0	0	12.88627949259644	
386	FAST	57	60	0.13517757878562484	0.0	0	7.480882714728392	
387	FAST	57	61	0.17841704256717958	0.0	0	5.242393821667414	
388	FAST	57	63	0.384340773682992	0.048	2	3.5050648037632315	
389	FAST	57	64	0.3412958770645092	0.048	2	5.75219299443935	
390	FAST	57	65	0.38984504348251814	0.048	1	3.602627024236428	
391	FAST	57	66	0.42780336506585737	0.048	0	2.20122211371553	
392	FAST	57	67	0.37333280038000694	0.048	0	3.4295843193996896	
393	FAST	58	59	0.07200593315564248	0.0	0	18.59779648472178	
394	FAST	58	60	0.08743951295287825	0.0	0	12.897076723375664	
395	FAST	58	61	0.1310579211587018	0.0	0	8.11836013166324	
396	FAST	58	62	0.255370979338627	0.0	0	3.620361043680631	
397	FAST	58	63	0.42867785119451274	0.048	0	1.8160445474448665	
398	FAST	58	64	0.2815888030664809	0.048	0	20.126980238740746	
399	FAST	58	65	0.3403573143357273	0.048	0	5.81493666305294	
400	FAST	58	66	0.39043847436779794	0.048	0	3.319526440122819	
401	FAST	58	67	0.31576294598180515	0.048	0	7.843346458777487	
402	FAST	59	60	0.049577043098683535	0.0	0	22.87204220521108	
403	FAST	59	61	0.09281650299015765	0.0	0	12.164382066006269	
404	FAST	59	62	0.19190307683821625	0.0	0	5.287959978173056	
405	FAST	60	61	0.04366750880351709	0.0	0	29.548214814153155	
406	FAST	60	62	0.16798056309336168	0.0	0	6.842026323949378	
407	FAST	61	62	0.1284738884202208	0.0	0	10.596130422146624	
408	FAST	61	64	0.34189073151411264	0.048	0	6.217541263783678	
409	FAST	61	65	0.27660027650124386	0.048	1	21.69351842009851	
410	FAST	61	66	0.2846057362515169	0.048	0	17.83198303082909	
411	FAST	61	67	0.313713359586781	0.048	0	8.155489685496073	
412	FAST	62	64	0.4213812504185731	0.048	0	2.21762661852373	
413	FAST	62	65	0.3530950978131749	0.048	0	5.026168637790879	
414	FAST	62	66	0.29304974429611425	0.048	0	14.125595503137887	
415	FAST	62	67	0.39218104977363377	0.048	0	3.3143771587178725	
416	FAST	64	65	0.3208596406357785	0.048	0	7.76451986097793	
417	FAST	64	66	0.37832092189058875	0.048	0	4.105379860282459	
418	FAST	64	67	0.28711509697401516	0.048	0	16.26130933134978	
419	FAST	65	66	0.30802592284334046	0.048	0	10.293316456416704	
420	FAST	65	67	0.2869529669048198	0.048	0	16.462306093384555	
421	FAST	66	67	0.34723302916346765	0.048	0	5.845258010405806	
422	FAST	68	69	0.31961417983176404	0.048	0	9.097427609490774	
423	FAST	68	70	0.31025070892562745	0.048	0	8.762284114760714	
424	FAST	68	71	0.35282413558903386	0.048	0	4.970109191223073	
425	FAST	68	73	0.3499823949333256	0.048	0	5.011997833829275	
426	FAST	68	74	0.36326856556838494	0.048	1	3.9762426313658006	
427	FAST	68	75	0.32293415966345773	0.048	0	7.257779785996581	
428	FAST	68	76	0.3043083788413486	0.048	2	10.84724839553493	
429	FAST	68	77	0.3277074185209801	0.048	0	7.302081104032934	
430	FAST	68	78	0.3537868345681008	0.048	0	5.30456788325638	
431	FAST	69	70	0.35016734253612003	0.048	0	5.354814952305621	
432	FAST	69	71	0.2889421904033205	0.048	0	16.15788733587755	
433	FAST	69	73	0.409725032299345	0.048	0	2.72219899559403	
434	FAST	69	74	0.43146268347934347	0.048	1	2.166888974411934	
435	FAST	69	75	0.3940090006189977	0.048	2	2.987297496111928	
436	FAST	69	76	0.375242522649161	0.048	0	4.047807537015212	
437	FAST	69	77	0.3880713581061336	0.048	0	3.038496505182045	
438	FAST	69	78	0.4118340394161036	0.048	0	2.179002788021034	
439	FAST	70	71	0.36321139206122	0.048	0	4.213185651751181	
440	FAST	70	73	0.39483539525942135	0.048	0	3.471293975899277	
441	FAST	70	74	0.39209968574495196	0.048	3	2.9861578382924296	
442	FAST	70	75	0.3479917875872324	0.048	1	5.36446601803379	
443	FAST	70	76	0.3135398879049619	0.048	0	8.694643819563161	
444	FAST	70	77	0.29472060910445375	0.048	1	12.529025658525029	
445	FAST	70	78	0.31277550312885255	0.048	0	9.754696303913805	
446	FAST	71	75	0.4279180643201304	0.048	1	2.2097728777897765	
447	FAST	71	76	0.404332513209376	0.048	1	2.629649276100996	
448	FAST	71	77	0.40759504955365466	0.048	0	2.8851072203412604	
449	FAST	71	78	0.4282032219443983	0.048	0	2.2720846859374926	
450	FAST	72	73	0.14025606737595317	0.0	0	9.29630524607959	
451	FAST	72	74	0.08725546934826098	0.0	0	11.800287804557433	
452	FAST	72	75	0.06345545813248002	0.0	0	19.11412487632905	
453	FAST	72	76	0.04017865109099696	0.0	0	29.501146057861988	
454	FAST	72	77	0.04570755266690181	0.0	0	23.35613887952546	
455	FAST	72	78	0.06345764046771263	0.0	0	19.941347542932352	
456	FAST	73	74	0.05432577344421043	0.0	1	25.679757947178615	
457	FAST	73	75	0.11529474650005098	0.0	0	16.43991966504205	
458	FAST	73	76	0.1530252220284384	0.0	1	9.828960398861335	
459	FAST	73	77	0.19731463802204155	0.0	0	5.631573597531798	
460	FAST	73	78	0.21506473749309424	0.0	0	4.597394968985403	
461	FAST	74	75	0.0623156956289603	0.0	0	21.67028006195085	
462	FAST	74	76	0.10004617115734774	0.0	0	10.162082883980142	
463	FAST	74	77	0.14433558326087026	0.0	1	6.691146719036544	
464	FAST	74	78	0.16208567884184233	0.0	0	5.976870807568059	
465	FAST	75	76	0.042285826075788555	0.0	0	28.26503280587864	
466	FAST	75	77	0.087860882596482	0.0	0	12.337565107598012	
467	FAST	75	78	0.10561097428737345	0.0	0	9.166417773384907	
468	FAST	76	77	0.06410468924890102	0.0	0	23.078927016466974	
469	FAST	76	78	0.08185477704971184	0.0	1	14.324421060315803	
470	FAST	77	78	0.02740920468246461	0.0	0	42.08278175160076	
471	FAST	21	79	0.31123510765183	0.0	292	1.1478922107299574	
472	FAST	19	79	0.2516082051627421	0.0	443	1.6211972384706514	
473	FAST	22	79	0.26244097495508584	0.0	357	1.5945024466821287	
474	FAST	17	80	0.22802323606993977	0.0	315	1.7463291962501073	
475	FAST	19	80	0.29624211632494724	0.0	430	1.1429405181030832	
476	FAST	21	80	0.25329396452931513	0.0	298	1.3785462586053123	
477	FAST	39	81	0.23778343663447052	0.0	264	3.3239865141122262	
478	FAST	38	81	0.292093537961809	0.0	414	1.934020421431507	
479	FAST	37	81	0.2706063906517601	0.0	386	1.585129835503065	
480	FAST	17	82	0.31218198783866136	0.0	290	1.764098057671007	
481	FAST	19	82	0.30264963712685283	0.0	422	1.1485042564164776	
482	FAST	21	82	0.25455404843644863	0.0	297	1.3679188612450557	
483	FAST	39	83	0.1837456982452193	0.0	268	3.214250138523391	
484	FAST	38	83	0.2487982021924713	0.0	380	1.8690818504090265	
485	FAST	37	83	0.34220299269551957	0.0	381	1.3785048121442842	
