n_interc	
0	
0	
0	
0	
0	
0	
0	
0	
0	
0	
0	
0	
0	
0	
0	
0	
0	
0	
0	
0	
0	
0	
0	
0	
0	
0	
0	
0	
0	
0	
0	
0	
0	
0	
0	
0	
0	
0	
0	
0	
0	
0	
0	
0	
0	
0	
0	
0	
0	
0	
0	
0	
0	
0	
0	
0	
0	
0	
0	
0	
0	
0	
0	
0	
0	
0	
0	
0	
0	
0	
0	
1	
1	
1	
1	
1	
1	
2	
2	
2	
2	
2	
2	
2	
2	
2	
2	
2	
2	
3	
3	
3	
4	
4	
4	
4	
5	
5	
5	
6	
53	
55	
57	
59	
60	
61	
63	
64	
66	
68	
69	
70	
72	
73	
76	
77	
78	
81	
81	
84	
86	
90	
91	
92	
94	
96	
97	
98	
100	
101	
103	
105	
108	
109	
110	
110	
114	
117	
117	
119	
121	
122	
123	
125	
126	
128	
129	
131	
132	
135	
136	
139	
141	
143	
144	
146	
148	
151	
153	
154	
155	
158	
160	
163	
165	
167	
168	
171	
172	
174	
177	
178	
179	
180	
183	
184	
187	
188	
190	
191	
193	
196	
198	
201	
202	
204	
206	
207	
210	
211	
212	
216	
217	
218	
221	
222	
225	
226	
227	
231	
502	
507	
513	
517	
520	
525	
528	
533	
538	
541	
545	
549	
552	
555	
559	
563	
568	
572	
577	
581	
585	
589	
592	
596	
601	
606	
609	
613	
615	
619	
624	
630	
632	
637	
641	
643	
646	
650	
654	
656	
660	
663	
666	
669	
672	
675	
678	
685	
687	
691	
693	
697	
701	
702	
706	
710	
712	
714	
718	
720	
723	
726	
730	
733	
736	
738	
739	
742	
746	
749	
750	
752	
755	
756	
758	
760	
762	
764	
767	
770	
770	
771	
771	
772	
775	
776	
778	
779	
780	
781	
783	
784	
785	
786	
787	
790	
792	
794	
794	
795	
3293	
3295	
3299	
3305	
3308	
3314	
3316	
3318	
3321	
3323	
3325	
3330	
3334	
3336	
3340	
3347	
3350	
3355	
3358	
3361	
3367	
3371	
3376	
3378	
3381	
3384	
3387	
3390	
3394	
3401	
3403	
3408	
3410	
3416	
3420	
3426	
3427	
3430	
3433	
3436	
3442	
3444	
3447	
3454	
3457	
3462	
3462	
3468	
3472	
3474	
3478	
3481	
3485	
3489	
3493	
3494	
3500	
3501	
3505	
3511	
3515	
3519	
3525	
3528	
3531	
3531	
3535	
3537	
3539	
3543	
3547	
3548	
3548	
3552	
3554	
3557	
3559	
3564	
3564	
3567	
3570	
3574	
3578	
3579	
3582	
3585	
3590	
3593	
3597	
3597	
3598	
3601	
3607	
3611	
3614	
3616	
3618	
3618	
3618	
3619	
3082	
3083	
3085	
3087	
3089	
3090	
3091	
3092	
3093	
3096	
3098	
3099	
3100	
3102	
3104	
3106	
3106	
3109	
3111	
3111	
3115	
3117	
3118	
3120	
3122	
3124	
3127	
3128	
3130	
3131	
3132	
3134	
3136	
3140	
3143	
3143	
3145	
3145	
3148	
3149	
3151	
3152	
3152	
3153	
3155	
3157	
3159	
3162	
3162	
3162	
3164	
3165	
3166	
3167	
3168	
3171	
3173	
3176	
3178	
3179	
3181	
3184	
3185	
3185	
3186	
3186	
3187	
3188	
3189	
3190	
3192	
3193	
3195	
3197	
3200	
3200	
3202	
3204	
3206	
3206	
3209	
3211	
3211	
3213	
3213	
3215	
3216	
3216	
3217	
3218	
3218	
3218	
3219	
3221	
3222	
3223	
3225	
3226	
3227	
3229	
