id	type	l1	l2	friction	risk	count	acc	
1	FAST	1	2	0.02151630826214646	0.0	0	81.20022654700354	
2	FAST	1	3	0.027987052819351734	0.0	0	62.283446923225185	
3	FAST	1	4	0.07302656972007415	0.0	0	22.021010362627408	
4	FAST	1	5	0.10800269310982086	0.0	0	14.671508267624615	
5	FAST	1	6	0.2005826597473596	0.0	0	7.15576388114648	
6	FAST	1	7	0.05791240055316788	0.0	0	39.2348525388517	
7	FAST	1	8	0.06855335822514483	0.0	0	24.628405046398914	
8	FAST	1	68	0.36490858423453987	0.048	0	9.21118254615028	
9	FAST	1	69	0.40115801759656244	0.048	0	6.819372885046074	
10	FAST	1	70	0.423550267947518	0.048	0	5.769434825488067	
11	FAST	1	71	0.44235053412726005	0.048	0	5.19026562382103	
12	FAST	1	72	0.28733633203502157	0.0	0	7.62827926739416	
13	FAST	1	73	0.1906077266698771	0.0	0	23.162449107663065	
14	FAST	1	74	0.20210142113627694	0.0	0	13.12028123615782	
15	FAST	1	75	0.2630703980821981	0.0	0	11.634352766472656	
16	FAST	1	76	0.3008008736105855	0.0	0	8.853577130167388	
17	FAST	1	77	0.3450902934942693	0.0	0	6.270004207241206	
18	FAST	1	78	0.36284036573475764	0.0	0	5.530248660412341	
19	FAST	2	3	0.007516752227496343	0.0	0	237.2682570484394	
20	FAST	2	4	0.05255626523813813	0.0	0	33.544313940069586	
21	FAST	2	5	0.08753238084772358	0.0	0	18.419432181930997	
22	FAST	2	6	0.18130277439888826	0.0	0	8.342233506576191	
23	FAST	2	7	0.06458409111532147	0.0	0	29.70847194956015	
24	FAST	2	8	0.04808305763328943	0.0	0	39.666942746034465	
25	FAST	2	23	0.24993272053144797	0.0	11	5.91363075421257	
26	FAST	2	68	0.36470401260312413	0.048	0	9.813729452356766	
27	FAST	2	69	0.391780317504476	0.048	11	7.779142109796592	
28	FAST	2	70	0.4257275325971185	0.048	0	5.448018625174226	
29	FAST	2	71	0.43263050137245695	0.048	0	5.561827964299614	
30	FAST	2	72	0.3002858035948819	0.0	0	6.5433670885874085	
31	FAST	2	73	0.2035572098999793	0.0	0	18.27985745699227	
32	FAST	2	74	0.21505090436637914	0.0	0	11.428752260893356	
33	FAST	2	75	0.2760198696420584	0.0	0	9.858384138520725	
34	FAST	2	76	0.3137503451704458	0.0	0	8.658395837093249	
35	FAST	2	77	0.3580397650541296	0.0	0	6.041049225986667	
36	FAST	3	4	0.04596140765847902	0.0	0	36.46330608690749	
37	FAST	3	5	0.08093752715814509	0.0	0	19.668058214136835	
38	FAST	3	6	0.18231210638901338	0.0	0	9.042753520385219	
39	FAST	3	7	0.06852057262560743	0.0	0	27.602155820059995	
40	FAST	3	8	0.04148820394371095	0.0	0	42.24385217615023	
41	FAST	3	23	0.253869190371492	0.0	0	6.095601864345079	
42	FAST	3	68	0.3624783762095865	0.048	0	9.560534989312325	
43	FAST	3	69	0.3866275625916361	0.048	0	7.586226645562143	
44	FAST	3	70	0.424054534998753	0.048	0	5.757970813196304	
45	FAST	3	71	0.42731742112785376	0.048	0	5.243216847329025	
46	FAST	3	72	0.30422229677540974	0.0	0	7.156473850001389	
47	FAST	3	73	0.20749369141026527	0.0	0	15.91612254433678	
48	FAST	3	74	0.2189873742064232	0.0	0	10.174193286239861	
49	FAST	3	75	0.27995636282258624	0.0	0	10.232970029928516	
50	FAST	3	76	0.3176868383509737	0.0	0	8.25003672668083	
51	FAST	3	77	0.36197625823465746	0.0	0	6.026949711807898	
52	FAST	4	5	0.03612179881582182	0.0	0	49.50617583092656	
53	FAST	4	6	0.131309053093839	0.0	0	13.201080365730933	
54	FAST	4	7	0.11268187659387058	0.0	0	17.256697002431572	
55	FAST	4	8	0.007503043583361338	0.0	0	326.55011939369336	
56	FAST	4	9	0.19906910328632327	0.0	3	7.118212211589582	
57	FAST	4	23	0.20219244902298494	0.0	5	7.271531042336486	
58	FAST	4	24	0.1883962275027891	0.0	512	6.908097384903766	
59	FAST	4	68	0.38518730849483807	0.048	4	8.316224803225696	
60	FAST	4	69	0.38862564188147486	0.048	516	6.277985504329582	
61	FAST	4	71	0.42626530464684514	0.048	0	5.631986933591067	
62	FAST	4	73	0.25165497981820595	0.0	0	10.662023506166324	
63	FAST	4	74	0.26314868595484764	0.0	0	7.1312612324860805	
64	FAST	4	75	0.32411765123052694	0.0	0	7.3540388748416206	
65	FAST	4	76	0.36184812675891437	0.0	0	6.1401539218613905	
66	FAST	5	6	0.09695465406038882	0.0	0	19.95918665917508	
67	FAST	5	7	0.1480079633072034	0.0	0	12.569887475745924	
68	FAST	5	8	0.04282913807685543	0.0	0	41.29705388211249	
69	FAST	5	9	0.1647147042528731	0.0	0	9.644894491274544	
70	FAST	5	10	0.20580158024837855	0.0	0	7.43272889881804	
71	FAST	5	11	0.315176425388388	0.0	0	6.258150164166588	
72	FAST	5	23	0.1678380499895348	0.0	0	9.161081196850708	
73	FAST	5	24	0.1540418323594195	0.0	2	9.32245280264119	
74	FAST	5	25	0.21818540685428356	0.0	136	5.852717155543624	
75	FAST	5	68	0.41072317596004826	0.048	0	6.630369129500001	
76	FAST	5	69	0.4016265693558544	0.048	138	6.603452464986579	
77	FAST	5	71	0.4354848530175842	0.048	0	5.476676054518766	
78	FAST	5	73	0.2869810937621032	0.0	0	8.021119853352904	
79	FAST	5	74	0.2984747765582611	0.0	0	5.702316752543263	
80	FAST	5	75	0.3594437418339404	0.0	0	5.968750694696023	
81	FAST	6	7	0.22348282140222536	0.0	0	7.169837273381543	
82	FAST	6	8	0.1367366608602571	0.0	0	12.27233607567864	
83	FAST	6	9	0.07023925303818712	0.0	0	22.18248985858374	
84	FAST	6	10	0.11132612125353132	0.0	0	13.156501109831787	
85	FAST	6	11	0.2207009547232989	0.0	0	9.129135320155106	
86	FAST	6	12	0.25762382228263525	0.0	0	7.516041634566332	
87	FAST	6	23	0.1142018866986697	0.0	0	13.987522344143581	
88	FAST	6	24	0.1001154807239066	0.0	0	15.720182624225764	
89	FAST	6	25	0.16454923189317652	0.0	0	11.36258031556707	
90	FAST	6	26	0.15947391760864105	0.0	0	10.086763379960537	
91	FAST	7	8	0.10798518774699241	0.0	0	18.12866172940837	
92	FAST	7	23	0.2485729428477388	0.0	25	6.5863941959676415	
93	FAST	7	24	0.2631165461086946	0.0	3355	1.8108311147972493	
94	FAST	7	68	0.40415430617655823	0.048	3	6.945415799412521	
95	FAST	7	69	0.4403988038214797	0.048	3365	0.9524126557806402	
96	FAST	7	72	0.25068690991330783	0.0	0	6.506211286644799	
97	FAST	7	73	0.15395831621840525	0.0	0	17.06567858806654	
98	FAST	7	74	0.16545201068480506	0.0	0	12.127667029151356	
99	FAST	7	75	0.22642097596048436	0.0	0	8.7481234518965	
100	FAST	7	76	0.26415145148887176	0.0	0	7.484760349642127	
101	FAST	8	9	0.20593583471103105	0.0	1	7.475327000671624	
102	FAST	8	23	0.20905918044769273	0.0	1	6.9266473460255735	
103	FAST	8	24	0.19526296281757746	0.0	11	7.487788811288296	
104	FAST	8	68	0.381788758681206	0.048	0	8.26602225414071	
105	FAST	8	69	0.3874760334580042	0.048	13	8.154037790215849	
106	FAST	8	71	0.4256121061407696	0.048	0	5.413916508613971	
107	FAST	8	72	0.34401116178742613	0.0	0	5.910625699336539	
108	FAST	8	73	0.2472825797627654	0.0	0	10.896237750497809	
109	FAST	8	74	0.25877625866884274	0.0	0	7.4891180784878	
110	FAST	8	75	0.3197452278346027	0.0	0	7.638435306789652	
111	FAST	8	76	0.3574757033629901	0.0	0	7.04879425060943	
112	FAST	9	10	0.042910483552879006	0.0	0	41.4091645676581	
113	FAST	9	11	0.15228532869288847	0.0	0	14.563657937020077	
114	FAST	9	12	0.18920818458198294	0.0	0	10.887216914370882	
115	FAST	9	13	0.22995744825989792	0.0	0	7.971553375456713	
116	FAST	9	14	0.25331769753086336	0.0	0	5.906289197236041	
117	FAST	9	15	0.24757465090643752	0.0	0	5.661792689999437	
118	FAST	9	23	0.17921559053844677	0.0	0	10.896013018938541	
119	FAST	9	24	0.16512918067360308	0.0	0	13.667514730571925	
120	FAST	9	25	0.17977600333395677	0.0	0	13.185635295966094	
121	FAST	9	26	0.09105827990798876	0.0	0	19.702396252418612	
122	FAST	9	27	0.17848346569391205	0.0	0	10.104518549000229	
123	FAST	9	29	0.1855811706559399	0.0	4	9.014338733476547	
124	FAST	10	11	0.10937484514000945	0.0	0	16.020225901606434	
125	FAST	10	12	0.1462977010291039	0.0	0	12.262159961594325	
126	FAST	10	13	0.18704696470701887	0.0	0	9.536170268998537	
127	FAST	10	14	0.21040721786806496	0.0	0	7.653000842800993	
128	FAST	10	15	0.2046641673535585	0.0	0	7.617086736165775	
129	FAST	10	16	0.20323672949747695	0.0	0	6.3694656943947106	
130	FAST	10	23	0.213153638132304	0.0	0	9.08208125737216	
131	FAST	10	24	0.199016878953885	0.0	0	10.475554811375126	
132	FAST	10	25	0.13705416535107862	0.0	0	14.918951284197325	
133	FAST	10	26	0.04814779635510974	0.0	0	34.43228972908393	
134	FAST	10	27	0.1355729938112749	0.0	0	14.878817170543018	
135	FAST	10	29	0.14267068710306088	0.0	0	13.664830916574934	
136	FAST	11	12	0.0364924262477068	0.0	0	46.46626383019252	
137	FAST	11	13	0.07678160230952209	0.0	0	21.749356435094427	
138	FAST	11	14	0.1121667443368769	0.0	0	13.862994244527522	
139	FAST	11	15	0.13120902745063714	0.0	0	13.012761046731748	
140	FAST	11	16	0.21670056307836655	0.0	0	8.18567625110957	
141	FAST	11	24	0.31300570982660975	0.0	0	5.746014274412909	
142	FAST	11	25	0.2510430001138839	0.0	0	6.565423703546765	
143	FAST	11	26	0.0629029032998397	0.0	0	25.797588839832674	
144	FAST	11	27	0.15032809297584365	0.0	0	9.795530074457005	
145	FAST	11	29	0.1574258018279521	0.0	0	9.060969215131442	
146	FAST	11	31	0.2612748846871239	0.0	0	6.468570976310093	
147	FAST	12	13	0.041186765485885346	0.0	0	41.58731874307028	
148	FAST	12	14	0.0765719114033208	0.0	0	22.205711398544363	
149	FAST	12	15	0.09561419451708102	0.0	0	17.630017320394636	
150	FAST	12	16	0.14372326122945295	0.0	0	11.516231828375423	
151	FAST	12	26	0.09403059326424705	0.0	0	17.760413130423718	
152	FAST	12	27	0.1814557907204122	0.0	0	8.457833597305386	
153	FAST	12	29	0.18855348401219818	0.0	0	8.784122866900619	
154	FAST	12	31	0.19481717124778766	0.0	0	7.9225247443615325	
155	FAST	13	14	0.035643937421330284	0.0	0	46.71354148774627	
156	FAST	13	15	0.05468622442517113	0.0	0	33.143069011024856	
157	FAST	13	16	0.10279528335738179	0.0	0	16.447001532678556	
158	FAST	13	26	0.13496519205354798	0.0	0	14.11622733321211	
159	FAST	13	27	0.22239038950971318	0.0	0	7.749298422582131	
160	FAST	13	29	0.22948808669157972	0.0	0	7.473381978861589	
161	FAST	13	31	0.15388919337571655	0.0	0	9.77575986989709	
162	FAST	14	15	0.019130319528464904	0.0	0	95.62313166857243	
163	FAST	14	16	0.06723938624083681	0.0	0	26.71494197712208	
164	FAST	14	26	0.1630868027618412	0.0	0	10.494271609466953	
165	FAST	14	27	0.2503014029230186	0.0	0	6.673364928507521	
166	FAST	14	29	0.25739912344536897	0.0	0	6.799138246783142	
167	FAST	14	31	0.1183333001492522	0.0	0	13.23252657661417	
168	FAST	14	32	0.21194727355834295	0.0	0	6.750270405255944	
169	FAST	15	16	0.048585982817270716	0.0	0	36.114653616241355	
170	FAST	15	26	0.15747477794306555	0.0	0	10.186603832498884	
171	FAST	15	27	0.244689378104243	0.0	0	7.426521663779107	
172	FAST	15	29	0.25178707528610955	0.0	0	7.76453433425944	
173	FAST	15	31	0.09967989283560547	0.0	0	16.917061527502582	
174	FAST	15	32	0.1932938779149381	0.0	0	7.7204335554564825	
175	FAST	16	26	0.15613073174541822	0.0	0	9.056379369216522	
176	FAST	16	27	0.24334533190659563	0.0	0	8.001019899048199	
177	FAST	16	29	0.250443052428946	0.0	0	7.672215736714145	
178	FAST	16	31	0.05291526521902438	0.0	0	34.45976029586571	
179	FAST	16	32	0.14652924640827636	0.0	0	10.500442502236092	
180	FAST	17	18	0.144492633596006	0.0	6	11.257466863483076	
181	FAST	17	19	0.20948451408345695	0.0	2	8.46790680902791	
182	FAST	17	20	0.22112509410431017	0.0	47	6.907809767540724	
183	FAST	17	21	0.2301959607734761	0.0	3	7.75637724126917	
184	FAST	18	19	0.06547912086633792	0.0	0	28.239445906735003	
185	FAST	18	20	0.07711971255743301	0.0	0	24.283134883702147	
186	FAST	18	21	0.08619056366627643	0.0	0	22.073035169284235	
187	FAST	18	22	0.11826343430116347	0.0	0	16.522291290309845	
188	FAST	18	23	0.2031332533527576	0.0	3	7.9409794256397745	
189	FAST	18	24	0.21725088889480668	0.0	3	7.63094879097634	
190	FAST	19	20	0.0557718564567446	0.0	0	28.817553257810363	
191	FAST	19	21	0.020826386902350846	0.0	0	87.86741132085224	
192	FAST	19	22	0.052899253647157266	0.0	0	32.31445368899921	
193	FAST	19	23	0.18178540114214978	0.0	3	7.765697630771048	
194	FAST	19	24	0.19590302501395698	0.0	927	6.4397006992175925	
195	FAST	19	25	0.25918542512951476	0.0	0	6.518564445256422	
196	FAST	20	21	0.051960300995763854	0.0	0	31.285568828928305	
197	FAST	20	22	0.057609725049702395	0.0	0	33.58538546479377	
198	FAST	20	23	0.12831906321120456	0.0	3	13.538723534079683	
199	FAST	20	24	0.14243669875325368	0.0	44	11.814659079823315	
200	FAST	20	25	0.20571908719856957	0.0	0	10.043163337874283	
201	FAST	21	22	0.03241731782414188	0.0	0	57.29938290099535	
202	FAST	21	23	0.177942145414127	0.0	18	8.456755880425664	
203	FAST	21	24	0.1920597848462567	0.0	1005	6.826007254267194	
204	FAST	21	25	0.25534216940149196	0.0	0	7.065568486119699	
205	FAST	22	23	0.18354915202889183	0.0	15	9.62356448661763	
206	FAST	22	24	0.19766678757094094	0.0	1902	6.501093039461532	
207	FAST	22	25	0.2609491876864987	0.0	0	8.755582426928099	
208	FAST	23	24	0.014785710209034767	0.0	0	112.7305165582196	
209	FAST	23	25	0.07806810643451191	0.0	0	20.687349596915844	
210	FAST	23	26	0.26582657077857297	0.0	0	6.389567523930858	
211	FAST	24	25	0.06401010971857911	0.0	5	24.277925712158847	
212	FAST	24	26	0.25176857017255955	0.0	0	7.2775368209846025	
213	FAST	24	27	0.3391937559584829	0.0	0	5.715011786274171	
214	FAST	25	26	0.1896613206239994	0.0	0	9.36281610628018	
215	FAST	25	27	0.2770865064099227	0.0	0	8.685958353409418	
216	FAST	25	29	0.28418422304219243	0.0	0	7.986858824755821	
217	FAST	25	30	0.4521379951502652	0.0	141	5.4622831245574455	
218	FAST	26	27	0.08793642018212716	0.0	0	17.18760794780143	
219	FAST	26	29	0.09503412125407436	0.0	0	16.266307510571917	
220	FAST	26	31	0.2001531209344359	0.0	0	7.276206125423686	
221	FAST	27	29	0.009295402123045745	0.0	0	199.65831599216403	
222	FAST	27	30	0.1772491897914411	0.0	0	8.754573239269146	
223	FAST	27	31	0.28774323446876776	0.0	0	6.583493434992493	
224	FAST	28	30	0.15944353607893208	0.0	15	13.155731892280446	
225	FAST	29	30	0.16795380711879848	0.0	4	8.61710158542762	
226	FAST	29	31	0.2954023675373496	0.0	0	6.80567483663692	
227	FAST	31	32	0.09361397729917137	0.0	0	18.47560561928344	
228	FAST	31	33	0.20448155529861253	0.0	0	6.98176250001548	
229	FAST	32	33	0.11533800808672107	0.0	0	13.710061646331683	
230	FAST	32	34	0.21282922874836685	0.0	0	6.593735588187745	
231	FAST	32	35	0.1856925008734483	0.0	0	8.368474715615104	
232	FAST	33	34	0.09994297898851423	0.0	0	16.530443553920815	
233	FAST	33	35	0.08939985684434527	0.0	0	21.306874804658086	
234	FAST	33	36	0.23577195177538954	0.0	0	6.28822471505953	
235	FAST	33	43	0.21187265792180676	0.0	0	6.806044721879166	
236	FAST	33	44	0.23313834384937832	0.0	0	6.767067986024994	
237	FAST	34	35	0.07425086367565223	0.0	3	22.768729296005414	
238	FAST	34	36	0.22119958914834686	0.0	50	6.438510644447668	
239	FAST	34	40	0.21309968660406667	0.0	40	7.01096046161197	
240	FAST	34	41	0.19701331626663482	0.0	0	7.627238400083765	
241	FAST	34	42	0.19652467156864095	0.0	10	10.516519143269006	
242	FAST	34	43	0.11495453171851999	0.0	0	16.687809141322322	
243	FAST	34	44	0.1362202176460916	0.0	0	13.901229538016926	
244	FAST	34	45	0.17083477360173724	0.0	0	10.559010825894863	
245	FAST	34	46	0.1415772009986984	0.0	0	12.759368984711486	
246	FAST	34	47	0.2729031837234328	0.0	0	7.3062330281467265	
247	FAST	34	48	0.30365908701192784	0.0	0	5.754418658641964	
248	FAST	34	49	0.2550983585980977	0.0	0	6.736469389245477	
249	FAST	34	63	0.41350450727089905	0.048	102	6.256261431484286	
250	FAST	35	36	0.15314777123847956	0.0	0	10.770202806470719	
251	FAST	35	37	0.18349454307702828	0.0	24	8.478833383228698	
252	FAST	35	40	0.18010409662424917	0.0	0	8.479004343216532	
253	FAST	35	41	0.1906017709564348	0.0	0	8.521565972998628	
254	FAST	35	42	0.2441990567814982	0.0	1	9.173610011610197	
255	FAST	35	43	0.16262891693137727	0.0	5	9.278875798290647	
256	FAST	35	44	0.18389460285894885	0.0	11	8.076130200595946	
257	FAST	35	45	0.21850915881459448	0.0	6	6.865377206639172	
258	FAST	35	46	0.18925158232147501	0.0	0	7.408997888412726	
259	FAST	36	37	0.03814278128412667	0.0	30	45.71759017622433	
260	FAST	36	38	0.11676273844668511	0.0	19	17.308079435223494	
261	FAST	36	39	0.19725989680743664	0.0	1	8.502960837535143	
262	FAST	36	40	0.1635373363399172	0.0	0	14.418104113002542	
263	FAST	36	41	0.3269651669101407	0.0	0	10.438636395682273	
264	FAST	36	42	0.39092006082427827	0.0	0	6.463047199566312	
265	FAST	37	38	0.08093381602122546	0.0	0	27.456351932087113	
266	FAST	37	39	0.15061684588073954	0.0	0	11.243329707506458	
267	FAST	37	40	0.14019839693063493	0.0	143	16.310605774113647	
268	FAST	37	41	0.3579232571393046	0.0	12	10.32417909878488	
269	FAST	37	42	0.4218781277129583	0.0	87	5.580770919628418	
270	FAST	38	39	0.08372419808664779	0.0	0	19.801411863984224	
271	FAST	38	40	0.11208962348841593	0.0	258	16.655892110801545	
272	FAST	38	41	0.40779445257479646	0.0	11	10.147146940029634	
273	FAST	38	42	0.46110764581155694	0.0	112	5.030480862021023	
274	FAST	39	40	0.19341849275779302	0.0	341	8.182078909568014	
275	FAST	39	41	0.48912332573425416	0.0	5	5.151653880399185	
276	FAST	40	41	0.2986730228472532	0.0	0	42.241647597589	
277	FAST	40	42	0.3519861888534493	0.0	0	10.34981795219664	
278	FAST	40	43	0.30170619262486453	0.0	686	4.604628760572106	
279	FAST	41	42	0.25357444285234754	0.0	0	17.117591624002795	
280	FAST	41	43	0.20648708636666077	0.0	3	7.5190400114172435	
281	FAST	41	44	0.22937622353302517	0.0	25	6.748826640156945	
282	FAST	41	46	0.2310540153081182	0.0	0	7.0285132179717635	
283	FAST	42	43	0.11780820928584947	0.0	15	15.48943198959264	
284	FAST	42	44	0.13084020112608316	0.0	82	12.163417626166478	
285	FAST	42	45	0.16679591294946913	0.0	37	8.83166496447635	
286	FAST	42	46	0.1325179929011762	0.0	0	14.244858113908213	
287	FAST	42	47	0.24937123796376515	0.0	53	6.536613166073719	
288	FAST	42	49	0.20710935144416465	0.0	0	6.586997809862005	
289	FAST	43	44	0.023101644490940768	0.0	0	83.50694487019028	
290	FAST	43	45	0.05771618877634452	0.0	0	28.589026326124884	
291	FAST	43	46	0.0288340089539606	0.0	0	61.72698703279178	
292	FAST	43	47	0.159784610568282	0.0	0	12.828319563713077	
293	FAST	43	48	0.19054051385677703	0.0	0	10.416424700215721	
294	FAST	43	49	0.14197978544294687	0.0	0	13.171047504172801	
295	FAST	43	63	0.3923885515678148	0.048	707	5.964049277608503	
296	FAST	44	45	0.03650977211722949	0.0	1	47.41533420956322	
297	FAST	44	46	0.02575993886862073	0.0	0	76.92636090180864	
298	FAST	44	47	0.14086488833480484	0.0	0	16.943841481574744	
299	FAST	44	48	0.171620779953058	0.0	0	11.627045246738387	
300	FAST	44	49	0.12306006320946969	0.0	0	17.28609720796963	
301	FAST	44	50	0.2795338767258421	0.0	0	6.300908500779386	
302	FAST	44	54	0.4062621031342436	0.0	0	5.035574595450765	
303	FAST	44	63	0.3774616757931424	0.048	118	8.655160621595533	
304	FAST	45	46	0.05900224943214269	0.0	0	33.92519243361694	
305	FAST	45	47	0.11029916330807826	0.0	0	27.855514143654627	
306	FAST	45	48	0.1410550549263314	0.0	0	19.696653128838474	
307	FAST	45	49	0.07388850655518356	0.0	0	28.107920188155553	
308	FAST	45	50	0.2303623317417979	0.0	0	8.383753757088366	
309	FAST	45	52	0.29512067512879453	0.0	0	5.909150587427796	
310	FAST	45	53	0.3237251926661545	0.0	0	6.2741944710921995	
311	FAST	45	54	0.3570905581501994	0.0	0	6.472517331615147	
312	FAST	45	56	0.4526480314016355	0.0	0	5.033566060191563	
313	FAST	45	63	0.3512879165346726	0.048	42	9.905927467239596	
314	FAST	46	47	0.15177768484110474	0.0	0	14.922395685666439	
315	FAST	46	48	0.1825335725692773	0.0	0	11.13517437897741	
316	FAST	46	49	0.1095157983215043	0.0	0	16.351446631107446	
317	FAST	47	48	0.033308403033401005	0.0	0	57.461883609915255	
318	FAST	47	49	0.04335293354340888	0.0	0	45.857129315285434	
319	FAST	47	50	0.13698732987579948	0.0	0	13.131067714939219	
320	FAST	47	51	0.1911754722673719	0.0	0	7.784414126027478	
321	FAST	47	52	0.21128708019471065	0.0	0	9.552255594863269	
322	FAST	47	53	0.2398915977320707	0.0	0	9.263234879196142	
323	FAST	47	54	0.2732569865565993	0.0	0	10.007344955869963	
324	FAST	47	56	0.3688144364675517	0.0	0	6.47125598806153	
325	FAST	47	63	0.32931771848225994	0.048	53	14.657747279921761	
326	FAST	48	49	0.07429681330803665	0.0	0	33.4596354831156	
327	FAST	48	50	0.10466340899746844	0.0	0	18.63831021380242	
328	FAST	48	51	0.15885155138904086	0.0	0	10.609927010692145	
329	FAST	48	52	0.17896317098662154	0.0	0	11.589648735451044	
330	FAST	48	53	0.2075677001942234	0.0	0	12.285285492262055	
331	FAST	48	54	0.2409330695683489	0.0	0	11.072786020798514	
332	FAST	48	55	0.31065396158262065	0.0	0	6.11923063623977	
333	FAST	48	56	0.33649051558922066	0.0	0	6.673565638678925	
334	FAST	48	63	0.33176830010421277	0.048	0	14.065897068325274	
335	FAST	49	50	0.1566683642287674	0.0	0	11.671026360159717	
336	FAST	49	51	0.1845573986865216	0.0	0	7.627024193483202	
337	FAST	49	52	0.22142669594552217	0.0	0	7.1958185327482935	
338	FAST	49	53	0.25003121348288215	0.0	0	8.03935145917765	
339	FAST	49	54	0.28339660619749146	0.0	0	7.764734720635369	
340	FAST	50	51	0.08115968188268026	0.0	0	24.93743241040047	
341	FAST	50	52	0.07399500529255132	0.0	0	33.21315330500873	
342	FAST	50	53	0.10259952671999197	0.0	0	23.11334817161946	
343	FAST	50	54	0.13596489609411744	0.0	0	17.761650393713797	
344	FAST	50	55	0.20568579977863108	0.0	0	8.136093953811168	
345	FAST	50	56	0.2315223537852311	0.0	0	7.8428228591097895	
346	FAST	50	57	0.28310399822269255	0.0	0	5.4505864862702005	
347	FAST	51	52	0.0866936794642085	0.0	0	19.932342441765748	
348	FAST	51	53	0.1152981970015685	0.0	0	13.284070195388333	
349	FAST	51	54	0.14866356637569397	0.0	0	10.253001323458808	
350	FAST	51	55	0.21838445838996573	0.0	0	6.328164351432394	
351	FAST	51	56	0.2442210123965657	0.0	0	6.048801517265067	
352	FAST	52	53	0.027119747672974932	0.0	0	58.74697718905501	
353	FAST	52	54	0.06466182659652175	0.0	0	25.66640199753118	
354	FAST	52	55	0.13438272639095475	0.0	0	12.05876060693477	
355	FAST	52	56	0.16021928039755476	0.0	0	10.666264491420034	
356	FAST	52	57	0.2118009365052582	0.0	0	7.195546929409421	
357	FAST	53	54	0.03255763303241363	0.0	0	49.51744642173771	
358	FAST	53	55	0.1392847375834884	0.0	0	14.829159329038465	
359	FAST	53	56	0.12811509072352725	0.0	0	14.564452542443748	
360	FAST	53	57	0.1796967429411501	0.0	0	8.988462577669765	
361	FAST	53	58	0.2558494359154547	0.0	0	5.881697966286787	
362	FAST	53	63	0.337184139804537	0.048	0	12.91727963207152	
363	FAST	54	55	0.09882882488577224	0.0	0	17.627899811859113	
364	FAST	54	56	0.09594506921502285	0.0	0	19.701781886272656	
365	FAST	54	57	0.14752673699296817	0.0	0	11.71437454580944	
366	FAST	54	58	0.2236794182970309	0.0	0	6.3913409404568	
367	FAST	54	59	0.23363279643775064	0.0	0	6.3506961029969515	
368	FAST	54	63	0.31193667033525635	0.048	0	19.115166313043574	
369	FAST	55	56	0.10245118238530287	0.0	0	24.633759686586487	
370	FAST	55	57	0.11688081406400345	0.0	0	18.350757035396494	
371	FAST	55	58	0.19303349536806622	0.0	0	9.337091584906393	
372	FAST	55	59	0.15404239253103003	0.0	0	10.546538552381337	
373	FAST	55	60	0.199998124561872	0.0	0	6.807122561943032	
374	FAST	55	61	0.21647929140213404	0.0	0	6.106034636983876	
375	FAST	56	57	0.051750960196819136	0.0	0	30.27112234730866	
376	FAST	56	58	0.12790363761080126	0.0	0	13.261273711847245	
377	FAST	56	59	0.1378570196416016	0.0	0	10.985095885721543	
378	FAST	56	60	0.1863277627103322	0.0	0	8.032126096122944	
379	FAST	56	61	0.2295672264918869	0.0	0	6.1056424755466505	
380	FAST	56	63	0.3399620284812417	0.048	0	12.141033216742203	
381	FAST	56	64	0.38634472259083835	0.048	0	8.140670622464986	
382	FAST	56	65	0.43919115018064	0.048	0	4.88651856307183	
383	FAST	56	67	0.42103726473208475	0.048	0	6.455058763587058	
384	FAST	57	58	0.07675344979601327	0.0	0	24.698735591761885	
385	FAST	57	59	0.08670683571689426	0.0	0	20.365408952786026	
386	FAST	57	60	0.13517757878562484	0.0	0	11.908043485561137	
387	FAST	57	61	0.17841704256717958	0.0	0	8.989651734528293	
388	FAST	57	63	0.384340773682992	0.048	0	7.820585575139029	
389	FAST	57	64	0.3412958770645092	0.048	0	12.648306928514097	
390	FAST	57	65	0.38984504348251814	0.048	0	7.5031040151733155	
391	FAST	57	66	0.42780336506585737	0.048	0	5.501520989608141	
392	FAST	57	67	0.37333280038000694	0.048	0	8.151529305539999	
393	FAST	58	59	0.07200593315564248	0.0	0	29.915961336176398	
394	FAST	58	60	0.08743951295287825	0.0	0	20.179434965321434	
395	FAST	58	61	0.1310579211587018	0.0	0	13.157853502585278	
396	FAST	58	62	0.255370979338627	0.0	0	6.449383437841064	
397	FAST	58	63	0.42867785119451274	0.048	0	5.3262302917414965	
398	FAST	58	64	0.2815888030664809	0.048	0	36.16639722028525	
399	FAST	58	65	0.3403573143357273	0.048	0	12.064119323175701	
400	FAST	58	66	0.39043847436779794	0.048	0	7.603703854364786	
401	FAST	58	67	0.31576294598180515	0.048	0	17.414132684042208	
402	FAST	59	60	0.049577043098683535	0.0	0	33.86419623339396	
403	FAST	59	61	0.09281650299015765	0.0	0	18.733557063757573	
404	FAST	59	62	0.19190307683821625	0.0	0	9.23350504158899	
405	FAST	60	61	0.04366750880351709	0.0	0	43.46719440873713	
406	FAST	60	62	0.16798056309336168	0.0	0	11.11708836276386	
407	FAST	61	62	0.1284738884202208	0.0	0	17.264372218980196	
408	FAST	61	64	0.34189073151411264	0.048	0	12.08214731023217	
409	FAST	61	65	0.27660027650124386	0.048	0	43.22024616694026	
410	FAST	61	66	0.2846057362515169	0.048	0	35.60497869150484	
411	FAST	61	67	0.313713359586781	0.048	0	18.813380596989862	
412	FAST	62	64	0.4213812504185731	0.048	0	5.5782380801963845	
413	FAST	62	65	0.3530950978131749	0.048	0	10.95703934806781	
414	FAST	62	66	0.29304974429611425	0.048	0	28.277095575143818	
415	FAST	62	67	0.39218104977363377	0.048	0	7.426408225146398	
416	FAST	64	65	0.3208596406357785	0.048	0	17.12626952804997	
417	FAST	64	66	0.37832092189058875	0.048	0	8.225869995827368	
418	FAST	64	67	0.28711509697401516	0.048	0	31.807954165600837	
419	FAST	65	66	0.30802592284334046	0.048	0	20.813228072317266	
420	FAST	65	67	0.2869529669048198	0.048	0	32.867257068637	
421	FAST	66	67	0.34723302916346765	0.048	0	11.96111512595479	
422	FAST	68	69	0.31961417983176404	0.048	0	16.776387857930995	
423	FAST	68	70	0.31025070892562745	0.048	0	21.121975202033198	
424	FAST	68	71	0.35282413558903386	0.048	0	11.592689737105001	
425	FAST	68	73	0.3499823949333256	0.048	0	11.677066334787078	
426	FAST	68	74	0.36326856556838494	0.048	0	9.850169086207753	
427	FAST	68	75	0.32293415966345773	0.048	0	16.670049519638958	
428	FAST	68	76	0.3043083788413486	0.048	0	22.724912262408438	
429	FAST	68	77	0.3277074185209801	0.048	0	15.503559237045843	
430	FAST	68	78	0.3537868345681008	0.048	0	10.255550863998051	
431	FAST	69	70	0.35016734253612003	0.048	0	11.398664359256564	
432	FAST	69	71	0.2889421904033205	0.048	0	28.653097207933126	
433	FAST	69	73	0.409725032299345	0.048	0	6.616076396356559	
434	FAST	69	74	0.43146268347934347	0.048	0	5.449863600243236	
435	FAST	69	75	0.3940090006189977	0.048	0	7.412508759731932	
436	FAST	69	76	0.375242522649161	0.048	0	8.877999752325296	
437	FAST	69	77	0.3880713581061336	0.048	0	7.71861112081937	
438	FAST	69	78	0.4118340394161036	0.048	0	6.077124956334359	
439	FAST	70	71	0.36321139206122	0.048	0	9.864556297611534	
440	FAST	70	73	0.39483539525942135	0.048	0	7.360707621246893	
441	FAST	70	74	0.39209968574495196	0.048	0	6.651331991015665	
442	FAST	70	75	0.3479917875872324	0.048	0	11.782764095097527	
443	FAST	70	76	0.3135398879049619	0.048	0	18.241114165204518	
444	FAST	70	77	0.29472060910445375	0.048	0	27.940217743022917	
445	FAST	70	78	0.31277550312885255	0.048	0	19.570097106176775	
446	FAST	71	75	0.4279180643201304	0.048	0	5.098821886101411	
447	FAST	71	76	0.404332513209376	0.048	0	6.795589092227948	
448	FAST	71	77	0.40759504955365466	0.048	0	6.468907040889999	
449	FAST	71	78	0.4282032219443983	0.048	0	5.5161728438224324	
450	FAST	72	73	0.14025606737595317	0.0	0	13.045775866492972	
451	FAST	72	74	0.08725546934826098	0.0	0	18.000158761249885	
452	FAST	72	75	0.06345545813248002	0.0	0	31.693341200096455	
453	FAST	72	76	0.04017865109099696	0.0	0	42.84100424883071	
454	FAST	72	77	0.04570755266690181	0.0	0	37.93752208003864	
455	FAST	72	78	0.06345764046771263	0.0	0	30.121388926448986	
456	FAST	73	74	0.05432577344421043	0.0	0	39.177711585557574	
457	FAST	73	75	0.11529474650005098	0.0	0	26.86766083311013	
458	FAST	73	76	0.1530252220284384	0.0	0	15.369009637870754	
459	FAST	73	77	0.19731463802204155	0.0	0	10.26632041622545	
460	FAST	73	78	0.21506473749309424	0.0	0	8.409950081889047	
461	FAST	74	75	0.0623156956289603	0.0	0	33.99738205303148	
462	FAST	74	76	0.10004617115734774	0.0	0	18.106775916183405	
463	FAST	74	77	0.14433558326087026	0.0	0	11.04664859565782	
464	FAST	74	78	0.16208567884184233	0.0	0	10.192411430032587	
465	FAST	75	76	0.042285826075788555	0.0	0	43.81034265719	
466	FAST	75	77	0.087860882596482	0.0	0	18.978707928132422	
467	FAST	75	78	0.10561097428737345	0.0	0	14.274622285169535	
468	FAST	76	77	0.06410468924890102	0.0	0	34.768737738671994	
469	FAST	76	78	0.08185477704971184	0.0	0	22.194757005898285	
470	FAST	77	78	0.02740920468246461	0.0	0	57.26112420913381	
471	FAST	28	79	0.21924735630591946	0.0	49	6.535735429343958	
472	FAST	30	79	0.2287360899299898	0.0	133	4.928159554322441	
473	FAST	22	79	0.3937834880485601	0.0	921	2.29950600981537	
474	FAST	39	80	0.19757579168375078	0.0	355	7.097102474737631	
475	FAST	38	80	0.24088251811111824	0.0	401	4.547009255834653	
476	FAST	37	80	0.2662659561211168	0.0	297	3.75750786010399	
477	FAST	21	81	0.25109834388017294	0.0	280	4.3114859154683876	
478	FAST	19	81	0.35083585863731187	0.0	202	3.680939298139982	
479	FAST	22	81	0.3438546648060853	0.0	501	3.7679885852928874	
480	FAST	17	82	0.25158096865091367	0.0	59	5.69429528890296	
481	FAST	19	82	0.28400681879193423	0.0	517	3.759225762506927	
482	FAST	21	82	0.3397258891157074	0.0	497	3.1182466235822943	
483	FAST	21	83	0.28930810561451464	0.0	264	4.21518582972694	
484	FAST	19	83	0.3428099613995741	0.0	230	3.9848490839394044	
485	FAST	22	83	0.2539241812584113	0.0	540	4.380015309584504	
