n_interc	
0	
0	
0	
0	
0	
0	
0	
0	
0	
0	
0	
0	
0	
0	
0	
0	
0	
0	
0	
0	
0	
0	
0	
0	
0	
0	
0	
0	
0	
0	
0	
0	
0	
0	
0	
0	
0	
0	
0	
0	
0	
0	
0	
0	
0	
0	
0	
0	
0	
0	
0	
0	
0	
0	
0	
1	
1	
1	
1	
1	
1	
1	
1	
1	
1	
1	
1	
1	
1	
1	
1	
1	
2	
2	
3	
3	
3	
4	
4	
4	
4	
4	
4	
5	
5	
5	
5	
5	
5	
5	
5	
5	
5	
6	
6	
6	
6	
6	
6	
6	
60	
62	
63	
64	
66	
67	
71	
73	
75	
76	
78	
79	
80	
81	
84	
85	
86	
87	
90	
91	
92	
94	
96	
97	
98	
101	
103	
104	
108	
109	
112	
113	
115	
117	
119	
120	
122	
125	
127	
128	
128	
130	
133	
136	
136	
137	
140	
141	
143	
145	
147	
148	
150	
152	
153	
155	
156	
159	
161	
163	
163	
165	
166	
170	
170	
173	
174	
175	
175	
177	
180	
182	
183	
185	
186	
187	
190	
191	
192	
194	
196	
199	
201	
203	
205	
206	
208	
210	
210	
213	
214	
217	
219	
220	
222	
225	
226	
229	
231	
233	
508	
512	
516	
521	
523	
526	
530	
534	
537	
541	
543	
548	
552	
556	
560	
565	
568	
571	
574	
576	
579	
585	
590	
593	
597	
602	
605	
608	
613	
616	
620	
621	
626	
628	
631	
637	
640	
643	
646	
648	
653	
657	
660	
664	
666	
668	
671	
675	
677	
681	
682	
683	
687	
690	
692	
695	
697	
701	
702	
704	
706	
710	
712	
715	
717	
720	
722	
724	
725	
728	
731	
732	
735	
737	
739	
741	
742	
743	
743	
745	
748	
749	
751	
753	
755	
755	
756	
758	
760	
760	
761	
763	
764	
765	
766	
767	
768	
769	
770	
772	
3206	
3214	
3219	
3223	
3225	
3231	
3237	
3238	
3243	
3249	
3254	
3258	
3261	
3266	
3270	
3274	
3279	
3286	
3290	
3294	
3298	
3301	
3306	
3310	
3313	
3318	
3321	
3326	
3331	
3334	
3337	
3341	
3349	
3350	
3355	
3360	
3364	
3367	
3371	
3373	
3376	
3380	
3385	
3388	
3392	
3395	
3398	
3400	
3408	
3412	
3415	
3418	
3421	
3424	
3429	
3435	
3437	
3439	
3441	
3446	
3451	
3454	
3455	
3456	
3459	
3463	
3465	
3468	
3472	
3473	
3474	
3479	
3481	
3484	
3488	
3489	
3490	
3491	
3494	
3497	
3498	
3500	
3501	
3504	
3506	
3507	
3509	
3512	
3519	
3519	
3520	
3523	
3528	
3529	
3530	
3532	
3535	
3539	
3541	
3542	
3018	
3019	
3020	
3021	
3024	
3027	
3028	
3028	
3029	
3029	
3030	
3031	
3034	
3034	
3036	
3040	
3042	
3043	
3046	
3047	
3049	
3050	
3050	
3052	
3054	
3055	
3055	
3057	
3059	
3060	
3062	
3064	
3065	
3069	
3069	
3072	
3074	
3074	
3076	
3079	
3079	
3081	
3083	
3085	
3085	
3086	
3087	
3091	
3092	
3093	
3094	
3095	
3097	
3098	
3100	
3102	
3102	
3103	
3108	
3110	
3110	
3111	
3113	
3114	
3115	
3117	
3118	
3120	
3120	
3120	
3122	
3123	
3123	
3125	
3130	
3132	
3133	
3134	
3134	
3135	
3137	
3139	
3139	
3140	
3141	
3142	
3142	
3144	
3148	
3149	
3150	
3152	
3154	
3155	
3155	
3157	
3160	
3161	
3163	
3164	
