n_interc	
0	
0	
0	
0	
0	
0	
0	
0	
0	
0	
0	
0	
0	
0	
0	
0	
0	
0	
0	
0	
0	
0	
0	
0	
0	
0	
0	
0	
0	
0	
0	
0	
0	
0	
0	
0	
0	
0	
0	
0	
0	
0	
0	
0	
0	
0	
0	
0	
0	
0	
0	
0	
0	
0	
0	
0	
0	
0	
0	
0	
1	
1	
1	
1	
1	
1	
1	
1	
1	
1	
1	
1	
1	
1	
2	
2	
2	
2	
3	
3	
4	
4	
4	
4	
4	
4	
4	
4	
4	
4	
4	
5	
5	
5	
5	
5	
5	
6	
6	
6	
64	
65	
68	
70	
72	
73	
76	
78	
81	
82	
84	
85	
88	
89	
91	
92	
94	
95	
97	
99	
100	
102	
104	
106	
109	
111	
113	
114	
117	
118	
120	
122	
122	
125	
127	
128	
130	
132	
135	
136	
138	
140	
142	
144	
146	
148	
150	
152	
154	
155	
156	
160	
161	
163	
164	
167	
168	
170	
171	
173	
176	
178	
179	
180	
183	
184	
187	
189	
191	
193	
193	
195	
196	
198	
199	
202	
203	
205	
207	
207	
210	
212	
212	
215	
216	
217	
220	
221	
223	
224	
226	
228	
230	
231	
233	
234	
236	
239	
240	
242	
524	
529	
531	
535	
541	
544	
547	
551	
554	
556	
560	
564	
568	
571	
575	
577	
581	
586	
592	
597	
602	
605	
610	
613	
618	
621	
625	
629	
632	
635	
642	
646	
650	
655	
658	
663	
666	
669	
676	
678	
682	
686	
691	
695	
698	
701	
702	
707	
712	
714	
716	
718	
720	
726	
729	
731	
732	
734	
736	
739	
741	
743	
744	
746	
748	
750	
752	
753	
754	
756	
758	
760	
761	
762	
764	
766	
768	
768	
770	
771	
772	
772	
773	
775	
775	
776	
778	
778	
778	
781	
781	
782	
782	
784	
786	
786	
786	
788	
789	
790	
3270	
3275	
3280	
3286	
3293	
3299	
3306	
3312	
3316	
3321	
3323	
3329	
3332	
3335	
3340	
3346	
3348	
3354	
3357	
3361	
3364	
3368	
3372	
3377	
3382	
3387	
3391	
3395	
3398	
3404	
3412	
3421	
3423	
3428	
3432	
3437	
3440	
3446	
3452	
3457	
3464	
3467	
3473	
3476	
3479	
3482	
3487	
3491	
3498	
3501	
3503	
3507	
3509	
3510	
3513	
3516	
3519	
3520	
3520	
3523	
3526	
3528	
3531	
3536	
3542	
3549	
3549	
3554	
3555	
3558	
3561	
3563	
3566	
3569	
3571	
3574	
3576	
3577	
3580	
3583	
3584	
3586	
3587	
3588	
3592	
3593	
3595	
3598	
3603	
3604	
3606	
3607	
3609	
3613	
3613	
3615	
3618	
3621	
3622	
3624	
3089	
3089	
3091	
3092	
3094	
3096	
3098	
3100	
3105	
3106	
3109	
3111	
3115	
3117	
3118	
3120	
3121	
3122	
3122	
3125	
3126	
3128	
3130	
3132	
3134	
3137	
3138	
3143	
3143	
3145	
3146	
3148	
3148	
3149	
3151	
3154	
3159	
3161	
3165	
3166	
3168	
3168	
3170	
3173	
3175	
3176	
3178	
3179	
3182	
3182	
3184	
3186	
3187	
3188	
3190	
3192	
3194	
3197	
3198	
3199	
3199	
3201	
3202	
3204	
3205	
3206	
3207	
3210	
3214	
3216	
3218	
3220	
3223	
3226	
3228	
3230	
3233	
3233	
3234	
3236	
3238	
3242	
3243	
3243	
3245	
3245	
3246	
3247	
3248	
3250	
3252	
3253	
3255	
3257	
3259	
3260	
3262	
3264	
3264	
3264	
