n_interc	
0	
0	
0	
0	
0	
0	
0	
0	
0	
0	
0	
0	
0	
0	
0	
0	
0	
0	
0	
0	
0	
0	
0	
0	
0	
0	
0	
0	
0	
0	
0	
0	
0	
0	
0	
0	
0	
0	
0	
0	
0	
0	
0	
0	
0	
0	
0	
0	
0	
0	
0	
0	
0	
0	
0	
0	
0	
0	
0	
0	
0	
0	
0	
0	
0	
1	
1	
1	
1	
1	
1	
1	
1	
1	
2	
2	
2	
2	
2	
3	
3	
4	
4	
4	
4	
4	
4	
4	
4	
4	
4	
4	
4	
4	
4	
4	
4	
4	
5	
5	
57	
59	
59	
61	
61	
62	
66	
67	
68	
70	
74	
74	
75	
76	
78	
78	
79	
82	
84	
85	
86	
89	
90	
93	
94	
95	
98	
98	
99	
102	
104	
104	
106	
107	
109	
112	
113	
115	
118	
118	
120	
121	
123	
123	
125	
128	
129	
130	
130	
132	
135	
137	
139	
141	
142	
142	
144	
145	
146	
150	
151	
151	
154	
155	
158	
159	
162	
162	
164	
166	
167	
169	
170	
172	
174	
176	
177	
178	
181	
183	
184	
186	
187	
189	
190	
191	
193	
194	
197	
199	
201	
203	
205	
209	
211	
213	
214	
217	
218	
219	
481	
485	
488	
490	
496	
499	
501	
506	
512	
515	
520	
524	
527	
530	
534	
539	
541	
545	
549	
551	
555	
559	
561	
564	
568	
572	
576	
578	
582	
587	
588	
593	
597	
600	
603	
605	
609	
613	
615	
621	
625	
628	
634	
638	
642	
645	
648	
651	
654	
657	
662	
664	
669	
673	
676	
680	
683	
685	
686	
689	
691	
694	
696	
698	
702	
703	
708	
709	
711	
714	
715	
718	
719	
722	
723	
725	
727	
729	
733	
736	
739	
742	
744	
745	
746	
749	
750	
751	
752	
756	
757	
758	
759	
759	
761	
763	
765	
765	
767	
768	
3183	
3192	
3195	
3199	
3207	
3214	
3221	
3228	
3231	
3236	
3239	
3243	
3251	
3260	
3268	
3275	
3279	
3282	
3286	
3293	
3300	
3302	
3306	
3309	
3311	
3313	
3318	
3323	
3331	
3336	
3337	
3339	
3340	
3349	
3351	
3355	
3355	
3357	
3360	
3365	
3369	
3373	
3380	
3381	
3388	
3392	
3394	
3400	
3404	
3406	
3409	
3412	
3413	
3419	
3424	
3430	
3434	
3435	
3440	
3443	
3446	
3449	
3451	
3456	
3457	
3460	
3463	
3464	
3469	
3471	
3476	
3478	
3480	
3480	
3482	
3482	
3484	
3485	
3487	
3492	
3493	
3495	
3498	
3501	
3504	
3506	
3510	
3512	
3512	
3513	
3516	
3520	
3526	
3528	
3532	
3534	
3538	
3540	
3542	
3544	
3018	
3019	
3020	
3020	
3021	
3026	
3028	
3031	
3032	
3034	
3035	
3036	
3036	
3038	
3040	
3041	
3043	
3046	
3047	
3051	
3054	
3055	
3056	
3058	
3058	
3061	
3063	
3063	
3063	
3064	
3065	
3067	
3068	
3070	
3072	
3072	
3075	
3079	
3082	
3082	
3085	
3087	
3089	
3091	
3091	
3091	
3094	
3096	
3096	
3097	
3099	
3101	
3102	
3104	
3105	
3105	
3106	
3109	
3112	
3115	
3118	
3120	
3120	
3122	
3124	
3126	
3128	
3131	
3132	
3132	
3133	
3134	
3135	
3138	
3138	
3141	
3142	
3142	
3144	
3145	
3145	
3148	
3150	
3151	
3153	
3158	
3158	
3159	
3160	
3162	
3163	
3164	
3165	
3165	
3168	
3168	
3171	
3172	
3173	
3174	
