n_interc	
0	
0	
0	
0	
0	
0	
0	
0	
0	
0	
0	
0	
0	
0	
0	
0	
0	
0	
0	
0	
0	
0	
0	
0	
0	
0	
0	
0	
0	
0	
0	
0	
0	
0	
0	
0	
0	
0	
0	
0	
0	
0	
0	
0	
0	
0	
0	
0	
0	
0	
0	
0	
0	
0	
0	
0	
1	
1	
1	
1	
1	
1	
1	
1	
1	
1	
1	
1	
1	
1	
1	
1	
1	
1	
1	
1	
2	
2	
2	
2	
3	
3	
3	
3	
3	
3	
3	
3	
3	
3	
3	
4	
4	
4	
5	
5	
5	
5	
6	
7	
68	
72	
74	
75	
75	
79	
79	
80	
83	
85	
88	
89	
93	
94	
95	
97	
97	
98	
100	
103	
103	
107	
107	
109	
111	
114	
115	
116	
119	
120	
124	
124	
125	
126	
129	
130	
132	
133	
136	
136	
136	
138	
138	
141	
142	
144	
147	
148	
148	
149	
152	
155	
157	
158	
160	
161	
164	
165	
167	
168	
170	
172	
174	
178	
180	
181	
181	
182	
187	
188	
188	
190	
194	
197	
198	
199	
200	
201	
204	
204	
206	
210	
210	
212	
213	
215	
217	
219	
220	
222	
223	
225	
226	
228	
230	
232	
234	
237	
238	
241	
526	
529	
533	
538	
543	
545	
546	
550	
553	
558	
561	
566	
571	
577	
581	
584	
588	
592	
592	
597	
603	
605	
608	
613	
619	
624	
626	
629	
635	
640	
640	
643	
645	
650	
654	
661	
662	
665	
667	
669	
674	
678	
680	
683	
690	
693	
695	
698	
700	
702	
708	
711	
713	
717	
719	
723	
724	
726	
727	
730	
733	
736	
739	
740	
742	
744	
744	
747	
748	
749	
751	
753	
755	
756	
758	
761	
761	
761	
764	
765	
767	
768	
769	
770	
771	
774	
775	
776	
777	
778	
778	
782	
782	
783	
784	
785	
785	
785	
785	
785	
3268	
3276	
3282	
3284	
3290	
3295	
3295	
3297	
3301	
3305	
3309	
3313	
3317	
3321	
3325	
3329	
3332	
3334	
3337	
3339	
3343	
3348	
3350	
3355	
3358	
3364	
3369	
3372	
3375	
3378	
3384	
3386	
3390	
3392	
3396	
3400	
3405	
3409	
3411	
3415	
3420	
3426	
3428	
3434	
3437	
3442	
3445	
3446	
3449	
3455	
3461	
3462	
3464	
3467	
3471	
3471	
3477	
3482	
3487	
3492	
3495	
3498	
3500	
3503	
3504	
3505	
3508	
3508	
3508	
3511	
3514	
3518	
3518	
3519	
3520	
3522	
3525	
3526	
3528	
3531	
3531	
3534	
3536	
3536	
3540	
3542	
3543	
3544	
3544	
3545	
3547	
3549	
3552	
3553	
3555	
3559	
3562	
3564	
3569	
3569	
3041	
3044	
3044	
3045	
3045	
3047	
3051	
3052	
3053	
3053	
3054	
3055	
3058	
3059	
3059	
3061	
3061	
3062	
3064	
3065	
3068	
3068	
3069	
3072	
3074	
3075	
3079	
3080	
3081	
3086	
3087	
3089	
3089	
3090	
3091	
3094	
3096	
3097	
3100	
3100	
3101	
3103	
3107	
3107	
3109	
3112	
3114	
3118	
3121	
3122	
3122	
3123	
3126	
3126	
3129	
3130	
3130	
3131	
3133	
3136	
3136	
3139	
3140	
3141	
3141	
3144	
3145	
3146	
3146	
3150	
3150	
3151	
3152	
3153	
3157	
3159	
3159	
3159	
3160	
3161	
3162	
3162	
3163	
3164	
3165	
3167	
3169	
3170	
3171	
3172	
3172	
3174	
3175	
3177	
3180	
3180	
3181	
3184	
3184	
3185	
