id	type	l1	l2	friction	risk	count	acc	
1	FAST	1	2	0.02151630826214646	0.0	0	53.83269803390556	
2	FAST	1	3	0.027987052819351734	0.0	0	37.18093086166826	
3	FAST	1	4	0.07302656972007415	0.0	0	13.059034086060908	
4	FAST	1	5	0.10800269310982086	0.0	0	8.97428071493053	
5	FAST	1	6	0.2005826597473596	0.0	0	4.230513760374448	
6	FAST	1	7	0.05791240055316788	0.0	0	24.202864887251145	
7	FAST	1	8	0.06855335822514483	0.0	0	14.016989678624153	
8	FAST	1	68	0.36490858423453987	0.048	0	4.4925808635067375	
9	FAST	1	69	0.40115801759656244	0.048	0	2.638165248767986	
10	FAST	1	70	0.423550267947518	0.048	0	2.0524994297875248	
11	FAST	1	71	0.44235053412726005	0.048	0	1.6270376140544907	
12	FAST	1	72	0.28733633203502157	0.0	0	3.8739733639569107	
13	FAST	1	73	0.1906077266698771	0.0	0	12.495537401488429	
14	FAST	1	74	0.20210142113627694	0.0	0	7.099253095367038	
15	FAST	1	75	0.2630703980821981	0.0	0	6.453379424936438	
16	FAST	1	76	0.3008008736105855	0.0	0	4.903365694117529	
17	FAST	1	77	0.3450902934942693	0.0	0	3.095068845514489	
18	FAST	1	78	0.36284036573475764	0.0	0	3.15438653622817	
19	FAST	2	3	0.007516752227496343	0.0	0	153.07861134662753	
20	FAST	2	4	0.05255626523813813	0.0	2	21.41412598359208	
21	FAST	2	5	0.08753238084772358	0.0	2	9.391950827690229	
22	FAST	2	6	0.18130277439888826	0.0	1	5.162720374467887	
23	FAST	2	7	0.06458409111532147	0.0	0	18.271266281229927	
24	FAST	2	8	0.04808305763328943	0.0	0	22.587524989104114	
25	FAST	2	23	0.24993272053144797	0.0	118	3.1959897714242786	
26	FAST	2	68	0.36470401260312413	0.048	64	3.680252202874875	
27	FAST	2	69	0.391780317504476	0.048	28	2.758159393275352	
28	FAST	2	70	0.4257275325971185	0.048	4	2.073774032226503	
29	FAST	2	71	0.43263050137245695	0.048	25	1.8439727684535014	
30	FAST	2	72	0.3002858035948819	0.0	0	3.277378587006652	
31	FAST	2	73	0.2035572098999793	0.0	0	9.447151461699294	
32	FAST	2	74	0.21505090436637914	0.0	0	6.584747680132902	
33	FAST	2	75	0.2760198696420584	0.0	0	5.538189837445559	
34	FAST	2	76	0.3137503451704458	0.0	0	4.186173864025253	
35	FAST	2	77	0.3580397650541296	0.0	0	2.9173318026912596	
36	FAST	3	4	0.04596140765847902	0.0	0	22.885221603561305	
37	FAST	3	5	0.08093752715814509	0.0	0	11.859077701210495	
38	FAST	3	6	0.18231210638901338	0.0	1	5.017865379431691	
39	FAST	3	7	0.06852057262560743	0.0	2	16.13746186019488	
40	FAST	3	8	0.04148820394371095	0.0	1	24.889149694449422	
41	FAST	3	23	0.253869190371492	0.0	264	3.034613946778533	
42	FAST	3	68	0.3624783762095865	0.048	181	3.350229692014989	
43	FAST	3	69	0.3866275625916361	0.048	38	2.952920573343024	
44	FAST	3	70	0.424054534998753	0.048	2	2.160912675915342	
45	FAST	3	71	0.42731742112785376	0.048	42	1.9338167596074358	
46	FAST	3	72	0.30422229677540974	0.0	0	3.1756917467871935	
47	FAST	3	73	0.20749369141026527	0.0	0	9.564019700462284	
48	FAST	3	74	0.2189873742064232	0.0	0	5.8811786984655825	
49	FAST	3	75	0.27995636282258624	0.0	0	5.08197295346657	
50	FAST	3	76	0.3176868383509737	0.0	0	4.237106409002001	
51	FAST	3	77	0.36197625823465746	0.0	0	2.8216686743341977	
52	FAST	4	5	0.03612179881582182	0.0	0	29.12052358165047	
53	FAST	4	6	0.131309053093839	0.0	2	7.568285036060278	
54	FAST	4	7	0.11268187659387058	0.0	0	9.999089039943213	
55	FAST	4	8	0.007503043583361338	0.0	1	206.0104042685836	
56	FAST	4	9	0.19906910328632327	0.0	148	3.7626772508923847	
57	FAST	4	23	0.20219244902298494	0.0	279	4.096988844271456	
58	FAST	4	24	0.1883962275027891	0.0	186	4.453069158443327	
59	FAST	4	68	0.38518730849483807	0.048	150	3.2893647568779416	
60	FAST	4	69	0.38862564188147486	0.048	233	3.0977231674191104	
61	FAST	4	71	0.42626530464684514	0.048	227	2.012325362218416	
62	FAST	4	73	0.25165497981820595	0.0	0	5.082126507474233	
63	FAST	4	74	0.26314868595484764	0.0	0	3.775078881779645	
64	FAST	4	75	0.32411765123052694	0.0	0	3.046091366416695	
65	FAST	4	76	0.36184812675891437	0.0	0	3.057760394957311	
66	FAST	5	6	0.09695465406038882	0.0	1	11.624907617681009	
67	FAST	5	7	0.1480079633072034	0.0	0	6.793303980248404	
68	FAST	5	8	0.04282913807685543	0.0	1	25.084741962182473	
69	FAST	5	9	0.1647147042528731	0.0	7	5.643789131308	
70	FAST	5	10	0.20580158024837855	0.0	6	4.002062443718371	
71	FAST	5	11	0.315176425388388	0.0	114	3.384142469199945	
72	FAST	5	23	0.1678380499895348	0.0	25	4.99289486426495	
73	FAST	5	24	0.1540418323594195	0.0	36	4.792093676382701	
74	FAST	5	25	0.21818540685428356	0.0	741	2.968140895762524	
75	FAST	5	68	0.41072317596004826	0.048	284	2.3877413462106496	
76	FAST	5	69	0.4016265693558544	0.048	446	2.1281766596543386	
77	FAST	5	71	0.4354848530175842	0.048	198	1.45535383393774	
78	FAST	5	73	0.2869810937621032	0.0	0	3.723312255463661	
79	FAST	5	74	0.2984747765582611	0.0	1	3.358508642797959	
80	FAST	5	75	0.3594437418339404	0.0	0	2.680770177405715	
81	FAST	6	7	0.22348282140222536	0.0	0	4.321286728401058	
82	FAST	6	8	0.1367366608602571	0.0	0	8.792565271253975	
83	FAST	6	9	0.07023925303818712	0.0	0	14.722958030801056	
84	FAST	6	10	0.11132612125353132	0.0	0	8.158832862858471	
85	FAST	6	11	0.2207009547232989	0.0	1	5.5691043506665086	
86	FAST	6	12	0.25762382228263525	0.0	0	3.7345724116768393	
87	FAST	6	23	0.1142018866986697	0.0	0	8.2210867384301	
88	FAST	6	24	0.1001154807239066	0.0	0	9.070436615435261	
89	FAST	6	25	0.16454923189317652	0.0	4	5.340439286524556	
90	FAST	6	26	0.15947391760864105	0.0	0	5.239823696209339	
91	FAST	7	8	0.10798518774699241	0.0	0	9.751824188920908	
92	FAST	7	23	0.2485729428477388	0.0	447	3.4525633427693294	
93	FAST	7	24	0.2631165461086946	0.0	139	3.1636052116240423	
94	FAST	7	68	0.40415430617655823	0.048	339	2.7066833375055808	
95	FAST	7	69	0.4403988038214797	0.048	246	1.5417487126490867	
96	FAST	7	72	0.25068690991330783	0.0	0	3.8721688658390483	
97	FAST	7	73	0.15395831621840525	0.0	0	9.364095398044979	
98	FAST	7	74	0.16545201068480506	0.0	0	7.548490042888013	
99	FAST	7	75	0.22642097596048436	0.0	0	5.038304414419333	
100	FAST	7	76	0.26415145148887176	0.0	0	4.076138364346909	
101	FAST	8	9	0.20593583471103105	0.0	14	3.9728698387072194	
102	FAST	8	23	0.20905918044769273	0.0	20	4.032352363753554	
103	FAST	8	24	0.19526296281757746	0.0	5	4.326061446042916	
104	FAST	8	68	0.381788758681206	0.048	13	3.386094377591973	
105	FAST	8	69	0.3874760334580042	0.048	21	2.7551530744343227	
106	FAST	8	71	0.4256121061407696	0.048	6	2.1178413876731406	
107	FAST	8	72	0.34401116178742613	0.0	0	2.604006125756015	
108	FAST	8	73	0.2472825797627654	0.0	0	5.727603303131816	
109	FAST	8	74	0.25877625866884274	0.0	0	4.005645971502957	
110	FAST	8	75	0.3197452278346027	0.0	0	3.280101388025805	
111	FAST	8	76	0.3574757033629901	0.0	0	3.188054419608467	
112	FAST	9	10	0.042910483552879006	0.0	1	26.576339971806725	
113	FAST	9	11	0.15228532869288847	0.0	0	8.899762503064157	
114	FAST	9	12	0.18920818458198294	0.0	0	5.918007595761012	
115	FAST	9	13	0.22995744825989792	0.0	0	4.549616658185188	
116	FAST	9	14	0.25331769753086336	0.0	0	3.1432961799093926	
117	FAST	9	15	0.24757465090643752	0.0	0	2.9560211220658785	
118	FAST	9	23	0.17921559053844677	0.0	1	6.355099458035361	
119	FAST	9	24	0.16512918067360308	0.0	0	7.884692018936548	
120	FAST	9	25	0.17977600333395677	0.0	0	8.257250274086992	
121	FAST	9	26	0.09105827990798876	0.0	0	11.971556470891136	
122	FAST	9	27	0.17848346569391205	0.0	52	5.259760569546012	
123	FAST	9	29	0.1855811706559399	0.0	115	5.395946739290887	
124	FAST	10	11	0.10937484514000945	0.0	0	9.761840174958795	
125	FAST	10	12	0.1462977010291039	0.0	0	7.4104365594508534	
126	FAST	10	13	0.18704696470701887	0.0	0	5.298334859500137	
127	FAST	10	14	0.21040721786806496	0.0	0	3.868750481533012	
128	FAST	10	15	0.2046641673535585	0.0	0	3.684351868180332	
129	FAST	10	16	0.20323672949747695	0.0	0	3.3896830000611953	
130	FAST	10	23	0.213153638132304	0.0	3	5.099147191665339	
131	FAST	10	24	0.199016878953885	0.0	0	5.698207332886893	
132	FAST	10	25	0.13705416535107862	0.0	0	9.100611091261117	
133	FAST	10	26	0.04814779635510974	0.0	0	21.2828207376359	
134	FAST	10	27	0.1355729938112749	0.0	4	8.774870780812892	
135	FAST	10	29	0.14267068710306088	0.0	2	7.775025706900503	
136	FAST	11	12	0.0364924262477068	0.0	0	29.675256997073035	
137	FAST	11	13	0.07678160230952209	0.0	0	13.272793163644659	
138	FAST	11	14	0.1121667443368769	0.0	0	9.342115187114077	
139	FAST	11	15	0.13120902745063714	0.0	0	7.87369996640052	
140	FAST	11	16	0.21670056307836655	0.0	1	4.612913193127563	
141	FAST	11	24	0.31300570982660975	0.0	0	2.4202925593207882	
142	FAST	11	25	0.2510430001138839	0.0	0	3.751957396184767	
143	FAST	11	26	0.0629029032998397	0.0	0	13.772451313174326	
144	FAST	11	27	0.15032809297584365	0.0	88	5.276050917163762	
145	FAST	11	29	0.1574258018279521	0.0	26	4.921543850572636	
146	FAST	11	31	0.2612748846871239	0.0	0	3.528084394441312	
147	FAST	12	13	0.041186765485885346	0.0	0	26.02395088022586	
148	FAST	12	14	0.0765719114033208	0.0	0	15.194915551858303	
149	FAST	12	15	0.09561419451708102	0.0	0	11.514895758008198	
150	FAST	12	16	0.14372326122945295	0.0	0	7.636559059872416	
151	FAST	12	26	0.09403059326424705	0.0	0	10.777124874197636	
152	FAST	12	27	0.1814557907204122	0.0	0	5.135413154840639	
153	FAST	12	29	0.18855348401219818	0.0	0	4.66193016979057	
154	FAST	12	31	0.19481717124778766	0.0	0	4.285748260800742	
155	FAST	13	14	0.035643937421330284	0.0	0	29.536153737717047	
156	FAST	13	15	0.05468622442517113	0.0	0	19.89262447552482	
157	FAST	13	16	0.10279528335738179	0.0	0	9.76801773952663	
158	FAST	13	26	0.13496519205354798	0.0	0	7.311938670245005	
159	FAST	13	27	0.22239038950971318	0.0	0	4.068031090206053	
160	FAST	13	29	0.22948808669157972	0.0	0	4.396688191239945	
161	FAST	13	31	0.15388919337571655	0.0	0	5.8247240525830275	
162	FAST	14	15	0.019130319528464904	0.0	0	59.50387240095572	
163	FAST	14	16	0.06723938624083681	0.0	0	17.28821483907552	
164	FAST	14	26	0.1630868027618412	0.0	0	6.59434316013468	
165	FAST	14	27	0.2503014029230186	0.0	0	4.050919884085108	
166	FAST	14	29	0.25739912344536897	0.0	0	3.8902171841246727	
167	FAST	14	31	0.1183333001492522	0.0	0	8.22999207613259	
168	FAST	14	32	0.21194727355834295	0.0	0	3.2956043743605155	
169	FAST	15	16	0.048585982817270716	0.0	0	24.550528747424742	
170	FAST	15	26	0.15747477794306555	0.0	0	6.127332875616933	
171	FAST	15	27	0.244689378104243	0.0	0	3.8448498683400882	
172	FAST	15	29	0.25178707528610955	0.0	0	4.240645609937888	
173	FAST	15	31	0.09967989283560547	0.0	0	9.091951986361295	
174	FAST	15	32	0.1932938779149381	0.0	0	4.352348960210754	
175	FAST	16	26	0.15613073174541822	0.0	0	5.122415565665191	
176	FAST	16	27	0.24334533190659563	0.0	0	4.514898901821877	
177	FAST	16	29	0.250443052428946	0.0	0	3.9298500383337878	
178	FAST	16	31	0.05291526521902438	0.0	0	20.07715278052431	
179	FAST	16	32	0.14652924640827636	0.0	1	6.049902998805746	
180	FAST	17	18	0.144492633596006	0.0	0	6.707341993926128	
181	FAST	17	19	0.20948451408345695	0.0	2	4.5409635905093495	
182	FAST	17	20	0.22112509410431017	0.0	1	3.5225750079417533	
183	FAST	17	21	0.2301959607734761	0.0	13	4.389797490510778	
184	FAST	18	19	0.06547912086633792	0.0	1	17.95298114579444	
185	FAST	18	20	0.07711971255743301	0.0	1	14.18725445677497	
186	FAST	18	21	0.08619056366627643	0.0	13	13.774063083074983	
187	FAST	18	22	0.11826343430116347	0.0	0	8.466689994842833	
188	FAST	18	23	0.2031332533527576	0.0	10	4.780226453663366	
189	FAST	18	24	0.21725088889480668	0.0	0	4.2308074283785535	
190	FAST	19	20	0.0557718564567446	0.0	3	16.69497874843939	
191	FAST	19	21	0.020826386902350846	0.0	24	48.26526051810532	
192	FAST	19	22	0.052899253647157266	0.0	0	18.994950861816136	
193	FAST	19	23	0.18178540114214978	0.0	229	4.884005535631032	
194	FAST	19	24	0.19590302501395698	0.0	111	4.111461888571629	
195	FAST	19	25	0.25918542512951476	0.0	23	3.4819322561876858	
196	FAST	20	21	0.051960300995763854	0.0	25	18.67762192219609	
197	FAST	20	22	0.057609725049702395	0.0	1	18.775136857916934	
198	FAST	20	23	0.12831906321120456	0.0	9	8.406412543401348	
199	FAST	20	24	0.14243669875325368	0.0	4	6.788097769506618	
200	FAST	20	25	0.20571908719856957	0.0	6	4.601079680976989	
201	FAST	21	22	0.03241731782414188	0.0	18	30.730544840182333	
202	FAST	21	23	0.177942145414127	0.0	118	4.2768876118282515	
203	FAST	21	24	0.1920597848462567	0.0	78	4.360149939662581	
204	FAST	21	25	0.25534216940149196	0.0	52	3.3878612676735567	
205	FAST	22	23	0.18354915202889183	0.0	797	4.592908733563568	
206	FAST	22	24	0.19766678757094094	0.0	123	4.457606230444179	
207	FAST	22	25	0.2609491876864987	0.0	40	3.880175313080037	
208	FAST	23	24	0.014785710209034767	0.0	1	70.87993697820282	
209	FAST	23	25	0.07806810643451191	0.0	1	12.449879420683878	
210	FAST	23	26	0.26582657077857297	0.0	0	3.5980194315458753	
211	FAST	24	25	0.06401010971857911	0.0	2	14.57065941314699	
212	FAST	24	26	0.25176857017255955	0.0	0	4.383024591538644	
213	FAST	24	27	0.3391937559584829	0.0	49	3.3934786154068965	
214	FAST	25	26	0.1896613206239994	0.0	0	5.654534402236726	
215	FAST	25	27	0.2770865064099227	0.0	4	4.625067658633069	
216	FAST	25	29	0.28418422304219243	0.0	2	4.5032593726817645	
217	FAST	25	30	0.4521379951502652	0.0	631	2.1047925884185936	
218	FAST	26	27	0.08793642018212716	0.0	0	10.553507790011626	
219	FAST	26	29	0.09503412125407436	0.0	0	9.846939772351229	
220	FAST	26	31	0.2001531209344359	0.0	0	3.9499162855219274	
221	FAST	27	29	0.009295402123045745	0.0	0	118.13495421324043	
222	FAST	27	30	0.1772491897914411	0.0	204	4.26107733829064	
223	FAST	27	31	0.28774323446876776	0.0	0	3.455137795255738	
224	FAST	28	30	0.15944353607893208	0.0	422	5.69673803363937	
225	FAST	29	30	0.16795380711879848	0.0	154	4.226707770287974	
226	FAST	29	31	0.2954023675373496	0.0	0	3.5672798177436853	
227	FAST	31	32	0.09361397729917137	0.0	0	10.891049293431834	
228	FAST	31	33	0.20448155529861253	0.0	0	3.701047402447114	
229	FAST	32	33	0.11533800808672107	0.0	1	8.555685667657253	
230	FAST	32	34	0.21282922874836685	0.0	1	4.0904386639383485	
231	FAST	32	35	0.1856925008734483	0.0	9	4.584247658679912	
232	FAST	33	34	0.09994297898851423	0.0	3	9.691861722351726	
233	FAST	33	35	0.08939985684434527	0.0	2	11.628193995741416	
234	FAST	33	36	0.23577195177538954	0.0	7	3.70428601031867	
235	FAST	33	43	0.21187265792180676	0.0	2	4.030284610654196	
236	FAST	33	44	0.23313834384937832	0.0	3	3.3616429191028967	
237	FAST	34	35	0.07425086367565223	0.0	17	12.77247969004705	
238	FAST	34	36	0.22119958914834686	0.0	1157	2.5895461043895476	
239	FAST	34	40	0.21309968660406667	0.0	71	3.740102354065114	
240	FAST	34	41	0.19701331626663482	0.0	37	4.141306935131577	
241	FAST	34	42	0.19652467156864095	0.0	6	6.0772161532704905	
242	FAST	34	43	0.11495453171851999	0.0	1	10.172502973261455	
243	FAST	34	44	0.1362202176460916	0.0	1	7.509322434249858	
244	FAST	34	45	0.17083477360173724	0.0	1	6.472795584016319	
245	FAST	34	46	0.1415772009986984	0.0	0	7.469149741081991	
246	FAST	34	47	0.2729031837234328	0.0	1	3.932766654536956	
247	FAST	34	48	0.30365908701192784	0.0	1	3.028325623648691	
248	FAST	34	49	0.2550983585980977	0.0	1	3.564280536753883	
249	FAST	34	63	0.41350450727089905	0.048	1289	1.518722191440278	
250	FAST	35	36	0.15314777123847956	0.0	7	6.1709782920066765	
251	FAST	35	37	0.18349454307702828	0.0	77	3.7319477715350073	
252	FAST	35	40	0.18010409662424917	0.0	0	4.144014974493258	
253	FAST	35	41	0.1906017709564348	0.0	0	4.261167039124215	
254	FAST	35	42	0.2441990567814982	0.0	1	5.061753897177709	
255	FAST	35	43	0.16262891693137727	0.0	16	5.850374283146746	
256	FAST	35	44	0.18389460285894885	0.0	19	4.392372486972435	
257	FAST	35	45	0.21850915881459448	0.0	18	3.51700045198529	
258	FAST	35	46	0.18925158232147501	0.0	6	4.083369941123316	
259	FAST	36	37	0.03814278128412667	0.0	47	26.54003054157267	
260	FAST	36	38	0.11676273844668511	0.0	111	8.608478212107821	
261	FAST	36	39	0.19725989680743664	0.0	1026	3.197481446027081	
262	FAST	36	40	0.1635373363399172	0.0	1	9.286423490269465	
263	FAST	36	41	0.3269651669101407	0.0	4	5.360375300439212	
264	FAST	36	42	0.39092006082427827	0.0	5	2.901077667556114	
265	FAST	37	38	0.08093381602122546	0.0	22	14.277154500648521	
266	FAST	37	39	0.15061684588073954	0.0	11	5.241879332254232	
267	FAST	37	40	0.14019839693063493	0.0	33	8.232884844520038	
268	FAST	37	41	0.3579232571393046	0.0	39	4.749149996632728	
269	FAST	37	42	0.4218781277129583	0.0	73	2.5409872888751246	
270	FAST	38	39	0.08372419808664779	0.0	1	10.030691430165033	
271	FAST	38	40	0.11208962348841593	0.0	24	8.974550520620774	
272	FAST	38	41	0.40779445257479646	0.0	21	3.883599298017408	
273	FAST	38	42	0.46110764581155694	0.0	582	1.7972212429103078	
274	FAST	39	40	0.19341849275779302	0.0	39	4.111181382986416	
275	FAST	39	41	0.48912332573425416	0.0	22	1.9836845548730275	
276	FAST	40	41	0.2986730228472532	0.0	0	21.566864399392895	
277	FAST	40	42	0.3519861888534493	0.0	0	5.169520458803662	
278	FAST	40	43	0.30170619262486453	0.0	411	2.613647148443939	
279	FAST	41	42	0.25357444285234754	0.0	0	8.975809083682035	
280	FAST	41	43	0.20648708636666077	0.0	43	4.2026311440549176	
281	FAST	41	44	0.22937622353302517	0.0	1	3.1742051279964794	
282	FAST	41	46	0.2310540153081182	0.0	0	4.031777432966722	
283	FAST	42	43	0.11780820928584947	0.0	67	8.596127256441703	
284	FAST	42	44	0.13084020112608316	0.0	2	7.170503946177781	
285	FAST	42	45	0.16679591294946913	0.0	234	5.686798070552126	
286	FAST	42	46	0.1325179929011762	0.0	0	9.230953267883216	
287	FAST	42	47	0.24937123796376515	0.0	351	2.820911102360734	
288	FAST	42	49	0.20710935144416465	0.0	0	3.819953267527608	
289	FAST	43	44	0.023101644490940768	0.0	1	50.446430913346454	
290	FAST	43	45	0.05771618877634452	0.0	2	17.384028005095054	
291	FAST	43	46	0.0288340089539606	0.0	1	42.61298850700258	
292	FAST	43	47	0.159784610568282	0.0	1	6.864992682651779	
293	FAST	43	48	0.19054051385677703	0.0	1	5.840607968884179	
294	FAST	43	49	0.14197978544294687	0.0	0	7.942773680316907	
295	FAST	43	63	0.3923885515678148	0.048	532	2.4745135961789977	
296	FAST	44	45	0.03650977211722949	0.0	4	29.17970470434458	
297	FAST	44	46	0.02575993886862073	0.0	0	49.21702415762683	
298	FAST	44	47	0.14086488833480484	0.0	1	8.839940672051544	
299	FAST	44	48	0.171620779953058	0.0	3	7.496067569522269	
300	FAST	44	49	0.12306006320946969	0.0	0	10.572225534845053	
301	FAST	44	50	0.2795338767258421	0.0	0	3.328489579770772	
302	FAST	44	54	0.4062621031342436	0.0	0	2.3010208392493383	
303	FAST	44	63	0.3774616757931424	0.048	19	3.1710655568210253	
304	FAST	45	46	0.05900224943214269	0.0	1	20.878418297910127	
305	FAST	45	47	0.11029916330807826	0.0	1	17.48658367186964	
306	FAST	45	48	0.1410550549263314	0.0	2	9.581714411305176	
307	FAST	45	49	0.07388850655518356	0.0	1	15.60248324385431	
308	FAST	45	50	0.2303623317417979	0.0	0	4.684082326746514	
309	FAST	45	52	0.29512067512879453	0.0	0	3.227560236375048	
310	FAST	45	53	0.3237251926661545	0.0	0	3.1337524038254183	
311	FAST	45	54	0.3570905581501994	0.0	1	3.975100687930161	
312	FAST	45	56	0.4526480314016355	0.0	2	2.0465810255182926	
313	FAST	45	63	0.3512879165346726	0.048	249	4.647920815156281	
314	FAST	46	47	0.15177768484110474	0.0	1	8.548291994149535	
315	FAST	46	48	0.1825335725692773	0.0	0	6.521500495743752	
316	FAST	46	49	0.1095157983215043	0.0	1	9.473139454148507	
317	FAST	47	48	0.033308403033401005	0.0	0	33.86928343481957	
318	FAST	47	49	0.04335293354340888	0.0	1	26.09317158926268	
319	FAST	47	50	0.13698732987579948	0.0	0	8.00993338580397	
320	FAST	47	51	0.1911754722673719	0.0	0	4.505064279962812	
321	FAST	47	52	0.21128708019471065	0.0	0	5.0739264477031965	
322	FAST	47	53	0.2398915977320707	0.0	0	5.121109468196551	
323	FAST	47	54	0.2732569865565993	0.0	0	5.171420962319572	
324	FAST	47	56	0.3688144364675517	0.0	1	2.658533885085791	
325	FAST	47	63	0.32931771848225994	0.048	355	6.460755560726302	
326	FAST	48	49	0.07429681330803665	0.0	0	22.805000520329372	
327	FAST	48	50	0.10466340899746844	0.0	0	9.988682842185819	
328	FAST	48	51	0.15885155138904086	0.0	0	6.192802918985072	
329	FAST	48	52	0.17896317098662154	0.0	0	7.1347404704345605	
330	FAST	48	53	0.2075677001942234	0.0	0	6.65419466881354	
331	FAST	48	54	0.2409330695683489	0.0	0	6.615232933291319	
332	FAST	48	55	0.31065396158262065	0.0	1	2.6771643331400345	
333	FAST	48	56	0.33649051558922066	0.0	0	3.399272905267391	
334	FAST	48	63	0.33176830010421277	0.048	6	5.658937178230256	
335	FAST	49	50	0.1566683642287674	0.0	0	6.536853407419317	
336	FAST	49	51	0.1845573986865216	0.0	0	4.383923041642063	
337	FAST	49	52	0.22142669594552217	0.0	0	4.234365254451259	
338	FAST	49	53	0.25003121348288215	0.0	0	3.82627648696332	
339	FAST	49	54	0.28339660619749146	0.0	0	3.4108916312748416	
340	FAST	50	51	0.08115968188268026	0.0	0	13.90346479877438	
341	FAST	50	52	0.07399500529255132	0.0	0	19.513154793819325	
342	FAST	50	53	0.10259952671999197	0.0	0	14.890145370706902	
343	FAST	50	54	0.13596489609411744	0.0	0	9.125514440039861	
344	FAST	50	55	0.20568579977863108	0.0	0	4.294800511871023	
345	FAST	50	56	0.2315223537852311	0.0	0	4.826616043341306	
346	FAST	50	57	0.28310399822269255	0.0	0	2.8191527222165633	
347	FAST	51	52	0.0866936794642085	0.0	0	13.133523015604379	
348	FAST	51	53	0.1152981970015685	0.0	0	8.26820283945748	
349	FAST	51	54	0.14866356637569397	0.0	0	5.94070030026688	
350	FAST	51	55	0.21838445838996573	0.0	0	3.942220621124642	
351	FAST	51	56	0.2442210123965657	0.0	0	3.4332179763504294	
352	FAST	52	53	0.027119747672974932	0.0	0	36.012410758626096	
353	FAST	52	54	0.06466182659652175	0.0	0	16.520292129265542	
354	FAST	52	55	0.13438272639095475	0.0	0	7.377922300984915	
355	FAST	52	56	0.16021928039755476	0.0	0	6.014177315875684	
356	FAST	52	57	0.2118009365052582	0.0	0	3.55293759245879	
357	FAST	53	54	0.03255763303241363	0.0	0	31.722302065016926	
358	FAST	53	55	0.1392847375834884	0.0	0	9.461823061937181	
359	FAST	53	56	0.12811509072352725	0.0	0	8.564234557286447	
360	FAST	53	57	0.1796967429411501	0.0	0	4.476752295465453	
361	FAST	53	58	0.2558494359154547	0.0	0	2.9530105964939186	
362	FAST	53	63	0.337184139804537	0.048	0	5.879096876895067	
363	FAST	54	55	0.09882882488577224	0.0	0	9.817642762460864	
364	FAST	54	56	0.09594506921502285	0.0	0	12.070619790042466	
365	FAST	54	57	0.14752673699296817	0.0	0	7.1717005069122655	
366	FAST	54	58	0.2236794182970309	0.0	0	3.615987626986031	
367	FAST	54	59	0.23363279643775064	0.0	0	3.2889329098923645	
368	FAST	54	63	0.31193667033525635	0.048	1	8.831401099138736	
369	FAST	55	56	0.10245118238530287	0.0	0	14.432549338375926	
370	FAST	55	57	0.11688081406400345	0.0	0	10.519708017190915	
371	FAST	55	58	0.19303349536806622	0.0	1	5.521246409632411	
372	FAST	55	59	0.15404239253103003	0.0	0	5.3885744609949064	
373	FAST	55	60	0.199998124561872	0.0	0	4.485185971888247	
374	FAST	55	61	0.21647929140213404	0.0	0	3.456845236497261	
375	FAST	56	57	0.051750960196819136	0.0	1	18.754493483840875	
376	FAST	56	58	0.12790363761080126	0.0	0	7.77136355140611	
377	FAST	56	59	0.1378570196416016	0.0	0	5.853007122022611	
378	FAST	56	60	0.1863277627103322	0.0	0	3.7632947197475524	
379	FAST	56	61	0.2295672264918869	0.0	0	3.0207283562456477	
380	FAST	56	63	0.3399620284812417	0.048	1	6.055112059817349	
381	FAST	56	64	0.38634472259083835	0.048	1	3.35377356822555	
382	FAST	56	65	0.43919115018064	0.048	0	1.6423542754811171	
383	FAST	56	67	0.42103726473208475	0.048	0	2.0301261974302167	
384	FAST	57	58	0.07675344979601327	0.0	0	14.365076440484883	
385	FAST	57	59	0.08670683571689426	0.0	0	12.002694610316007	
386	FAST	57	60	0.13517757878562484	0.0	0	7.49040788081179	
387	FAST	57	61	0.17841704256717958	0.0	0	4.565198139244553	
388	FAST	57	63	0.384340773682992	0.048	0	3.0579778343414357	
389	FAST	57	64	0.3412958770645092	0.048	0	5.176079402488582	
390	FAST	57	65	0.38984504348251814	0.048	0	2.8792068971797056	
391	FAST	57	66	0.42780336506585737	0.048	1	1.9445575953877625	
392	FAST	57	67	0.37333280038000694	0.048	0	4.029691466562178	
393	FAST	58	59	0.07200593315564248	0.0	0	17.36750955163405	
394	FAST	58	60	0.08743951295287825	0.0	0	11.793301780341817	
395	FAST	58	61	0.1310579211587018	0.0	0	8.263593686214662	
396	FAST	58	62	0.255370979338627	0.0	0	3.718074229397723	
397	FAST	58	63	0.42867785119451274	0.048	0	1.8698657646074486	
398	FAST	58	64	0.2815888030664809	0.048	0	18.392376185948176	
399	FAST	58	65	0.3403573143357273	0.048	0	5.487636750681948	
400	FAST	58	66	0.39043847436779794	0.048	1	3.112000267576797	
401	FAST	58	67	0.31576294598180515	0.048	0	8.331627860781127	
402	FAST	59	60	0.049577043098683535	0.0	0	21.834462524971674	
403	FAST	59	61	0.09281650299015765	0.0	0	10.935803423054974	
404	FAST	59	62	0.19190307683821625	0.0	0	5.126824320893126	
405	FAST	60	61	0.04366750880351709	0.0	0	28.05465486596909	
406	FAST	60	62	0.16798056309336168	0.0	0	6.596045735501803	
407	FAST	61	62	0.1284738884202208	0.0	0	10.792625279340196	
408	FAST	61	64	0.34189073151411264	0.048	0	5.243085224780408	
409	FAST	61	65	0.27660027650124386	0.048	0	22.258011200814902	
410	FAST	61	66	0.2846057362515169	0.048	0	17.306731230414712	
411	FAST	61	67	0.313713359586781	0.048	0	8.79620356091779	
412	FAST	62	64	0.4213812504185731	0.048	0	2.157102209144077	
413	FAST	62	65	0.3530950978131749	0.048	0	4.617960771292287	
414	FAST	62	66	0.29304974429611425	0.048	0	13.660035838859194	
415	FAST	62	67	0.39218104977363377	0.048	0	3.0702787680595893	
416	FAST	64	65	0.3208596406357785	0.048	0	7.352422025266748	
417	FAST	64	66	0.37832092189058875	0.048	0	3.542394903763802	
418	FAST	64	67	0.28711509697401516	0.048	0	16.792924399261093	
419	FAST	65	66	0.30802592284334046	0.048	0	9.28578946129954	
420	FAST	65	67	0.2869529669048198	0.048	0	13.580209943745661	
421	FAST	66	67	0.34723302916346765	0.048	0	5.413308359188874	
422	FAST	68	69	0.31961417983176404	0.048	0	7.5479951062404265	
423	FAST	68	70	0.31025070892562745	0.048	0	9.341286492777423	
424	FAST	68	71	0.35282413558903386	0.048	0	4.795746665890767	
425	FAST	68	73	0.3499823949333256	0.048	0	4.724068443415421	
426	FAST	68	74	0.36326856556838494	0.048	0	4.456326888154764	
427	FAST	68	75	0.32293415966345773	0.048	0	7.012049382532573	
428	FAST	68	76	0.3043083788413486	0.048	0	10.180999173283144	
429	FAST	68	77	0.3277074185209801	0.048	0	6.7811653925070585	
430	FAST	68	78	0.3537868345681008	0.048	0	4.273253580696818	
431	FAST	69	70	0.35016734253612003	0.048	0	5.06533668990992	
432	FAST	69	71	0.2889421904033205	0.048	0	14.781581960087344	
433	FAST	69	73	0.409725032299345	0.048	0	2.065168968747581	
434	FAST	69	74	0.43146268347934347	0.048	1	1.7552378416171326	
435	FAST	69	75	0.3940090006189977	0.048	0	3.034733527903732	
436	FAST	69	76	0.375242522649161	0.048	0	3.321661955448772	
437	FAST	69	77	0.3880713581061336	0.048	0	2.9654292807866094	
438	FAST	69	78	0.4118340394161036	0.048	0	2.111148656952746	
439	FAST	70	71	0.36321139206122	0.048	0	4.549942377672844	
440	FAST	70	73	0.39483539525942135	0.048	0	2.62568627051461	
441	FAST	70	74	0.39209968574495196	0.048	0	2.6138343466785385	
442	FAST	70	75	0.3479917875872324	0.048	0	5.130616834859305	
443	FAST	70	76	0.3135398879049619	0.048	0	9.591460710085197	
444	FAST	70	77	0.29472060910445375	0.048	0	12.448025341920257	
445	FAST	70	78	0.31277550312885255	0.048	0	8.3367494239885	
446	FAST	71	75	0.4279180643201304	0.048	0	2.065284285553459	
447	FAST	71	76	0.404332513209376	0.048	0	2.6979277915688233	
448	FAST	71	77	0.40759504955365466	0.048	0	2.512705286996796	
449	FAST	71	78	0.4282032219443983	0.048	0	1.901826836105104	
450	FAST	72	73	0.14025606737595317	0.0	0	8.530657507068799	
451	FAST	72	74	0.08725546934826098	0.0	0	11.74943661242993	
452	FAST	72	75	0.06345545813248002	0.0	0	18.205687579103945	
453	FAST	72	76	0.04017865109099696	0.0	0	25.000391280032137	
454	FAST	72	77	0.04570755266690181	0.0	0	24.307398132663522	
455	FAST	72	78	0.06345764046771263	0.0	0	19.75353406389346	
456	FAST	73	74	0.05432577344421043	0.0	0	24.164975827992723	
457	FAST	73	75	0.11529474650005098	0.0	0	15.841808873499524	
458	FAST	73	76	0.1530252220284384	0.0	0	9.587994671275919	
459	FAST	73	77	0.19731463802204155	0.0	0	5.169006927833499	
460	FAST	73	78	0.21506473749309424	0.0	0	4.466071358849832	
461	FAST	74	75	0.0623156956289603	0.0	0	21.05612443254277	
462	FAST	74	76	0.10004617115734774	0.0	0	11.12101963382103	
463	FAST	74	77	0.14433558326087026	0.0	0	6.9137972024615895	
464	FAST	74	78	0.16208567884184233	0.0	0	6.533589493830415	
465	FAST	75	76	0.042285826075788555	0.0	0	26.03828940016479	
466	FAST	75	77	0.087860882596482	0.0	0	11.68649555565368	
467	FAST	75	78	0.10561097428737345	0.0	0	9.51234247319576	
468	FAST	76	77	0.06410468924890102	0.0	0	21.049248721141467	
469	FAST	76	78	0.08185477704971184	0.0	0	14.307352017869544	
470	FAST	77	78	0.02740920468246461	0.0	0	34.452691832275534	
471	FAST	21	79	0.3263722036201056	0.0	339	1.6336102579814413	
472	FAST	22	79	0.2724240050332713	0.0	358	1.7594104552166245	
473	FAST	19	79	0.3270166632235132	0.0	341	1.3563698953715702	
474	FAST	39	80	0.2278446457016586	0.0	297	2.1040809149302317	
475	FAST	38	80	0.354720290285756	0.0	302	1.0293314362212131	
476	FAST	40	80	0.43470153058196376	0.0	397	0.6457013524307907	
477	FAST	30	81	0.31001264904344533	0.0	352	1.3959879861680942	
478	FAST	28	81	0.3143462049039352	0.0	267	1.0811561829763774	
479	FAST	22	81	0.313491005371912	0.0	601	1.1994742881343048	
480	FAST	28	82	0.20808530620026802	0.0	260	3.0527553957098488	
481	FAST	30	82	0.27341449192049566	0.0	424	1.3525212713748211	
482	FAST	39	82	0.5093819603513416	0.0	432	0.4242985530735541	
483	FAST	39	83	0.1972249440715592	0.0	370	2.8027706243200092	
484	FAST	38	83	0.34255812166113153	0.0	421	1.4275436521319915	
485	FAST	37	83	0.29564078788036524	0.0	306	1.1455584245478163	
