n_interc	
0	
0	
0	
0	
0	
0	
0	
0	
0	
0	
0	
0	
0	
0	
0	
0	
0	
0	
0	
0	
0	
0	
0	
0	
0	
0	
0	
0	
0	
0	
0	
0	
0	
0	
0	
0	
0	
0	
0	
0	
0	
0	
0	
0	
0	
0	
0	
0	
0	
0	
0	
0	
0	
0	
0	
0	
0	
0	
0	
0	
0	
0	
0	
0	
0	
0	
0	
1	
1	
1	
1	
1	
1	
1	
1	
1	
1	
1	
1	
1	
1	
2	
2	
2	
2	
2	
2	
2	
2	
3	
3	
3	
4	
5	
5	
5	
5	
5	
5	
5	
64	
66	
68	
72	
72	
73	
74	
77	
78	
80	
81	
82	
84	
86	
91	
91	
92	
92	
96	
98	
99	
103	
104	
105	
105	
106	
108	
109	
109	
113	
115	
117	
119	
122	
124	
125	
127	
129	
131	
131	
133	
133	
134	
137	
138	
139	
142	
145	
146	
149	
150	
154	
157	
158	
158	
162	
164	
164	
165	
169	
170	
170	
175	
175	
177	
180	
181	
182	
185	
185	
187	
189	
189	
191	
192	
196	
197	
200	
201	
202	
203	
205	
207	
209	
211	
213	
213	
216	
218	
220	
222	
223	
225	
226	
227	
229	
232	
234	
237	
239	
525	
528	
532	
534	
538	
541	
544	
549	
553	
557	
560	
563	
567	
570	
575	
580	
582	
588	
590	
594	
599	
601	
605	
609	
614	
616	
620	
622	
626	
630	
635	
640	
643	
647	
650	
653	
655	
660	
663	
667	
671	
677	
683	
685	
685	
689	
691	
694	
699	
702	
704	
708	
709	
712	
717	
718	
721	
723	
727	
728	
731	
735	
735	
739	
743	
746	
747	
750	
751	
753	
754	
756	
759	
759	
761	
763	
764	
766	
767	
768	
769	
774	
774	
775	
776	
777	
779	
781	
782	
782	
783	
783	
786	
786	
787	
788	
790	
792	
794	
794	
3284	
3288	
3291	
3294	
3299	
3305	
3309	
3317	
3319	
3324	
3330	
3334	
3341	
3344	
3346	
3350	
3353	
3355	
3358	
3359	
3362	
3364	
3370	
3376	
3378	
3381	
3388	
3391	
3397	
3401	
3404	
3409	
3416	
3421	
3427	
3434	
3436	
3439	
3448	
3451	
3455	
3456	
3458	
3460	
3463	
3467	
3470	
3473	
3478	
3485	
3488	
3493	
3494	
3497	
3500	
3500	
3501	
3503	
3508	
3509	
3512	
3515	
3518	
3519	
3524	
3524	
3526	
3535	
3536	
3540	
3544	
3546	
3549	
3550	
3554	
3555	
3557	
3559	
3560	
3561	
3561	
3564	
3566	
3570	
3576	
3579	
3579	
3581	
3582	
3584	
3584	
3586	
3589	
3590	
3592	
3593	
3595	
3597	
3597	
3598	
3067	
3068	
3068	
3068	
3069	
3071	
3072	
3073	
3075	
3076	
3078	
3080	
3080	
3080	
3082	
3084	
3084	
3087	
3088	
3090	
3090	
3092	
3092	
3093	
3093	
3094	
3097	
3098	
3100	
3101	
3104	
3106	
3108	
3109	
3110	
3111	
3115	
3120	
3122	
3123	
3124	
3125	
3126	
3126	
3127	
3127	
3128	
3129	
3132	
3134	
3136	
3136	
3138	
3142	
3144	
3146	
3148	
3149	
3152	
3153	
3155	
3156	
3159	
3161	
3162	
3165	
3166	
3169	
3169	
3171	
3172	
3176	
3177	
3177	
3179	
3180	
3181	
3182	
3182	
3185	
3187	
3189	
3189	
3191	
3191	
3191	
3193	
3193	
3194	
3199	
3200	
3202	
3202	
3202	
3203	
3207	
3208	
3212	
3214	
3215	
