id	type	l1	l2	friction	risk	count	acc	
1	FAST	1	2	0.02151630826214646	0.0	0	55.52588105293775	
2	FAST	1	3	0.027987052819351734	0.0	1	39.15140989056598	
3	FAST	1	4	0.07302656972007415	0.0	0	13.877497574980723	
4	FAST	1	5	0.10800269310982086	0.0	0	8.758978011359064	
5	FAST	1	6	0.2005826597473596	0.0	0	4.19976539831492	
6	FAST	1	7	0.05791240055316788	0.0	0	22.9736349007895	
7	FAST	1	8	0.06855335822514483	0.0	0	16.049223794486753	
8	FAST	1	68	0.36490858423453987	0.048	0	3.9806272704682453	
9	FAST	1	69	0.40115801759656244	0.048	0	3.1427555158956144	
10	FAST	1	70	0.423550267947518	0.048	1	2.1389190523522057	
11	FAST	1	71	0.44235053412726005	0.048	0	1.7464344784497428	
12	FAST	1	72	0.28733633203502157	0.0	0	3.66112355420598	
13	FAST	1	73	0.1906077266698771	0.0	0	12.46518529042921	
14	FAST	1	74	0.20210142113627694	0.0	0	8.165616048937459	
15	FAST	1	75	0.2630703980821981	0.0	0	6.295108498830699	
16	FAST	1	76	0.3008008736105855	0.0	0	4.986671792296623	
17	FAST	1	77	0.3450902934942693	0.0	0	3.081306284023679	
18	FAST	1	78	0.36284036573475764	0.0	0	2.615970162595376	
19	FAST	2	3	0.007516752227496343	0.0	0	160.87618751631393	
20	FAST	2	4	0.05255626523813813	0.0	1	21.934521899889408	
21	FAST	2	5	0.08753238084772358	0.0	0	11.543545471834442	
22	FAST	2	6	0.18130277439888826	0.0	0	5.144031026047568	
23	FAST	2	7	0.06458409111532147	0.0	0	20.026945818189944	
24	FAST	2	8	0.04808305763328943	0.0	0	22.145037170280435	
25	FAST	2	23	0.24993272053144797	0.0	26	3.11434382772467	
26	FAST	2	68	0.36470401260312413	0.048	1	4.127608235925831	
27	FAST	2	69	0.391780317504476	0.048	12	3.039865522830699	
28	FAST	2	70	0.4257275325971185	0.048	7	2.1228241992430528	
29	FAST	2	71	0.43263050137245695	0.048	7	2.158301559251533	
30	FAST	2	72	0.3002858035948819	0.0	0	3.902091779037042	
31	FAST	2	73	0.2035572098999793	0.0	0	10.062974854309678	
32	FAST	2	74	0.21505090436637914	0.0	0	6.727841104092767	
33	FAST	2	75	0.2760198696420584	0.0	0	6.520019569060658	
34	FAST	2	76	0.3137503451704458	0.0	0	4.728307224845131	
35	FAST	2	77	0.3580397650541296	0.0	0	2.922662604697572	
36	FAST	3	4	0.04596140765847902	0.0	0	23.98709452494246	
37	FAST	3	5	0.08093752715814509	0.0	0	12.431211524164263	
38	FAST	3	6	0.18231210638901338	0.0	0	5.463335610024166	
39	FAST	3	7	0.06852057262560743	0.0	0	17.255473366511232	
40	FAST	3	8	0.04148820394371095	0.0	0	27.503650935878984	
41	FAST	3	23	0.253869190371492	0.0	861	2.944327659901899	
42	FAST	3	68	0.3624783762095865	0.048	327	4.179422297008667	
43	FAST	3	69	0.3866275625916361	0.048	140	3.701048912098996	
44	FAST	3	70	0.424054534998753	0.048	258	2.2087187700834705	
45	FAST	3	71	0.42731742112785376	0.048	134	2.167457548196489	
46	FAST	3	72	0.30422229677540974	0.0	0	3.5296585013341404	
47	FAST	3	73	0.20749369141026527	0.0	0	10.591244399205365	
48	FAST	3	74	0.2189873742064232	0.0	0	6.078091349667086	
49	FAST	3	75	0.27995636282258624	0.0	0	5.353842714495844	
50	FAST	3	76	0.3176868383509737	0.0	0	4.460924028627432	
51	FAST	3	77	0.36197625823465746	0.0	0	2.941242244059902	
52	FAST	4	5	0.03612179881582182	0.0	0	31.47641124521159	
53	FAST	4	6	0.131309053093839	0.0	1	7.331008681237746	
54	FAST	4	7	0.11268187659387058	0.0	1	11.238516769814911	
55	FAST	4	8	0.007503043583361338	0.0	0	201.89401560115064	
56	FAST	4	9	0.19906910328632327	0.0	11	4.457031090514951	
57	FAST	4	23	0.20219244902298494	0.0	760	3.75092760866331	
58	FAST	4	24	0.1883962275027891	0.0	732	3.577151484718708	
59	FAST	4	68	0.38518730849483807	0.048	363	3.288705630295878	
60	FAST	4	69	0.38862564188147486	0.048	756	2.6966791803540566	
61	FAST	4	71	0.42626530464684514	0.048	380	2.0477805907808038	
62	FAST	4	73	0.25165497981820595	0.0	0	5.806375929799396	
63	FAST	4	74	0.26314868595484764	0.0	0	3.7998203613682677	
64	FAST	4	75	0.32411765123052694	0.0	0	3.9053206397168365	
65	FAST	4	76	0.36184812675891437	0.0	0	3.274917535089841	
66	FAST	5	6	0.09695465406038882	0.0	0	12.132908173107714	
67	FAST	5	7	0.1480079633072034	0.0	0	6.866922439255017	
68	FAST	5	8	0.04282913807685543	0.0	0	25.01583618058726	
69	FAST	5	9	0.1647147042528731	0.0	2	5.494954433576921	
70	FAST	5	10	0.20580158024837855	0.0	0	4.034470292841395	
71	FAST	5	11	0.315176425388388	0.0	0	3.088316521242525	
72	FAST	5	23	0.1678380499895348	0.0	6	5.49310479639809	
73	FAST	5	24	0.1540418323594195	0.0	6	5.533058703853151	
74	FAST	5	25	0.21818540685428356	0.0	648	3.1732488542490187	
75	FAST	5	68	0.41072317596004826	0.048	161	2.7276436690239523	
76	FAST	5	69	0.4016265693558544	0.048	337	2.6469352537817774	
77	FAST	5	71	0.4354848530175842	0.048	158	2.217573745165855	
78	FAST	5	73	0.2869810937621032	0.0	0	4.7111916394281765	
79	FAST	5	74	0.2984747765582611	0.0	0	3.076744568078137	
80	FAST	5	75	0.3594437418339404	0.0	0	2.856838331256169	
81	FAST	6	7	0.22348282140222536	0.0	2	3.9313549921209603	
82	FAST	6	8	0.1367366608602571	0.0	0	7.537535069807009	
83	FAST	6	9	0.07023925303818712	0.0	0	14.931055457513692	
84	FAST	6	10	0.11132612125353132	0.0	0	8.037337311509162	
85	FAST	6	11	0.2207009547232989	0.0	0	5.446702795353366	
86	FAST	6	12	0.25762382228263525	0.0	0	3.953916121373207	
87	FAST	6	23	0.1142018866986697	0.0	0	8.609721490828285	
88	FAST	6	24	0.1001154807239066	0.0	0	9.328203940516557	
89	FAST	6	25	0.16454923189317652	0.0	3	6.626568949499476	
90	FAST	6	26	0.15947391760864105	0.0	0	6.558864009459827	
91	FAST	7	8	0.10798518774699241	0.0	0	11.412153868904523	
92	FAST	7	23	0.2485729428477388	0.0	2	3.745768949063465	
93	FAST	7	24	0.2631165461086946	0.0	2	3.3728580585508543	
94	FAST	7	68	0.40415430617655823	0.048	1	2.302363609814034	
95	FAST	7	69	0.4403988038214797	0.048	4	1.9101744956832778	
96	FAST	7	72	0.25068690991330783	0.0	0	3.4704087382991062	
97	FAST	7	73	0.15395831621840525	0.0	0	10.176200140761134	
98	FAST	7	74	0.16545201068480506	0.0	0	6.65391069625269	
99	FAST	7	75	0.22642097596048436	0.0	0	5.148385121298581	
100	FAST	7	76	0.26415145148887176	0.0	0	4.2942744463987825	
101	FAST	8	9	0.20593583471103105	0.0	0	3.8999673178662233	
102	FAST	8	23	0.20905918044769273	0.0	6	3.860485680575911	
103	FAST	8	24	0.19526296281757746	0.0	14	4.349068098535325	
104	FAST	8	68	0.381788758681206	0.048	3	2.8939900003470584	
105	FAST	8	69	0.3874760334580042	0.048	7	3.3388663528797093	
106	FAST	8	71	0.4256121061407696	0.048	9	2.177011420582238	
107	FAST	8	72	0.34401116178742613	0.0	0	2.9243201186986374	
108	FAST	8	73	0.2472825797627654	0.0	0	6.177311967123264	
109	FAST	8	74	0.25877625866884274	0.0	0	4.3030688803249015	
110	FAST	8	75	0.3197452278346027	0.0	0	3.612189756303302	
111	FAST	8	76	0.3574757033629901	0.0	0	3.2371263175357807	
112	FAST	9	10	0.042910483552879006	0.0	0	27.881363513140325	
113	FAST	9	11	0.15228532869288847	0.0	0	9.437157286151724	
114	FAST	9	12	0.18920818458198294	0.0	0	6.193858664541578	
115	FAST	9	13	0.22995744825989792	0.0	0	4.47735621737003	
116	FAST	9	14	0.25331769753086336	0.0	0	3.460363053514539	
117	FAST	9	15	0.24757465090643752	0.0	0	3.4297725936082135	
118	FAST	9	23	0.17921559053844677	0.0	0	6.641154873383688	
119	FAST	9	24	0.16512918067360308	0.0	0	7.713061294216798	
120	FAST	9	25	0.17977600333395677	0.0	0	9.382723362269857	
121	FAST	9	26	0.09105827990798876	0.0	0	13.43339578290182	
122	FAST	9	27	0.17848346569391205	0.0	1	6.50862729352914	
123	FAST	9	29	0.1855811706559399	0.0	12	6.085738872632501	
124	FAST	10	11	0.10937484514000945	0.0	0	10.3593253012771	
125	FAST	10	12	0.1462977010291039	0.0	0	7.139663718117158	
126	FAST	10	13	0.18704696470701887	0.0	0	5.108422806419957	
127	FAST	10	14	0.21040721786806496	0.0	0	3.8370236847947887	
128	FAST	10	15	0.2046641673535585	0.0	0	3.8645225229535463	
129	FAST	10	16	0.20323672949747695	0.0	0	3.5740016693033017	
130	FAST	10	23	0.213153638132304	0.0	0	4.984142081472522	
131	FAST	10	24	0.199016878953885	0.0	0	5.442672875452771	
132	FAST	10	25	0.13705416535107862	0.0	0	8.784639880612248	
133	FAST	10	26	0.04814779635510974	0.0	0	21.853983971324208	
134	FAST	10	27	0.1355729938112749	0.0	0	9.45225208724642	
135	FAST	10	29	0.14267068710306088	0.0	0	8.509844113757378	
136	FAST	11	12	0.0364924262477068	0.0	0	33.15947921999546	
137	FAST	11	13	0.07678160230952209	0.0	0	13.32211377555731	
138	FAST	11	14	0.1121667443368769	0.0	0	8.122134430157365	
139	FAST	11	15	0.13120902745063714	0.0	0	7.832967880467175	
140	FAST	11	16	0.21670056307836655	0.0	0	4.824362668686885	
141	FAST	11	24	0.31300570982660975	0.0	0	3.059496265622698	
142	FAST	11	25	0.2510430001138839	0.0	0	3.5252551213229357	
143	FAST	11	26	0.0629029032998397	0.0	0	17.480118759719048	
144	FAST	11	27	0.15032809297584365	0.0	0	5.9112452482600455	
145	FAST	11	29	0.1574258018279521	0.0	0	6.089386078073911	
146	FAST	11	31	0.2612748846871239	0.0	0	3.4391128095033943	
147	FAST	12	13	0.041186765485885346	0.0	0	28.126846009390114	
148	FAST	12	14	0.0765719114033208	0.0	0	13.07941803087513	
149	FAST	12	15	0.09561419451708102	0.0	0	10.612210722710644	
150	FAST	12	16	0.14372326122945295	0.0	0	6.9831733352454535	
151	FAST	12	26	0.09403059326424705	0.0	0	11.737800648113343	
152	FAST	12	27	0.1814557907204122	0.0	0	5.609476493429296	
153	FAST	12	29	0.18855348401219818	0.0	0	4.963122118914947	
154	FAST	12	31	0.19481717124778766	0.0	0	4.972853060977372	
155	FAST	13	14	0.035643937421330284	0.0	0	31.61868355056431	
156	FAST	13	15	0.05468622442517113	0.0	0	22.0211820858772	
157	FAST	13	16	0.10279528335738179	0.0	0	10.190636235862552	
158	FAST	13	26	0.13496519205354798	0.0	0	8.386273259151867	
159	FAST	13	27	0.22239038950971318	0.0	0	4.585898633611088	
160	FAST	13	29	0.22948808669157972	0.0	0	4.310442054701555	
161	FAST	13	31	0.15388919337571655	0.0	0	6.068655043563686	
162	FAST	14	15	0.019130319528464904	0.0	0	60.3648970951995	
163	FAST	14	16	0.06723938624083681	0.0	0	17.268391128455363	
164	FAST	14	26	0.1630868027618412	0.0	0	6.304243102030006	
165	FAST	14	27	0.2503014029230186	0.0	0	4.270868556776493	
166	FAST	14	29	0.25739912344536897	0.0	0	4.2982039107584145	
167	FAST	14	31	0.1183333001492522	0.0	0	8.450131868266281	
168	FAST	14	32	0.21194727355834295	0.0	0	3.968121210251425	
169	FAST	15	16	0.048585982817270716	0.0	0	24.254168959894965	
170	FAST	15	26	0.15747477794306555	0.0	0	6.114719810885468	
171	FAST	15	27	0.244689378104243	0.0	0	4.136738795754932	
172	FAST	15	29	0.25178707528610955	0.0	0	4.655084484228216	
173	FAST	15	31	0.09967989283560547	0.0	0	11.097045969765299	
174	FAST	15	32	0.1932938779149381	0.0	0	4.395729559990895	
175	FAST	16	26	0.15613073174541822	0.0	0	5.178472401561628	
176	FAST	16	27	0.24334533190659563	0.0	0	4.146103310809218	
177	FAST	16	29	0.250443052428946	0.0	0	4.452109599964807	
178	FAST	16	31	0.05291526521902438	0.0	0	21.433840048807944	
179	FAST	16	32	0.14652924640827636	0.0	0	6.102940499831852	
180	FAST	17	18	0.144492633596006	0.0	0	7.21118550542798	
181	FAST	17	19	0.20948451408345695	0.0	0	4.705018228158871	
182	FAST	17	20	0.22112509410431017	0.0	0	3.5443346940639118	
183	FAST	17	21	0.2301959607734761	0.0	0	4.318057408175843	
184	FAST	18	19	0.06547912086633792	0.0	5	19.04006082498471	
185	FAST	18	20	0.07711971255743301	0.0	3	14.147999688401518	
186	FAST	18	21	0.08619056366627643	0.0	1	12.663124255619323	
187	FAST	18	22	0.11826343430116347	0.0	38	8.918029388019898	
188	FAST	18	23	0.2031332533527576	0.0	16	4.790664397097624	
189	FAST	18	24	0.21725088889480668	0.0	11	3.920156619877083	
190	FAST	19	20	0.0557718564567446	0.0	0	16.73871341909609	
191	FAST	19	21	0.020826386902350846	0.0	0	48.78216209348483	
192	FAST	19	22	0.052899253647157266	0.0	76	18.626829317534646	
193	FAST	19	23	0.18178540114214978	0.0	737	3.6012683804146626	
194	FAST	19	24	0.19590302501395698	0.0	162	4.0189373325115785	
195	FAST	19	25	0.25918542512951476	0.0	2	3.3052731626991725	
196	FAST	20	21	0.051960300995763854	0.0	0	18.321598304900068	
197	FAST	20	22	0.057609725049702395	0.0	50	17.58037291581205	
198	FAST	20	23	0.12831906321120456	0.0	32	8.131984290240485	
199	FAST	20	24	0.14243669875325368	0.0	21	7.844765138261214	
200	FAST	20	25	0.20571908719856957	0.0	0	5.880390710186395	
201	FAST	21	22	0.03241731782414188	0.0	50	31.136958463995068	
202	FAST	21	23	0.177942145414127	0.0	481	4.014192671714609	
203	FAST	21	24	0.1920597848462567	0.0	232	4.00987415999719	
204	FAST	21	25	0.25534216940149196	0.0	6	3.4407410239072687	
205	FAST	22	23	0.18354915202889183	0.0	382	4.771546886168102	
206	FAST	22	24	0.19766678757094094	0.0	326	4.9890629216103655	
207	FAST	22	25	0.2609491876864987	0.0	161	3.8312426021333548	
208	FAST	23	24	0.014785710209034767	0.0	0	76.61639321460169	
209	FAST	23	25	0.07806810643451191	0.0	21	12.664354098172288	
210	FAST	23	26	0.26582657077857297	0.0	0	3.2080670516725998	
211	FAST	24	25	0.06401010971857911	0.0	5	15.556078547834222	
212	FAST	24	26	0.25176857017255955	0.0	0	3.8530815638029696	
213	FAST	24	27	0.3391937559584829	0.0	4	2.799027632650103	
214	FAST	25	26	0.1896613206239994	0.0	0	5.273070614257326	
215	FAST	25	27	0.2770865064099227	0.0	0	5.11861642688112	
216	FAST	25	29	0.28418422304219243	0.0	0	4.31215074184808	
217	FAST	25	30	0.4521379951502652	0.0	514	2.5781121637260664	
218	FAST	26	27	0.08793642018212716	0.0	0	11.569177217113257	
219	FAST	26	29	0.09503412125407436	0.0	0	10.702181401017363	
220	FAST	26	31	0.2001531209344359	0.0	0	3.827369979462908	
221	FAST	27	29	0.009295402123045745	0.0	0	129.7730693182302	
222	FAST	27	30	0.1772491897914411	0.0	6	4.879191396159165	
223	FAST	27	31	0.28774323446876776	0.0	0	3.632183679232763	
224	FAST	28	30	0.15944353607893208	0.0	162	7.106246977037809	
225	FAST	29	30	0.16795380711879848	0.0	12	5.019985841092757	
226	FAST	29	31	0.2954023675373496	0.0	0	3.4119788905440602	
227	FAST	31	32	0.09361397729917137	0.0	0	11.372978220341114	
228	FAST	31	33	0.20448155529861253	0.0	0	4.089549764878195	
229	FAST	32	33	0.11533800808672107	0.0	0	8.574846285520659	
230	FAST	32	34	0.21282922874836685	0.0	0	3.8388813792599223	
231	FAST	32	35	0.1856925008734483	0.0	0	4.700665738332075	
232	FAST	33	34	0.09994297898851423	0.0	0	9.973527186712172	
233	FAST	33	35	0.08939985684434527	0.0	0	13.645269136306004	
234	FAST	33	36	0.23577195177538954	0.0	0	4.175376239076033	
235	FAST	33	43	0.21187265792180676	0.0	0	3.933667262418474	
236	FAST	33	44	0.23313834384937832	0.0	0	3.4178877450961496	
237	FAST	34	35	0.07425086367565223	0.0	23	14.230606217112706	
238	FAST	34	36	0.22119958914834686	0.0	352	3.4721323487250295	
239	FAST	34	40	0.21309968660406667	0.0	188	3.8959913091592338	
240	FAST	34	41	0.19701331626663482	0.0	144	3.994727759632751	
241	FAST	34	42	0.19652467156864095	0.0	30	6.5726089216139485	
242	FAST	34	43	0.11495453171851999	0.0	1	10.426749061501452	
243	FAST	34	44	0.1362202176460916	0.0	3	8.622105736307374	
244	FAST	34	45	0.17083477360173724	0.0	0	6.0457271282361615	
245	FAST	34	46	0.1415772009986984	0.0	0	7.261771561999908	
246	FAST	34	47	0.2729031837234328	0.0	1	3.859887369946997	
247	FAST	34	48	0.30365908701192784	0.0	1	3.0959095452861614	
248	FAST	34	49	0.2550983585980977	0.0	1	3.801098016071463	
249	FAST	34	63	0.41350450727089905	0.048	732	2.070854272711564	
250	FAST	35	36	0.15314777123847956	0.0	0	6.376980795486663	
251	FAST	35	37	0.18349454307702828	0.0	851	3.3878501534867502	
252	FAST	35	40	0.18010409662424917	0.0	1	4.868237304531669	
253	FAST	35	41	0.1906017709564348	0.0	0	4.838513949817009	
254	FAST	35	42	0.2441990567814982	0.0	2	5.392868500221569	
255	FAST	35	43	0.16262891693137727	0.0	97	4.733587151045584	
256	FAST	35	44	0.18389460285894885	0.0	30	4.641639223816687	
257	FAST	35	45	0.21850915881459448	0.0	703	2.803355580540549	
258	FAST	35	46	0.18925158232147501	0.0	0	4.954674326250447	
259	FAST	36	37	0.03814278128412667	0.0	49	29.274834893806062	
260	FAST	36	38	0.11676273844668511	0.0	177	8.955047787148995	
261	FAST	36	39	0.19725989680743664	0.0	128	4.659540658950606	
262	FAST	36	40	0.1635373363399172	0.0	1	8.282988421318548	
263	FAST	36	41	0.3269651669101407	0.0	0	5.322064364828589	
264	FAST	36	42	0.39092006082427827	0.0	2	2.672579458613177	
265	FAST	37	38	0.08093381602122546	0.0	108	15.656119721994662	
266	FAST	37	39	0.15061684588073954	0.0	68	5.989387937058776	
267	FAST	37	40	0.14019839693063493	0.0	3	8.61580683331767	
268	FAST	37	41	0.3579232571393046	0.0	5	5.038158370772673	
269	FAST	37	42	0.4218781277129583	0.0	13	2.6321753543283117	
270	FAST	38	39	0.08372419808664779	0.0	118	10.700108308461962	
271	FAST	38	40	0.11208962348841593	0.0	165	9.678857077888468	
272	FAST	38	41	0.40779445257479646	0.0	143	3.7936632298109845	
273	FAST	38	42	0.46110764581155694	0.0	248	2.076238299728732	
274	FAST	39	40	0.19341849275779302	0.0	122	4.439218403749498	
275	FAST	39	41	0.48912332573425416	0.0	115	2.1615931719596984	
276	FAST	40	41	0.2986730228472532	0.0	0	23.971320951391256	
277	FAST	40	42	0.3519861888534493	0.0	1	5.914341667082249	
278	FAST	40	43	0.30170619262486453	0.0	96	2.8133033808061065	
279	FAST	41	42	0.25357444285234754	0.0	3	9.524312475853526	
280	FAST	41	43	0.20648708636666077	0.0	44	4.116624177257297	
281	FAST	41	44	0.22937622353302517	0.0	74	3.7148232002770056	
282	FAST	41	46	0.2310540153081182	0.0	0	3.614319951417261	
283	FAST	42	43	0.11780820928584947	0.0	40	8.926334729584017	
284	FAST	42	44	0.13084020112608316	0.0	39	7.880447889366043	
285	FAST	42	45	0.16679591294946913	0.0	46	4.907548173734985	
286	FAST	42	46	0.1325179929011762	0.0	16	8.78703213313998	
287	FAST	42	47	0.24937123796376515	0.0	48	3.7090454047516235	
288	FAST	42	49	0.20710935144416465	0.0	27	4.1702452226083695	
289	FAST	43	44	0.023101644490940768	0.0	1	54.685644037601705	
290	FAST	43	45	0.05771618877634452	0.0	1	18.911289747850443	
291	FAST	43	46	0.0288340089539606	0.0	2	39.53396122871134	
292	FAST	43	47	0.159784610568282	0.0	0	7.996948265315956	
293	FAST	43	48	0.19054051385677703	0.0	0	6.004919763580525	
294	FAST	43	49	0.14197978544294687	0.0	0	8.856297535746956	
295	FAST	43	63	0.3923885515678148	0.048	271	2.7571643679174023	
296	FAST	44	45	0.03650977211722949	0.0	2	30.512343658854792	
297	FAST	44	46	0.02575993886862073	0.0	3	46.30915696105934	
298	FAST	44	47	0.14086488833480484	0.0	0	10.65550661075372	
299	FAST	44	48	0.171620779953058	0.0	0	7.029798864648631	
300	FAST	44	49	0.12306006320946969	0.0	5	10.604879693028964	
301	FAST	44	50	0.2795338767258421	0.0	0	3.3462686483637123	
302	FAST	44	54	0.4062621031342436	0.0	0	2.9352802801489846	
303	FAST	44	63	0.3774616757931424	0.048	152	3.379601985259257	
304	FAST	45	46	0.05900224943214269	0.0	4	22.340358077124343	
305	FAST	45	47	0.11029916330807826	0.0	1	18.19923970050003	
306	FAST	45	48	0.1410550549263314	0.0	1	10.96611552533919	
307	FAST	45	49	0.07388850655518356	0.0	12	18.990183299952175	
308	FAST	45	50	0.2303623317417979	0.0	1	4.519300908764646	
309	FAST	45	52	0.29512067512879453	0.0	0	3.19071228188731	
310	FAST	45	53	0.3237251926661545	0.0	1	3.4806157115633587	
311	FAST	45	54	0.3570905581501994	0.0	1	3.370336171839993	
312	FAST	45	56	0.4526480314016355	0.0	6	2.210176404360074	
313	FAST	45	63	0.3512879165346726	0.048	748	4.443165634580088	
314	FAST	46	47	0.15177768484110474	0.0	2	8.722572907293452	
315	FAST	46	48	0.1825335725692773	0.0	3	5.991690601754199	
316	FAST	46	49	0.1095157983215043	0.0	2	9.901768028854372	
317	FAST	47	48	0.033308403033401005	0.0	0	36.4740002920547	
318	FAST	47	49	0.04335293354340888	0.0	2	27.97434588814971	
319	FAST	47	50	0.13698732987579948	0.0	0	8.196649501359502	
320	FAST	47	51	0.1911754722673719	0.0	0	4.505195352817717	
321	FAST	47	52	0.21128708019471065	0.0	0	5.515233365508632	
322	FAST	47	53	0.2398915977320707	0.0	0	5.794706879193299	
323	FAST	47	54	0.2732569865565993	0.0	0	6.079260205370605	
324	FAST	47	56	0.3688144364675517	0.0	0	3.2929231106671737	
325	FAST	47	63	0.32931771848225994	0.048	52	7.476098787936596	
326	FAST	48	49	0.07429681330803665	0.0	2	22.98402365176911	
327	FAST	48	50	0.10466340899746844	0.0	0	11.551942404860611	
328	FAST	48	51	0.15885155138904086	0.0	0	6.192168195181692	
329	FAST	48	52	0.17896317098662154	0.0	0	6.973614882932269	
330	FAST	48	53	0.2075677001942234	0.0	0	7.045609850549796	
331	FAST	48	54	0.2409330695683489	0.0	0	7.051425078230225	
332	FAST	48	55	0.31065396158262065	0.0	0	3.245620840823569	
333	FAST	48	56	0.33649051558922066	0.0	0	3.8150190091254137	
334	FAST	48	63	0.33176830010421277	0.048	7	6.1607271465537785	
335	FAST	49	50	0.1566683642287674	0.0	1	7.355077462387611	
336	FAST	49	51	0.1845573986865216	0.0	0	4.700514615479306	
337	FAST	49	52	0.22142669594552217	0.0	1	4.554140763502074	
338	FAST	49	53	0.25003121348288215	0.0	5	3.639053740076627	
339	FAST	49	54	0.28339660619749146	0.0	4	4.068084522724087	
340	FAST	50	51	0.08115968188268026	0.0	0	15.32449604004762	
341	FAST	50	52	0.07399500529255132	0.0	0	21.718139216197212	
342	FAST	50	53	0.10259952671999197	0.0	0	14.501475111518177	
343	FAST	50	54	0.13596489609411744	0.0	0	11.399644662764347	
344	FAST	50	55	0.20568579977863108	0.0	0	4.883615732804572	
345	FAST	50	56	0.2315223537852311	0.0	0	5.047988549624594	
346	FAST	50	57	0.28310399822269255	0.0	0	2.872976757544099	
347	FAST	51	52	0.0866936794642085	0.0	0	12.81234498103057	
348	FAST	51	53	0.1152981970015685	0.0	0	7.516952639084616	
349	FAST	51	54	0.14866356637569397	0.0	0	6.552840405449944	
350	FAST	51	55	0.21838445838996573	0.0	0	3.7838291467058958	
351	FAST	51	56	0.2442210123965657	0.0	0	2.758858908465805	
352	FAST	52	53	0.027119747672974932	0.0	0	36.948734444728764	
353	FAST	52	54	0.06466182659652175	0.0	0	16.260179909967	
354	FAST	52	55	0.13438272639095475	0.0	0	7.312534610528887	
355	FAST	52	56	0.16021928039755476	0.0	0	6.755053774332893	
356	FAST	52	57	0.2118009365052582	0.0	1	4.326856709829161	
357	FAST	53	54	0.03255763303241363	0.0	0	30.48043679009649	
358	FAST	53	55	0.1392847375834884	0.0	0	9.193438420218207	
359	FAST	53	56	0.12811509072352725	0.0	2	8.334277791760726	
360	FAST	53	57	0.1796967429411501	0.0	0	4.875979179093794	
361	FAST	53	58	0.2558494359154547	0.0	1	3.2501099390870842	
362	FAST	53	63	0.337184139804537	0.048	3	5.984513225477572	
363	FAST	54	55	0.09882882488577224	0.0	0	10.369881992478316	
364	FAST	54	56	0.09594506921502285	0.0	1	14.273741360545102	
365	FAST	54	57	0.14752673699296817	0.0	0	6.444785544368521	
366	FAST	54	58	0.2236794182970309	0.0	0	3.5572420393485658	
367	FAST	54	59	0.23363279643775064	0.0	0	3.6637710685764358	
368	FAST	54	63	0.31193667033525635	0.048	4	10.195231171874584	
369	FAST	55	56	0.10245118238530287	0.0	0	14.47669953177688	
370	FAST	55	57	0.11688081406400345	0.0	0	11.70553925566261	
371	FAST	55	58	0.19303349536806622	0.0	0	5.792332203080661	
372	FAST	55	59	0.15404239253103003	0.0	0	6.561463334990391	
373	FAST	55	60	0.199998124561872	0.0	0	4.292383058761295	
374	FAST	55	61	0.21647929140213404	0.0	0	3.657063430220695	
375	FAST	56	57	0.051750960196819136	0.0	0	19.44972175323952	
376	FAST	56	58	0.12790363761080126	0.0	0	7.459225292901039	
377	FAST	56	59	0.1378570196416016	0.0	0	6.893163930544724	
378	FAST	56	60	0.1863277627103322	0.0	0	4.5809907216625065	
379	FAST	56	61	0.2295672264918869	0.0	0	3.1689971202159475	
380	FAST	56	63	0.3399620284812417	0.048	2	5.699853242953928	
381	FAST	56	64	0.38634472259083835	0.048	6	3.161550700190586	
382	FAST	56	65	0.43919115018064	0.048	0	2.2125367520157506	
383	FAST	56	67	0.42103726473208475	0.048	1	2.2913316300691475	
384	FAST	57	58	0.07675344979601327	0.0	0	14.916954923751069	
385	FAST	57	59	0.08670683571689426	0.0	0	13.298326826992216	
386	FAST	57	60	0.13517757878562484	0.0	0	7.883722932507602	
387	FAST	57	61	0.17841704256717958	0.0	0	5.086007509774755	
388	FAST	57	63	0.384340773682992	0.048	0	3.3438498870343376	
389	FAST	57	64	0.3412958770645092	0.048	0	5.37487449414958	
390	FAST	57	65	0.38984504348251814	0.048	1	2.9694413514758122	
391	FAST	57	66	0.42780336506585737	0.048	0	2.2874738856687475	
392	FAST	57	67	0.37333280038000694	0.048	0	3.9711015021961793	
393	FAST	58	59	0.07200593315564248	0.0	0	19.414340475566494	
394	FAST	58	60	0.08743951295287825	0.0	0	12.255597760168074	
395	FAST	58	61	0.1310579211587018	0.0	0	7.785472498165348	
396	FAST	58	62	0.255370979338627	0.0	0	3.6147886780056377	
397	FAST	58	63	0.42867785119451274	0.048	0	2.1439726349353743	
398	FAST	58	64	0.2815888030664809	0.048	0	21.08223329028215	
399	FAST	58	65	0.3403573143357273	0.048	0	5.664452559830839	
400	FAST	58	66	0.39043847436779794	0.048	1	3.3132193057358874	
401	FAST	58	67	0.31576294598180515	0.048	0	8.371148599327116	
402	FAST	59	60	0.049577043098683535	0.0	0	23.120596072025723	
403	FAST	59	61	0.09281650299015765	0.0	0	11.471443444192868	
404	FAST	59	62	0.19190307683821625	0.0	0	5.246012521130632	
405	FAST	60	61	0.04366750880351709	0.0	0	26.129378074601664	
406	FAST	60	62	0.16798056309336168	0.0	0	6.888084824088967	
407	FAST	61	62	0.1284738884202208	0.0	0	11.668425137510125	
408	FAST	61	64	0.34189073151411264	0.048	0	5.4990650404836074	
409	FAST	61	65	0.27660027650124386	0.048	0	22.64451269994003	
410	FAST	61	66	0.2846057362515169	0.048	0	17.043180072428257	
411	FAST	61	67	0.313713359586781	0.048	0	8.960813539270148	
412	FAST	62	64	0.4213812504185731	0.048	0	2.1882978950254786	
413	FAST	62	65	0.3530950978131749	0.048	0	5.184805886734124	
414	FAST	62	66	0.29304974429611425	0.048	0	13.47041119179858	
415	FAST	62	67	0.39218104977363377	0.048	0	3.208385194664837	
416	FAST	64	65	0.3208596406357785	0.048	0	8.050894813957946	
417	FAST	64	66	0.37832092189058875	0.048	0	3.9630765072894083	
418	FAST	64	67	0.28711509697401516	0.048	0	17.235824421398203	
419	FAST	65	66	0.30802592284334046	0.048	0	10.155156095910044	
420	FAST	65	67	0.2869529669048198	0.048	0	16.474780130327485	
421	FAST	66	67	0.34723302916346765	0.048	0	5.360177006534438	
422	FAST	68	69	0.31961417983176404	0.048	0	8.044270921569106	
423	FAST	68	70	0.31025070892562745	0.048	0	10.585048229142414	
424	FAST	68	71	0.35282413558903386	0.048	0	5.658904976610368	
425	FAST	68	73	0.3499823949333256	0.048	0	5.406910991603335	
426	FAST	68	74	0.36326856556838494	0.048	0	4.005295672560571	
427	FAST	68	75	0.32293415966345773	0.048	0	7.718245829613639	
428	FAST	68	76	0.3043083788413486	0.048	0	11.005903830379117	
429	FAST	68	77	0.3277074185209801	0.048	0	6.830346851002656	
430	FAST	68	78	0.3537868345681008	0.048	0	4.880091167931988	
431	FAST	69	70	0.35016734253612003	0.048	0	5.55727523406905	
432	FAST	69	71	0.2889421904033205	0.048	0	16.12166332898736	
433	FAST	69	73	0.409725032299345	0.048	0	2.5506066148798414	
434	FAST	69	74	0.43146268347934347	0.048	0	2.046022543460574	
435	FAST	69	75	0.3940090006189977	0.048	0	2.902452367941567	
436	FAST	69	76	0.375242522649161	0.048	0	4.172272125876853	
437	FAST	69	77	0.3880713581061336	0.048	0	3.2486195638106574	
438	FAST	69	78	0.4118340394161036	0.048	0	2.4308883515408217	
439	FAST	70	71	0.36321139206122	0.048	0	4.347485534555841	
440	FAST	70	73	0.39483539525942135	0.048	0	2.9680872595899404	
441	FAST	70	74	0.39209968574495196	0.048	0	3.0272595992925573	
442	FAST	70	75	0.3479917875872324	0.048	0	5.357538153493155	
443	FAST	70	76	0.3135398879049619	0.048	0	8.912065856828415	
444	FAST	70	77	0.29472060910445375	0.048	0	13.292663979910895	
445	FAST	70	78	0.31277550312885255	0.048	0	8.519948284059515	
446	FAST	71	75	0.4279180643201304	0.048	0	2.093556398023436	
447	FAST	71	76	0.404332513209376	0.048	0	2.682887946159273	
448	FAST	71	77	0.40759504955365466	0.048	0	2.7818508030721807	
449	FAST	71	78	0.4282032219443983	0.048	0	1.8376238873299287	
450	FAST	72	73	0.14025606737595317	0.0	0	8.5526629754646	
451	FAST	72	74	0.08725546934826098	0.0	0	12.006899366415322	
452	FAST	72	75	0.06345545813248002	0.0	0	18.476413560471745	
453	FAST	72	76	0.04017865109099696	0.0	0	28.24814657050334	
454	FAST	72	77	0.04570755266690181	0.0	0	24.87511917805619	
455	FAST	72	78	0.06345764046771263	0.0	0	20.159059387101163	
456	FAST	73	74	0.05432577344421043	0.0	0	25.758438942007015	
457	FAST	73	75	0.11529474650005098	0.0	0	15.033075888516667	
458	FAST	73	76	0.1530252220284384	0.0	0	9.290229390257796	
459	FAST	73	77	0.19731463802204155	0.0	0	5.268129606917433	
460	FAST	73	78	0.21506473749309424	0.0	0	5.267512174118441	
461	FAST	74	75	0.0623156956289603	0.0	0	21.479415314881347	
462	FAST	74	76	0.10004617115734774	0.0	0	11.886593089085402	
463	FAST	74	77	0.14433558326087026	0.0	0	7.386773724020912	
464	FAST	74	78	0.16208567884184233	0.0	0	5.791226932610717	
465	FAST	75	76	0.042285826075788555	0.0	0	27.941912189327777	
466	FAST	75	77	0.087860882596482	0.0	0	12.393196991821362	
467	FAST	75	78	0.10561097428737345	0.0	0	9.011898921578284	
468	FAST	76	77	0.06410468924890102	0.0	0	21.77946084564339	
469	FAST	76	78	0.08185477704971184	0.0	0	13.667367467305487	
470	FAST	77	78	0.02740920468246461	0.0	0	37.76640055538164	
471	FAST	21	79	0.333400671643453	0.0	330	1.3539803739135625	
472	FAST	19	79	0.2651750599157806	0.0	435	1.6913504880999728	
473	FAST	22	79	0.2999427745267342	0.0	301	1.2865003480942279	
474	FAST	39	80	0.17819603518708668	0.0	289	3.484268585689129	
475	FAST	38	80	0.3073890604102156	0.0	436	1.859055122239127	
476	FAST	37	80	0.35896992294209107	0.0	364	1.12852807951094	
477	FAST	39	81	0.23846449092886987	0.0	257	3.0039878032572807	
478	FAST	38	81	0.32344043801800487	0.0	440	1.6932921171919308	
479	FAST	37	81	0.3081183666906105	0.0	397	1.1827284172246397	
480	FAST	21	82	0.2531067350890236	0.0	355	1.63822303152962	
481	FAST	19	82	0.29253840765042627	0.0	400	1.346255796833464	
482	FAST	22	82	0.281696031259775	0.0	332	1.1075048918161308	
483	FAST	28	83	0.21565996264906265	0.0	227	2.708946415383818	
484	FAST	30	83	0.3233614676723133	0.0	380	1.8683598506322676	
485	FAST	22	83	0.4393218903092193	0.0	511	0.7751829095796279	
