n_interc	
0	
0	
0	
0	
0	
0	
0	
0	
0	
0	
0	
0	
0	
0	
0	
0	
0	
0	
0	
0	
0	
0	
0	
0	
0	
0	
0	
0	
0	
0	
0	
0	
0	
0	
0	
0	
0	
0	
0	
0	
0	
0	
0	
0	
0	
0	
0	
0	
0	
0	
0	
0	
0	
0	
0	
0	
1	
1	
1	
1	
1	
1	
1	
1	
1	
1	
1	
1	
2	
2	
2	
2	
2	
2	
2	
2	
2	
2	
2	
3	
3	
3	
3	
3	
4	
4	
4	
4	
5	
5	
5	
5	
5	
5	
5	
6	
6	
7	
7	
7	
62	
65	
66	
68	
69	
71	
72	
73	
74	
75	
77	
81	
82	
83	
84	
86	
87	
88	
89	
92	
94	
95	
97	
98	
98	
101	
104	
105	
106	
109	
111	
112	
114	
116	
118	
120	
123	
123	
127	
128	
131	
132	
135	
135	
138	
140	
140	
142	
143	
143	
146	
149	
152	
153	
154	
156	
160	
161	
163	
164	
167	
168	
170	
172	
173	
174	
177	
178	
180	
182	
183	
186	
187	
188	
189	
191	
195	
196	
197	
198	
200	
201	
204	
206	
209	
210	
213	
213	
215	
215	
217	
219	
221	
223	
224	
225	
227	
228	
229	
230	
505	
509	
514	
518	
521	
529	
532	
535	
539	
541	
545	
546	
550	
556	
558	
562	
567	
568	
573	
578	
581	
585	
587	
590	
594	
600	
603	
606	
609	
614	
616	
620	
624	
629	
633	
637	
642	
643	
646	
652	
655	
658	
661	
664	
665	
668	
673	
675	
679	
682	
684	
686	
691	
692	
694	
695	
698	
701	
704	
706	
709	
711	
713	
716	
717	
720	
722	
723	
724	
725	
728	
731	
732	
734	
735	
738	
740	
741	
743	
744	
746	
746	
747	
748	
750	
752	
753	
755	
756	
758	
759	
759	
761	
762	
763	
764	
764	
766	
767	
768	
3188	
3196	
3199	
3204	
3208	
3213	
3219	
3220	
3226	
3232	
3239	
3242	
3247	
3251	
3255	
3258	
3264	
3268	
3270	
3272	
3274	
3277	
3283	
3285	
3289	
3293	
3295	
3295	
3297	
3300	
3306	
3310	
3312	
3319	
3320	
3328	
3332	
3334	
3336	
3344	
3350	
3352	
3357	
3359	
3359	
3366	
3370	
3374	
3376	
3379	
3383	
3386	
3391	
3394	
3398	
3400	
3403	
3407	
3408	
3410	
3413	
3417	
3419	
3422	
3424	
3427	
3430	
3433	
3436	
3437	
3438	
3441	
3442	
3442	
3443	
3450	
3451	
3453	
3454	
3454	
3456	
3459	
3459	
3462	
3465	
3466	
3470	
3471	
3472	
3473	
3474	
3474	
3477	
3479	
3483	
3485	
3488	
3490	
3491	
3493	
2980	
2980	
2981	
2982	
2983	
2986	
2987	
2989	
2992	
2994	
2999	
2999	
3001	
3003	
3004	
3006	
3009	
3012	
3014	
3015	
3017	
3019	
3022	
3025	
3027	
3029	
3032	
3035	
3035	
3036	
3036	
3038	
3040	
3042	
3042	
3046	
3049	
3050	
3051	
3052	
3052	
3054	
3057	
3057	
3059	
3059	
3060	
3062	
3065	
3068	
3070	
3070	
3071	
3073	
3074	
3074	
3075	
3078	
3078	
3080	
3081	
3085	
3086	
3088	
3093	
3095	
3095	
3098	
3100	
3101	
3103	
3103	
3105	
3106	
3107	
3107	
3108	
3111	
3113	
3114	
3115	
3116	
3116	
3119	
3119	
3119	
3121	
3125	
3126	
3128	
3130	
3131	
3134	
3134	
3136	
3138	
3139	
3141	
3141	
3142	
