n_interc	
0	
0	
0	
0	
0	
0	
0	
0	
0	
0	
0	
0	
0	
0	
0	
0	
0	
0	
0	
0	
0	
0	
0	
0	
0	
0	
0	
0	
0	
0	
0	
0	
0	
0	
0	
0	
0	
0	
0	
0	
0	
0	
0	
0	
0	
0	
0	
0	
0	
0	
0	
0	
0	
0	
0	
0	
0	
0	
0	
0	
0	
0	
0	
0	
0	
1	
1	
1	
1	
1	
1	
1	
1	
1	
2	
2	
2	
2	
2	
3	
3	
4	
4	
4	
4	
4	
4	
4	
4	
4	
4	
4	
4	
4	
4	
4	
4	
4	
5	
5	
57	
59	
59	
61	
61	
62	
66	
67	
68	
70	
74	
74	
75	
76	
78	
78	
79	
82	
84	
85	
86	
89	
90	
93	
94	
95	
98	
98	
99	
102	
104	
104	
106	
107	
109	
112	
113	
115	
118	
118	
120	
121	
123	
123	
125	
128	
129	
130	
130	
132	
135	
137	
139	
141	
142	
142	
144	
145	
146	
150	
151	
151	
154	
155	
158	
159	
162	
162	
164	
166	
167	
169	
170	
172	
174	
176	
177	
178	
181	
183	
184	
186	
187	
189	
190	
191	
193	
194	
197	
199	
201	
203	
205	
209	
211	
213	
214	
217	
218	
219	
481	
485	
488	
490	
496	
499	
501	
506	
512	
515	
520	
524	
527	
530	
534	
539	
541	
545	
549	
551	
555	
559	
561	
564	
568	
572	
576	
578	
582	
587	
588	
593	
597	
600	
603	
605	
609	
613	
615	
621	
625	
628	
634	
638	
641	
645	
648	
652	
656	
659	
664	
666	
669	
671	
675	
678	
682	
684	
688	
690	
691	
693	
696	
698	
701	
705	
708	
710	
712	
714	
717	
719	
722	
724	
725	
727	
729	
730	
731	
735	
738	
741	
743	
744	
746	
747	
750	
753	
755	
756	
757	
758	
759	
763	
763	
764	
765	
766	
767	
768	
3183	
3189	
3194	
3198	
3205	
3211	
3216	
3218	
3221	
3225	
3236	
3238	
3244	
3247	
3252	
3256	
3261	
3265	
3269	
3275	
3277	
3280	
3284	
3285	
3287	
3292	
3294	
3298	
3304	
3309	
3317	
3324	
3329	
3334	
3342	
3346	
3351	
3354	
3358	
3364	
3370	
3375	
3377	
3379	
3383	
3389	
3394	
3395	
3398	
3404	
3408	
3412	
3416	
3418	
3423	
3428	
3431	
3432	
3432	
3439	
3440	
3443	
3444	
3445	
3449	
3455	
3455	
3457	
3459	
3463	
3465	
3469	
3471	
3475	
3479	
3480	
3481	
3483	
3488	
3489	
3493	
3497	
3500	
3501	
3504	
3506	
3509	
3511	
3511	
3514	
3517	
3518	
3521	
3521	
3522	
3525	
3527	
3528	
3530	
3532	
3007	
3011	
3014	
3017	
3018	
3019	
3020	
3023	
3026	
3026	
3028	
3030	
3030	
3031	
3033	
3036	
3037	
3040	
3041	
3044	
3045	
3046	
3049	
3049	
3051	
3052	
3053	
3054	
3055	
3056	
3058	
3059	
3062	
3063	
3066	
3066	
3069	
3069	
3069	
3072	
3074	
3076	
3079	
3081	
3081	
3082	
3083	
3085	
3090	
3092	
3093	
3096	
3097	
3099	
3101	
3102	
3103	
3103	
3104	
3105	
3106	
3112	
3114	
3115	
3117	
3118	
3121	
3122	
3124	
3124	
3124	
3127	
3132	
3135	
3137	
3138	
3138	
3140	
3145	
3145	
3147	
3148	
3149	
3151	
3152	
3155	
3156	
3158	
3160	
3160	
3161	
3162	
3165	
3166	
3168	
3168	
3169	
3169	
3171	
3173	
