n_interc	
0	
0	
0	
0	
0	
0	
0	
0	
0	
0	
0	
0	
0	
0	
0	
0	
0	
0	
0	
0	
0	
0	
0	
0	
0	
0	
0	
0	
0	
0	
0	
0	
0	
0	
0	
0	
0	
0	
0	
0	
0	
0	
0	
0	
0	
0	
0	
0	
0	
0	
0	
0	
0	
0	
0	
0	
0	
0	
0	
0	
0	
0	
0	
0	
1	
1	
1	
1	
1	
2	
2	
2	
2	
2	
2	
2	
2	
2	
2	
2	
2	
2	
2	
3	
3	
3	
4	
4	
5	
6	
6	
6	
6	
7	
7	
7	
7	
7	
7	
8	
77	
77	
79	
81	
82	
84	
85	
87	
88	
89	
90	
91	
93	
96	
99	
99	
103	
103	
104	
107	
109	
111	
112	
114	
115	
118	
119	
119	
121	
121	
123	
127	
130	
132	
133	
135	
136	
138	
138	
140	
141	
143	
145	
148	
149	
149	
150	
154	
155	
156	
159	
159	
164	
166	
166	
168	
170	
172	
173	
176	
176	
179	
179	
180	
181	
185	
187	
189	
192	
192	
193	
195	
199	
202	
203	
205	
206	
208	
211	
211	
213	
214	
215	
218	
219	
221	
222	
224	
228	
228	
229	
233	
234	
235	
235	
237	
237	
241	
241	
243	
538	
540	
544	
548	
553	
557	
562	
565	
570	
572	
580	
581	
583	
589	
595	
597	
601	
607	
608	
612	
615	
617	
623	
625	
630	
633	
636	
640	
643	
647	
650	
653	
657	
659	
662	
666	
668	
673	
675	
676	
680	
682	
684	
686	
690	
692	
697	
700	
704	
706	
709	
714	
716	
719	
722	
724	
726	
729	
731	
732	
734	
735	
739	
741	
744	
745	
747	
750	
751	
751	
752	
752	
754	
757	
758	
760	
763	
764	
765	
768	
771	
771	
771	
771	
772	
773	
777	
778	
778	
778	
778	
779	
780	
781	
783	
784	
786	
788	
788	
791	
3278	
3282	
3287	
3295	
3297	
3302	
3304	
3307	
3310	
3317	
3319	
3325	
3332	
3339	
3343	
3347	
3353	
3358	
3361	
3368	
3370	
3374	
3380	
3382	
3387	
3389	
3396	
3398	
3401	
3406	
3412	
3416	
3418	
3421	
3429	
3431	
3436	
3439	
3441	
3444	
3445	
3449	
3455	
3456	
3462	
3465	
3465	
3469	
3476	
3479	
3482	
3486	
3489	
3493	
3495	
3497	
3502	
3504	
3505	
3505	
3506	
3509	
3511	
3516	
3518	
3520	
3522	
3525	
3525	
3525	
3526	
3529	
3534	
3536	
3538	
3540	
3541	
3544	
3547	
3548	
3552	
3553	
3555	
3559	
3563	
3566	
3570	
3576	
3577	
3579	
3582	
3584	
3584	
3587	
3592	
3595	
3596	
3597	
3597	
3600	
3072	
3075	
3077	
3079	
3079	
3081	
3081	
3084	
3084	
3087	
3088	
3088	
3093	
3095	
3096	
3096	
3100	
3100	
3101	
3101	
3104	
3104	
3104	
3105	
3106	
3110	
3110	
3110	
3111	
3112	
3114	
3114	
3117	
3120	
3121	
3122	
3124	
3124	
3125	
3129	
3129	
3130	
3131	
3132	
3134	
3136	
3137	
3139	
3140	
3141	
3143	
3144	
3145	
3147	
3149	
3151	
3152	
3154	
3154	
3156	
3156	
3157	
3159	
3161	
3162	
3163	
3164	
3165	
3168	
3168	
3169	
3171	
3175	
3175	
3176	
3177	
3179	
3179	
3182	
3182	
3185	
3187	
3187	
3187	
3188	
3191	
3191	
3193	
3195	
3198	
3200	
3203	
3203	
3206	
3207	
3208	
3209	
3212	
3214	
3219	
