id	x	y	type	qual	N	n_links	count	acc	
1	0.5290865972208558	0.08782825570975693	STD	0.10994441519403875	0	18	4	0.9497826346657235	
2	0.5301822646847826	0.10720123054485474	STD	0.23647367632489025	0	18	28	0.9643992943966099	
3	0.5333754021576235	0.11316317727647134	STD	0.6188540959894699	1	18	261	0.9699967047641367	
4	0.5228257638719125	0.1527978029111725	STD	0.700592993149858	0	17	429	0.969175431775291	
5	0.5110057050013014	0.18322738970304364	STD	0.9327703667353098	1	19	750	0.9364947326995521	
6	0.46055093200691144	0.23803676739353677	STD	0.879185026455191	0	15	7	0.9679167220864351	
7	0.49049816672070146	0.0769888854245772	STD	0.8533185688217568	0	16	487	0.9719987311667129	
8	0.5243639373822653	0.14811813155714765	STD	0.2625603827691443	0	18	51	0.9679288283183493	
9	0.4372574223741947	0.2995079543610299	STD	0.5391107367062142	0	16	4	0.9736189561477233	
10	0.41937970228563354	0.33373740205414487	STD	0.704246095830571	0	15	0	0.9563148671980001	
11	0.4998163145722239	0.3654513890156738	STD	0.9933324101534793	0	15	1	0.9171079325689774	
12	0.515877597084288	0.3934792280858458	STD	0.951939958710017	0	12	0	0.9500837235792794	
13	0.527761674424959	0.4273044524055435	STD	0.6361508211182751	0	11	0	0.969348887441991	
14	0.5279485391483765	0.45960239084181165	STD	0.6935236946843941	0	12	0	0.8857991776768281	
15	0.5178388115657108	0.47324318956320754	STD	0.425069477686135	0	12	0	0.968745141669682	
16	0.4983862803694047	0.5086814241359012	STD	0.7140854186970902	0	11	0	0.9645497548508747	
17	0.19045354636733625	0.002995199780724391	STD	0.6219192316834772	1	5	314	0.9728192631950718	
18	0.260845314655781	0.09852695010641736	STD	0.7606498045408552	0	7	54	0.97848118172484	
19	0.23158108780837086	0.14021317238405023	STD	0.5778467737161097	16	10	780	0.9803423617272532	
20	0.2801200648305022	0.15889412442380177	STD	0.10452523149247117	0	8	35	0.9655575482312051	
21	0.23191891500510464	0.15860984189908572	STD	0.7786395459663331	25	10	814	0.9766616712208109	
22	0.24223756772992455	0.18442460012929646	STD	0.9054250805866255	5	8	384	0.9751976698000264	
23	0.368004880062751	0.2085094845428714	STD	0.9758551256526458	0	17	1321	0.9584251609593175	
24	0.3719839740227433	0.2215652327591495	STD	0.5115515536493871	1	17	513	0.9790396721851556	
25	0.3455553328417463	0.2744769879628167	STD	0.5500879239162211	0	15	176	0.9786885420712206	
26	0.44093575929207557	0.3712978642887976	STD	0.44394876026177243	0	15	1	0.9664085678723459	
27	0.36967671375721445	0.41015518237073767	STD	0.201191696096938	0	14	0	0.9117081010038391	
28	0.1573274485692997	0.4835700453482871	STD	0.705999057162997	0	1	0	0.9704896829927123	
29	0.36716528647906305	0.4179604961228007	STD	0.48091939473222123	0	13	0	0.9698699030288853	
30	0.22100419841716157	0.4019146525885682	STD	0.35277694220778577	0	4	0	0.9680366474043969	
31	0.47787268628758284	0.5480021666943438	STD	0.7032726674601113	0	11	0	0.957069102707861	
32	0.46676331894608003	0.6284350713290916	STD	0.570070482893547	0	7	0	0.9526342217523848	
33	0.4608416104655608	0.7277137825604496	STD	0.43298924311489406	0	7	0	0.9768013580717027	
34	0.4626107695368043	0.8130296791693479	STD	0.4211164052357912	4	15	875	0.9778406756806196	
35	0.41096732927400903	0.7751332799821633	STD	0.6930113663664423	8	12	153	0.9787561847546861	
36	0.28631860993830643	0.7727157794916976	STD	0.6530267711193929	3	9	224	0.9818530035306338	
37	0.2593266062207844	0.7914395937162324	STD	0.17083468359145781	2	9	589	0.9742336610146616	
38	0.22221233076092273	0.8261440423391756	STD	0.7198007451557684	17	9	1236	0.9654106520350899	
39	0.1527652674630883	0.8358499459600879	STD	0.6643271024414321	29	8	1192	0.9762958531654423	
40	0.28962421229098206	0.869035900942634	STD	0.9476520586680914	2	10	2367	0.9790044881020143	
41	0.3153375768362312	0.8870629299068465	STD	0.17847599834583883	0	11	69	0.9804149424511213	
42	0.38914135655596416	0.9106268739207488	STD	0.8705996742497777	2	13	482	0.9601125500351864	
43	0.48046327153884866	0.8968259831074697	STD	0.8445372060628169	5	13	1780	0.9771217488276841	
44	0.49826819224557845	0.9044854921625778	STD	0.21696033356486866	1	14	64	0.9734370919957339	
45	0.530170585639569	0.9121028717198222	STD	0.9875657324165847	0	15	187	0.9388692702467767	
46	0.4847793275811146	0.9204492747618408	STD	0.6941716532647397	0	10	6	0.9760347642939063	
47	0.5764771347969846	0.9306369200322399	STD	0.6336129032865039	1	15	169	0.9621093583941063	
48	0.6001695919630531	0.9436531031548717	STD	0.17256020999231292	0	15	2	0.9661604247559112	
49	0.5600944622629316	0.9598293649607524	STD	0.4636767461692315	1	13	4	0.9734434720598795	
50	0.676757136993029	0.9547977108106617	STD	0.005743625602107283	0	12	0	0.8700903441306432	
51	0.7136194046106153	0.9998054959685726	STD	0.4393829045762303	0	9	0	0.9652336686503183	
52	0.7111205214921377	0.9245728367440629	STD	0.31067531631492384	0	11	0	0.9662498546398683	
53	0.7026486286056469	0.8985914288740412	STD	0.3653931023536674	0	13	2	0.9696948677953284	
54	0.6841337084613773	0.8734880730081942	STD	0.2704410037208558	0	15	1	0.9699223974012124	
55	0.7487391586823343	0.8203755982229649	STD	0.28158379197544914	0	12	1	0.9238757451862809	
56	0.6913128608098928	0.8026145346104842	STD	0.8300014308341619	0	18	6	0.9672814164445445	
57	0.7062995413951377	0.7555676817559628	STD	0.9202801025384189	0	15	0	0.9642142780639998	
58	0.6946833467470882	0.6969819624143379	STD	0.024773019061071988	0	14	1	0.8947719491245344	
59	0.7445355675199029	0.6959235961593058	STD	0.0043955030246898286	0	8	0	0.8735566750279704	
60	0.7473714992321001	0.650423921638075	STD	0.7767181352457768	0	7	0	0.952166651411474	
61	0.7721569420072685	0.624518859745052	STD	0.4009246841477785	0	11	2	0.9561715274621174	
62	0.8472347325369116	0.5978493123203564	STD	0.3158613125186116	0	8	0	0.9546417653125856	
63	0.6209223901931383	0.862215538216282	EXIT	0.09340684037377867	0	11	2925	0.9477029412068496	
64	0.6867054774731324	0.6640745017298447	EXIT	0.44276767135037365	0	8	1	0.9457651085326164	
65	0.7439150209175545	0.6185191430027415	EXIT	0.8894984031409685	0	8	4	0.9702237314570716	
66	0.8022264606500168	0.6031697550197176	EXIT	0.4897821310701189	0	7	0	0.9205392787898876	
67	0.7063966504933027	0.6299630166307487	EXIT	0.34622412888138454	0	8	2	0.9637067208677389	
68	0.6461870198678478	0.09215924135885288	EXIT	0.6455755891475534	0	16	945	0.9702474370300213	
69	0.6634258961832257	0.1619477070633198	EXIT	0.6750680584678441	0	16	919	0.9696712756099227	
70	0.7037625067289622	0.06778424955955283	EXIT	0.5322286362104265	0	12	29	0.9648199695574755	
71	0.6987624479386872	0.18315924981954215	EXIT	0.17052770361017888	0	13	51	0.9622270661576751	
72	0.6538685441834395	0.0001945040314274314	STD	0.11282527072889215	0	11	0	0.9514421650914707	
73	0.559825411665789	0.03740877169667725	STD	0.9654983985428109	0	16	2	0.9355903771946678	
74	0.576153581988845	0.000263010258388662	STD	0.49975484880865473	0	16	0	0.9726235910678022	
75	0.6133145736295614	0.024517878037257763	STD	0.6041615736941612	0	17	1	0.9707631480178341	
76	0.6463688669273957	0.03557925245900701	STD	0.7862496224983011	0	16	1	0.9253597700720991	
77	0.6875197664588574	0.02368811010106969	STD	0.6090311635414465	0	13	0	0.9553151253800801	
78	0.7032177008976098	0.0027391257024041026	STD	0.7560117428681359	0	11	0	0.9588061686008216	
79	0.0	0.05573136187663241	ENTRY	0.0	2	3	1056	0.889678195594207	
80	0.0	0.8619207793216093	ENTRY	0.0	0	3	1058	0.9135597461853341	
81	0.0	0.7201338529336432	ENTRY	0.0	0	3	1046	0.9156075948822237	
82	0.0	0.18546792218326846	ENTRY	0.0	0	3	1008	0.8885167522409517	
83	0.0	0.9539756174441114	ENTRY	0.0	0	3	1044	0.9166399405996596	
