n_interc	
0	
0	
0	
0	
0	
0	
0	
0	
0	
0	
0	
0	
0	
0	
0	
0	
0	
0	
0	
0	
0	
0	
0	
0	
0	
0	
0	
0	
0	
0	
0	
0	
0	
0	
0	
0	
0	
0	
0	
0	
0	
0	
0	
0	
0	
0	
0	
0	
0	
0	
0	
0	
0	
0	
0	
0	
0	
0	
0	
0	
0	
0	
0	
0	
0	
1	
1	
1	
1	
1	
1	
1	
2	
2	
2	
2	
2	
2	
2	
2	
2	
2	
2	
2	
3	
3	
3	
3	
3	
3	
4	
4	
4	
5	
5	
5	
6	
7	
7	
7	
64	
66	
71	
73	
75	
76	
77	
77	
80	
82	
85	
86	
89	
92	
93	
95	
96	
98	
101	
102	
106	
108	
109	
109	
110	
112	
114	
117	
117	
119	
120	
123	
124	
126	
129	
130	
132	
133	
133	
135	
136	
137	
140	
142	
145	
146	
148	
150	
151	
153	
155	
158	
161	
163	
164	
165	
167	
168	
172	
174	
177	
179	
180	
181	
182	
186	
188	
188	
189	
191	
192	
196	
196	
197	
200	
202	
203	
204	
206	
207	
209	
211	
213	
215	
218	
219	
221	
224	
228	
229	
230	
231	
234	
236	
237	
239	
239	
242	
244	
244	
533	
536	
540	
545	
548	
551	
553	
554	
557	
562	
566	
570	
575	
579	
582	
586	
591	
595	
597	
602	
606	
608	
611	
615	
621	
622	
626	
628	
630	
634	
639	
642	
646	
648	
650	
653	
660	
664	
667	
672	
676	
681	
683	
688	
690	
695	
699	
700	
705	
706	
709	
711	
713	
714	
719	
720	
722	
725	
727	
728	
732	
735	
736	
739	
740	
742	
742	
743	
745	
746	
748	
749	
750	
753	
754	
757	
758	
760	
762	
763	
763	
764	
766	
768	
770	
771	
771	
772	
772	
774	
774	
776	
778	
779	
782	
783	
783	
783	
785	
787	
3263	
3268	
3272	
3275	
3278	
3281	
3288	
3290	
3293	
3297	
3303	
3304	
3306	
3308	
3311	
3314	
3319	
3324	
3325	
3327	
3330	
3330	
3333	
3338	
3341	
3345	
3346	
3350	
3356	
3360	
3364	
3369	
3373	
3376	
3378	
3381	
3389	
3395	
3399	
3403	
3408	
3409	
3412	
3415	
3420	
3423	
3429	
3433	
3439	
3441	
3444	
3447	
3449	
3452	
3456	
3458	
3459	
3463	
3467	
3468	
3474	
3476	
3478	
3479	
3481	
3483	
3487	
3490	
3490	
3491	
3492	
3496	
3498	
3501	
3504	
3507	
3512	
3516	
3517	
3517	
3520	
3521	
3528	
3529	
3532	
3534	
3536	
3536	
3539	
3541	
3546	
3546	
3547	
3547	
3549	
3552	
3556	
3559	
3561	
3563	
3037	
3041	
3045	
3047	
3049	
3049	
3050	
3052	
3053	
3053	
3053	
3055	
3056	
3057	
3059	
3065	
3066	
3068	
3070	
3074	
3075	
3080	
3082	
3082	
3082	
3084	
3084	
3085	
3088	
3088	
3088	
3090	
3092	
3096	
3096	
3098	
3101	
3103	
3103	
3105	
3107	
3108	
3110	
3111	
3112	
3113	
3113	
3114	
3116	
3117	
3118	
3118	
3119	
3119	
3121	
3121	
3122	
3122	
3124	
3127	
3129	
3131	
3132	
3133	
3133	
3136	
3138	
3138	
3141	
3143	
3147	
3149	
3151	
3152	
3154	
3156	
3156	
3159	
3160	
3161	
3163	
3164	
3167	
3169	
3174	
3175	
3177	
3181	
3182	
3182	
3183	
3184	
3186	
3188	
3190	
3191	
3193	
3194	
3195	
3198	
