n_interc	
0	
0	
0	
0	
0	
0	
0	
0	
0	
0	
0	
0	
0	
0	
0	
0	
0	
0	
0	
0	
0	
0	
0	
0	
0	
0	
0	
0	
0	
0	
0	
0	
0	
0	
0	
0	
0	
0	
0	
0	
0	
0	
0	
0	
0	
0	
0	
0	
0	
0	
0	
0	
0	
0	
1	
1	
1	
1	
1	
1	
1	
1	
1	
1	
1	
2	
2	
2	
2	
2	
2	
2	
3	
3	
3	
3	
3	
3	
3	
4	
4	
4	
4	
4	
4	
5	
5	
5	
5	
5	
5	
5	
5	
6	
6	
7	
7	
7	
8	
8	
72	
74	
76	
78	
79	
80	
83	
84	
86	
88	
89	
92	
93	
95	
96	
99	
100	
102	
104	
105	
106	
109	
111	
113	
115	
117	
119	
121	
123	
124	
125	
127	
129	
131	
134	
135	
136	
139	
141	
143	
146	
147	
150	
152	
153	
154	
156	
157	
158	
161	
163	
165	
167	
169	
171	
173	
174	
177	
179	
181	
183	
185	
186	
187	
189	
191	
193	
197	
198	
200	
201	
203	
206	
208	
210	
210	
213	
214	
216	
219	
220	
221	
224	
226	
228	
231	
233	
233	
235	
237	
240	
240	
242	
244	
245	
247	
248	
249	
251	
254	
551	
556	
560	
564	
568	
573	
578	
580	
584	
590	
596	
597	
602	
604	
609	
611	
615	
618	
622	
625	
628	
632	
635	
641	
643	
647	
650	
653	
659	
663	
665	
670	
673	
677	
680	
684	
687	
689	
694	
695	
700	
704	
707	
710	
713	
717	
721	
723	
727	
728	
730	
733	
734	
739	
742	
745	
747	
749	
752	
754	
756	
757	
759	
760	
763	
765	
766	
767	
768	
769	
770	
773	
774	
776	
777	
778	
779	
780	
781	
781	
782	
783	
784	
785	
786	
786	
787	
789	
790	
790	
791	
792	
793	
795	
795	
796	
797	
798	
799	
799	
3307	
3308	
3314	
3318	
3320	
3326	
3332	
3336	
3343	
3348	
3356	
3361	
3365	
3368	
3373	
3377	
3381	
3382	
3386	
3390	
3393	
3400	
3402	
3403	
3406	
3410	
3412	
3416	
3420	
3427	
3432	
3439	
3442	
3448	
3452	
3455	
3457	
3461	
3465	
3468	
3471	
3474	
3478	
3480	
3481	
3488	
3494	
3495	
3498	
3504	
3506	
3512	
3514	
3519	
3522	
3525	
3527	
3529	
3531	
3532	
3534	
3537	
3541	
3543	
3546	
3548	
3551	
3552	
3554	
3557	
3559	
3562	
3565	
3566	
3571	
3572	
3575	
3576	
3577	
3579	
3583	
3584	
3585	
3586	
3587	
3591	
3594	
3597	
3598	
3602	
3604	
3609	
3612	
3614	
3617	
3618	
3621	
3623	
3623	
3627	
3090	
3090	
3092	
3095	
3096	
3096	
3098	
3099	
3102	
3103	
3104	
3104	
3106	
3107	
3108	
3109	
3114	
3117	
3117	
3119	
3122	
3122	
3122	
3123	
3124	
3126	
3126	
3128	
3129	
3130	
3131	
3134	
3137	
3137	
3140	
3142	
3142	
3143	
3144	
3146	
3149	
3151	
3155	
3156	
3158	
3159	
3160	
3162	
3164	
3166	
3168	
3169	
3171	
3173	
3174	
3175	
3176	
3178	
3179	
3181	
3182	
3183	
3187	
3188	
3191	
3191	
3194	
3198	
3201	
3201	
3204	
3208	
3209	
3209	
3210	
3211	
3212	
3213	
3214	
3215	
3216	
3217	
3218	
3218	
3219	
3222	
3222	
3222	
3225	
3227	
3228	
3228	
3229	
3230	
3230	
3230	
3232	
3234	
3236	
3237	
