id	x	y	type	qual	N	n_links	count	acc	
1	0.5290865972208558	0.08782825570975693	STD	0.44283304439993665	0	18	0	0.9281998308939485	
2	0.5301822646847826	0.10720123054485474	STD	0.8675077577292563	0	18	133	0.9574441733702899	
3	0.5333754021576235	0.11316317727647134	STD	0.9970413805476224	0	18	368	0.9000400670379534	
4	0.5228257638719125	0.1527978029111725	STD	0.19749144102374294	0	17	2	0.9083871361051029	
5	0.5110057050013014	0.18322738970304364	STD	0.3018552748538641	1	19	1767	0.951795612803444	
6	0.46055093200691144	0.23803676739353677	STD	0.4371524210376567	0	15	0	0.9432187770630122	
7	0.49049816672070146	0.0769888854245772	STD	0.06513207100427776	0	16	4	0.8133110368726151	
8	0.5243639373822653	0.14811813155714765	STD	0.5754514330470974	0	18	172	0.9019325186074448	
9	0.4372574223741947	0.2995079543610299	STD	0.4200301415719405	0	16	14	0.9191197267491799	
10	0.41937970228563354	0.33373740205414487	STD	0.49726061158545476	0	15	1	0.9684080353647998	
11	0.4998163145722239	0.3654513890156738	STD	0.3116379315425315	0	15	1	0.9560521221480055	
12	0.515877597084288	0.3934792280858458	STD	0.8600323870406754	0	12	0	0.9670455849988584	
13	0.527761674424959	0.4273044524055435	STD	0.7222793801488419	0	11	0	0.9609511850698468	
14	0.5279485391483765	0.45960239084181165	STD	0.8511533520306795	0	12	0	0.8775508985797973	
15	0.5178388115657108	0.47324318956320754	STD	0.54064310759329	0	12	0	0.9657152922856541	
16	0.4983862803694047	0.5086814241359012	STD	0.35107816164536954	0	11	0	0.9545253062974307	
17	0.19045354636733625	0.002995199780724391	STD	0.8416173205424564	0	4	0	0.966586940103331	
18	0.260845314655781	0.09852695010641736	STD	0.7344378183923657	0	7	0	0.9050765724647963	
19	0.23158108780837086	0.14021317238405023	STD	0.47750652305559926	10	9	297	0.9729474096692081	
20	0.2801200648305022	0.15889412442380177	STD	0.228586891040913	0	8	0	0.8825844003244069	
21	0.23191891500510464	0.15860984189908572	STD	0.028017338319137552	2	9	162	0.8192691164196683	
22	0.24223756772992455	0.18442460012929646	STD	0.968472124875182	7	8	590	0.9088724377553437	
23	0.368004880062751	0.2085094845428714	STD	0.38576316605672023	0	17	520	0.9484002493611853	
24	0.3719839740227433	0.2215652327591495	STD	0.6337161321099207	0	17	158	0.9691217647429035	
25	0.3455553328417463	0.2744769879628167	STD	0.8348804028452421	1	15	1764	0.9768555748411623	
26	0.44093575929207557	0.3712978642887976	STD	0.9099379229518127	0	15	0	0.941011663486856	
27	0.36967671375721445	0.41015518237073767	STD	0.6463541028019644	0	14	0	0.9480094217623953	
28	0.1573274485692997	0.4835700453482871	STD	0.885003418785377	0	4	165	0.8046419905782771	
29	0.36716528647906305	0.4179604961228007	STD	0.9651901219039898	12	14	780	0.9325677148967332	
30	0.22100419841716157	0.4019146525885682	STD	0.47198887996561045	17	6	684	0.9720567145670039	
31	0.47787268628758284	0.5480021666943438	STD	0.05346494581135963	0	11	0	0.8233466249728488	
32	0.46676331894608003	0.6284350713290916	STD	0.2219914713187574	0	7	0	0.8376553518109839	
33	0.4608416104655608	0.7277137825604496	STD	0.7754870678949553	0	7	0	0.9753919945073254	
34	0.4626107695368043	0.8130296791693479	STD	0.211925217959251	0	15	45	0.9177504175437613	
35	0.41096732927400903	0.7751332799821633	STD	0.3694177658980726	0	12	31	0.9094507878786089	
36	0.28631860993830643	0.7727157794916976	STD	0.2463217014196184	0	9	27	0.9546687156476096	
37	0.2593266062207844	0.7914395937162324	STD	0.10230493658728701	2	8	234	0.921173236882786	
38	0.22221233076092273	0.8261440423391756	STD	0.6513340698141608	0	8	734	0.8726076972056395	
39	0.1527652674630883	0.8358499459600879	STD	0.7496973961396409	29	8	1673	0.9768642350887463	
40	0.28962421229098206	0.869035900942634	STD	0.2764792539886276	0	9	41	0.873104341029537	
41	0.3153375768362312	0.8870629299068465	STD	0.5900100814998226	2	11	2392	0.9758075277699197	
42	0.38914135655596416	0.9106268739207488	STD	0.05188192368517974	0	13	101	0.8534588935764721	
43	0.48046327153884866	0.8968259831074697	STD	0.07889222003267093	1	13	48	0.8556584611072194	
44	0.49826819224557845	0.9044854921625778	STD	0.7953900729017345	3	14	2477	0.9654775595964475	
45	0.530170585639569	0.9121028717198222	STD	0.42171206871773936	0	15	10	0.7874411566435449	
46	0.4847793275811146	0.9204492747618408	STD	0.22227674060236824	0	10	0	0.9217629987220755	
47	0.5764771347969846	0.9306369200322399	STD	0.33350805575175735	0	15	3	0.9579509226278228	
48	0.6001695919630531	0.9436531031548717	STD	0.3544286257963407	0	15	0	0.9363571462652358	
49	0.5600944622629316	0.9598293649607524	STD	0.5359312984408444	0	13	0	0.969713804606452	
50	0.676757136993029	0.9547977108106617	STD	0.6430372181862614	0	12	0	0.9375408237199065	
51	0.7136194046106153	0.9998054959685726	STD	0.8161992576819768	0	9	0	0.9228400055848426	
52	0.7111205214921377	0.9245728367440629	STD	0.6023936484510404	0	11	0	0.9581348825987305	
53	0.7026486286056469	0.8985914288740412	STD	0.9885387190220725	0	13	0	0.9001728014238767	
54	0.6841337084613773	0.8734880730081942	STD	0.03845334150986779	0	15	0	0.7938009168906369	
55	0.7487391586823343	0.8203755982229649	STD	0.7959458925192273	0	12	0	0.9063091024975894	
56	0.6913128608098928	0.8026145346104842	STD	0.7340251664822952	0	18	0	0.9489525345538359	
57	0.7062995413951377	0.7555676817559628	STD	0.15021330481062445	0	15	0	0.862457953327733	
58	0.6946833467470882	0.6969819624143379	STD	0.5787456438571867	0	14	0	0.93986838928021	
59	0.7445355675199029	0.6959235961593058	STD	0.4591267655502109	0	8	0	0.9575410156374055	
60	0.7473714992321001	0.650423921638075	STD	0.23015061328197217	0	7	0	0.8790990663206254	
61	0.7721569420072685	0.624518859745052	STD	0.4665653722388292	0	11	0	0.9377221307666981	
62	0.8472347325369116	0.5978493123203564	STD	0.94260573460516	0	8	0	0.7506086298341994	
63	0.6209223901931383	0.862215538216282	EXIT	0.675334733239489	0	11	2515	0.9681557295913096	
64	0.6867054774731324	0.6640745017298447	EXIT	0.4694900807436013	0	8	0	0.959585054939121	
65	0.7439150209175545	0.6185191430027415	EXIT	0.18122226596073165	0	8	0	0.8718355740729193	
66	0.8022264606500168	0.6031697550197176	EXIT	0.6511082280151448	0	7	0	0.9690637500102625	
67	0.7063966504933027	0.6299630166307487	EXIT	0.3637289093590612	0	8	0	0.9449404658979288	
68	0.6461870198678478	0.09215924135885288	EXIT	0.3767690629937548	0	16	75	0.9458027848372846	
69	0.6634258961832257	0.1619477070633198	EXIT	0.5883773085978001	0	16	652	0.95970141320107	
70	0.7037625067289622	0.06778424955955283	EXIT	0.2450273959868967	0	12	1	0.8233383826952312	
71	0.6987624479386872	0.18315924981954215	EXIT	0.7962803682074635	0	13	1663	0.8920660694969138	
72	0.6538685441834395	0.0001945040314274314	STD	0.24380883555793176	0	11	0	0.9213231615555417	
73	0.559825411665789	0.03740877169667725	STD	0.46233493232462997	0	16	0	0.9524977313582083	
74	0.576153581988845	0.000263010258388662	STD	0.9101218086908449	0	16	0	0.761284107173127	
75	0.6133145736295614	0.024517878037257763	STD	0.8781712295726851	0	17	0	0.8142666313807052	
76	0.6463688669273957	0.03557925245900701	STD	0.5391948950423837	0	16	0	0.9614840689127748	
77	0.6875197664588574	0.02368811010106969	STD	0.16067457272136276	0	13	0	0.8650747091265274	
78	0.7032177008976098	0.0027391257024041026	STD	0.6202918498313392	0	11	0	0.9501337362592085	
79	0.0	0.4834525715257103	ENTRY	0.0	0	3	1037	0.7628832775651168	
80	0.0	0.20427811752034897	ENTRY	0.0	1	3	1056	0.7269922621122868	
81	0.0	0.8676419555849375	ENTRY	0.0	0	3	1017	0.793367545326966	
82	0.0	0.6601685693792005	ENTRY	0.0	2	3	1037	0.7782132899168954	
83	0.0	0.5786831401757604	ENTRY	0.0	0	3	1055	0.8211308039850543	
