n_interc	
0	
0	
0	
0	
0	
0	
0	
0	
0	
0	
0	
0	
0	
0	
0	
0	
0	
0	
0	
0	
0	
0	
0	
0	
0	
0	
0	
0	
0	
0	
0	
0	
0	
0	
0	
0	
0	
0	
0	
0	
0	
0	
0	
0	
0	
0	
0	
0	
0	
0	
0	
0	
0	
0	
0	
0	
0	
0	
0	
0	
0	
1	
1	
1	
1	
1	
1	
1	
1	
1	
1	
1	
2	
2	
2	
2	
2	
3	
3	
3	
3	
3	
3	
3	
3	
3	
3	
3	
3	
4	
4	
4	
4	
4	
4	
4	
4	
4	
4	
5	
61	
64	
67	
69	
70	
72	
73	
76	
78	
80	
81	
83	
85	
86	
89	
90	
92	
94	
96	
98	
99	
100	
103	
104	
106	
107	
109	
113	
114	
117	
118	
119	
121	
123	
125	
127	
127	
129	
130	
134	
135	
136	
137	
139	
140	
142	
145	
147	
149	
150	
152	
154	
156	
157	
160	
161	
162	
164	
165	
170	
171	
173	
175	
176	
177	
179	
182	
184	
186	
188	
190	
191	
192	
195	
196	
199	
201	
202	
203	
206	
207	
209	
211	
211	
213	
214	
218	
220	
220	
221	
224	
225	
227	
229	
230	
230	
233	
234	
236	
239	
525	
527	
528	
533	
538	
542	
547	
549	
554	
558	
562	
565	
569	
573	
579	
582	
586	
590	
597	
602	
605	
611	
616	
619	
623	
625	
628	
632	
635	
638	
642	
647	
650	
652	
656	
659	
662	
665	
668	
670	
675	
677	
681	
686	
690	
692	
695	
697	
700	
704	
705	
710	
713	
715	
717	
719	
722	
724	
727	
730	
732	
734	
736	
737	
739	
741	
743	
746	
747	
748	
749	
750	
751	
754	
755	
756	
756	
757	
759	
761	
763	
764	
766	
767	
768	
769	
770	
771	
774	
775	
777	
778	
780	
780	
782	
784	
784	
786	
788	
789	
3270	
3273	
3277	
3280	
3285	
3290	
3293	
3295	
3300	
3303	
3307	
3312	
3317	
3323	
3329	
3333	
3337	
3339	
3343	
3349	
3354	
3356	
3361	
3365	
3369	
3374	
3380	
3384	
3388	
3392	
3395	
3400	
3405	
3411	
3413	
3417	
3419	
3425	
3431	
3436	
3440	
3446	
3449	
3453	
3456	
3460	
3463	
3466	
3470	
3472	
3475	
3479	
3480	
3483	
3485	
3489	
3492	
3497	
3498	
3498	
3503	
3506	
3508	
3512	
3514	
3521	
3522	
3524	
3526	
3528	
3532	
3534	
3536	
3540	
3543	
3545	
3548	
3552	
3556	
3558	
3558	
3563	
3564	
3566	
3568	
3568	
3572	
3573	
3574	
3574	
3578	
3580	
3584	
3584	
3585	
3586	
3588	
3590	
3590	
3592	
3062	
3064	
3064	
3067	
3067	
3071	
3071	
3071	
3072	
3074	
3074	
3076	
3078	
3081	
3084	
3085	
3088	
3091	
3093	
3095	
3097	
3098	
3098	
3101	
3104	
3105	
3108	
3109	
3109	
3110	
3110	
3110	
3111	
3112	
3112	
3113	
3114	
3115	
3116	
3119	
3120	
3121	
3121	
3124	
3126	
3131	
3135	
3137	
3139	
3139	
3141	
3143	
3143	
3144	
3147	
3148	
3149	
3150	
3151	
3151	
3153	
3154	
3155	
3158	
3161	
3162	
3162	
3164	
3165	
3166	
3168	
3168	
3168	
3169	
3169	
3171	
3174	
3177	
3178	
3181	
3181	
3181	
3182	
3185	
3185	
3186	
3186	
3187	
3189	
3189	
3190	
3191	
3193	
3195	
3196	
3196	
3197	
3197	
3197	
3198	
