id	type	l1	l2	friction	risk	count	acc	
1	FAST	1	2	0.02151630826214646	0.0	0	68.75966944588882	
2	FAST	1	3	0.027987052819351734	0.0	0	50.23109719834731	
3	FAST	1	4	0.07302656972007415	0.0	0	19.089858499268427	
4	FAST	1	5	0.10800269310982086	0.0	0	11.978230878193598	
5	FAST	1	6	0.2005826597473596	0.0	0	6.2969700801798565	
6	FAST	1	7	0.05791240055316788	0.0	0	31.081858390782635	
7	FAST	1	8	0.06855335822514483	0.0	0	20.4533178640631	
8	FAST	1	68	0.36490858423453987	0.048	0	7.530337426062219	
9	FAST	1	69	0.40115801759656244	0.048	0	5.473614321061846	
10	FAST	1	70	0.423550267947518	0.048	0	4.532562518033989	
11	FAST	1	71	0.44235053412726005	0.048	0	4.234107931604431	
12	FAST	1	72	0.28733633203502157	0.0	0	6.393315843231419	
13	FAST	1	73	0.1906077266698771	0.0	0	20.08020839261723	
14	FAST	1	74	0.20210142113627694	0.0	0	10.894087956255275	
15	FAST	1	75	0.2630703980821981	0.0	0	10.31457957622955	
16	FAST	1	76	0.3008008736105855	0.0	0	7.3256552687407135	
17	FAST	1	77	0.3450902934942693	0.0	0	5.279226337750743	
18	FAST	1	78	0.36284036573475764	0.0	0	4.446449703627365	
19	FAST	2	3	0.007516752227496343	0.0	0	205.36272933994002	
20	FAST	2	4	0.05255626523813813	0.0	0	27.81982378916402	
21	FAST	2	5	0.08753238084772358	0.0	0	16.2880219483395	
22	FAST	2	6	0.18130277439888826	0.0	0	7.241030772797795	
23	FAST	2	7	0.06458409111532147	0.0	0	25.589453807926944	
24	FAST	2	8	0.04808305763328943	0.0	0	31.123257246272424	
25	FAST	2	23	0.24993272053144797	0.0	133	5.071592369577577	
26	FAST	2	68	0.36470401260312413	0.048	4	7.634812593482127	
27	FAST	2	69	0.391780317504476	0.048	6	6.559381727161233	
28	FAST	2	70	0.4257275325971185	0.048	0	4.588302959581139	
29	FAST	2	71	0.43263050137245695	0.048	123	3.951892284191428	
30	FAST	2	72	0.3002858035948819	0.0	0	5.515326710878814	
31	FAST	2	73	0.2035572098999793	0.0	0	15.647540831644939	
32	FAST	2	74	0.21505090436637914	0.0	0	8.862212850535796	
33	FAST	2	75	0.2760198696420584	0.0	0	8.2880736771291	
34	FAST	2	76	0.3137503451704458	0.0	0	6.83221093638336	
35	FAST	2	77	0.3580397650541296	0.0	0	4.840431041466573	
36	FAST	3	4	0.04596140765847902	0.0	0	30.912048237979274	
37	FAST	3	5	0.08093752715814509	0.0	0	16.3345560048465	
38	FAST	3	6	0.18231210638901338	0.0	0	7.491233464317272	
39	FAST	3	7	0.06852057262560743	0.0	0	23.0080313032088	
40	FAST	3	8	0.04148820394371095	0.0	0	36.49167759539878	
41	FAST	3	23	0.253869190371492	0.0	368	4.3869472235755795	
42	FAST	3	68	0.3624783762095865	0.048	3	7.748376804476146	
43	FAST	3	69	0.3866275625916361	0.048	65	6.086653729815932	
44	FAST	3	70	0.424054534998753	0.048	1	4.352767264156714	
45	FAST	3	71	0.42731742112785376	0.048	299	3.4416278672767615	
46	FAST	3	72	0.30422229677540974	0.0	0	5.794847015335552	
47	FAST	3	73	0.20749369141026527	0.0	0	13.824458908539519	
48	FAST	3	74	0.2189873742064232	0.0	0	8.390177412833456	
49	FAST	3	75	0.27995636282258624	0.0	0	8.511172979517614	
50	FAST	3	76	0.3176868383509737	0.0	0	6.532975987201192	
51	FAST	3	77	0.36197625823465746	0.0	0	4.921480509141563	
52	FAST	4	5	0.03612179881582182	0.0	0	40.66680640484907	
53	FAST	4	6	0.131309053093839	0.0	0	11.54969902168522	
54	FAST	4	7	0.11268187659387058	0.0	0	14.346255264739828	
55	FAST	4	8	0.007503043583361338	0.0	0	269.3616534021976	
56	FAST	4	9	0.19906910328632327	0.0	2	5.599848937722538	
57	FAST	4	23	0.20219244902298494	0.0	0	6.610214750261125	
58	FAST	4	24	0.1883962275027891	0.0	0	6.064317585809745	
59	FAST	4	68	0.38518730849483807	0.048	0	6.278397100966707	
60	FAST	4	69	0.38862564188147486	0.048	0	6.4518245319393435	
61	FAST	4	71	0.42626530464684514	0.048	2	4.387916108030099	
62	FAST	4	73	0.25165497981820595	0.0	0	8.500522864479722	
63	FAST	4	74	0.26314868595484764	0.0	0	5.8375496851889705	
64	FAST	4	75	0.32411765123052694	0.0	0	5.96269022120574	
65	FAST	4	76	0.36184812675891437	0.0	0	5.261864311163609	
66	FAST	5	6	0.09695465406038882	0.0	0	16.082324085492324	
67	FAST	5	7	0.1480079633072034	0.0	0	10.648607137827451	
68	FAST	5	8	0.04282913807685543	0.0	0	35.275379633845034	
69	FAST	5	9	0.1647147042528731	0.0	1	7.986721237998332	
70	FAST	5	10	0.20580158024837855	0.0	1	6.196458972315799	
71	FAST	5	11	0.315176425388388	0.0	1	4.564590094025604	
72	FAST	5	23	0.1678380499895348	0.0	0	7.33924642399997	
73	FAST	5	24	0.1540418323594195	0.0	11	7.969879013615341	
74	FAST	5	25	0.21818540685428356	0.0	1763	2.7618056804593	
75	FAST	5	68	0.41072317596004826	0.048	64	5.086084249637977	
76	FAST	5	69	0.4016265693558544	0.048	524	4.718953905951684	
77	FAST	5	71	0.4354848530175842	0.048	1178	2.643278584871199	
78	FAST	5	73	0.2869810937621032	0.0	0	5.821951386607127	
79	FAST	5	74	0.2984747765582611	0.0	0	4.565484525499332	
80	FAST	5	75	0.3594437418339404	0.0	0	4.937920023056123	
81	FAST	6	7	0.22348282140222536	0.0	0	5.897087002858313	
82	FAST	6	8	0.1367366608602571	0.0	0	10.463958657998313	
83	FAST	6	9	0.07023925303818712	0.0	0	19.130450831048737	
84	FAST	6	10	0.11132612125353132	0.0	0	11.503220973562392	
85	FAST	6	11	0.2207009547232989	0.0	0	7.555140209506885	
86	FAST	6	12	0.25762382228263525	0.0	0	5.735091113187194	
87	FAST	6	23	0.1142018866986697	0.0	0	11.912185774942646	
88	FAST	6	24	0.1001154807239066	0.0	0	13.697124817148794	
89	FAST	6	25	0.16454923189317652	0.0	0	9.002676362449932	
90	FAST	6	26	0.15947391760864105	0.0	0	7.7361908458151465	
91	FAST	7	8	0.10798518774699241	0.0	0	15.193319132197166	
92	FAST	7	23	0.2485729428477388	0.0	0	5.472429029453826	
93	FAST	7	24	0.2631165461086946	0.0	4	4.81708194088314	
94	FAST	7	68	0.40415430617655823	0.048	0	5.2236942400096975	
95	FAST	7	69	0.4403988038214797	0.048	4	3.905595534128861	
96	FAST	7	72	0.25068690991330783	0.0	0	5.081627822696404	
97	FAST	7	73	0.15395831621840525	0.0	0	14.47218640843967	
98	FAST	7	74	0.16545201068480506	0.0	0	9.392698618240923	
99	FAST	7	75	0.22642097596048436	0.0	0	8.046126609766564	
100	FAST	7	76	0.26415145148887176	0.0	0	5.555209054189908	
101	FAST	8	9	0.20593583471103105	0.0	11	5.826446321788494	
102	FAST	8	23	0.20905918044769273	0.0	19	5.7583951061342376	
103	FAST	8	24	0.19526296281757746	0.0	143	5.738058420914964	
104	FAST	8	68	0.381788758681206	0.048	6	5.970774699137976	
105	FAST	8	69	0.3874760334580042	0.048	67	5.7405861045759545	
106	FAST	8	71	0.4256121061407696	0.048	99	4.260265867047517	
107	FAST	8	72	0.34401116178742613	0.0	0	4.396938111376228	
108	FAST	8	73	0.2472825797627654	0.0	0	8.76589963380359	
109	FAST	8	74	0.25877625866884274	0.0	0	6.321259346975871	
110	FAST	8	75	0.3197452278346027	0.0	0	5.725885812816607	
111	FAST	8	76	0.3574757033629901	0.0	0	5.232790758538947	
112	FAST	9	10	0.042910483552879006	0.0	0	33.72375137018308	
113	FAST	9	11	0.15228532869288847	0.0	0	12.944575915637996	
114	FAST	9	12	0.18920818458198294	0.0	0	8.895849729860128	
115	FAST	9	13	0.22995744825989792	0.0	0	6.001260775464641	
116	FAST	9	14	0.25331769753086336	0.0	0	5.053323539304872	
117	FAST	9	15	0.24757465090643752	0.0	0	5.011364900467976	
118	FAST	9	23	0.17921559053844677	0.0	0	9.575011018440463	
119	FAST	9	24	0.16512918067360308	0.0	0	10.717796838773104	
120	FAST	9	25	0.17977600333395677	0.0	0	11.27230740019045	
121	FAST	9	26	0.09105827990798876	0.0	0	16.503486236719592	
122	FAST	9	27	0.17848346569391205	0.0	0	8.172084655900816	
123	FAST	9	29	0.1855811706559399	0.0	14	7.650128038782629	
124	FAST	10	11	0.10937484514000945	0.0	0	14.090760208375526	
125	FAST	10	12	0.1462977010291039	0.0	0	10.098566943901039	
126	FAST	10	13	0.18704696470701887	0.0	0	7.305672994858433	
127	FAST	10	14	0.21040721786806496	0.0	0	6.042157229454393	
128	FAST	10	15	0.2046641673535585	0.0	0	6.070112837640801	
129	FAST	10	16	0.20323672949747695	0.0	0	5.2103217665775166	
130	FAST	10	23	0.213153638132304	0.0	0	7.875979630821017	
131	FAST	10	24	0.199016878953885	0.0	0	8.505116049629217	
132	FAST	10	25	0.13705416535107862	0.0	0	12.709652007957612	
133	FAST	10	26	0.04814779635510974	0.0	0	31.62178379843083	
134	FAST	10	27	0.1355729938112749	0.0	0	12.89754507264734	
135	FAST	10	29	0.14267068710306088	0.0	1	11.997242093207488	
136	FAST	11	12	0.0364924262477068	0.0	0	41.91993796598642	
137	FAST	11	13	0.07678160230952209	0.0	0	18.306372534356868	
138	FAST	11	14	0.1121667443368769	0.0	0	11.935356681874813	
139	FAST	11	15	0.13120902745063714	0.0	0	10.649619533268064	
140	FAST	11	16	0.21670056307836655	0.0	0	7.006640039180203	
141	FAST	11	24	0.31300570982660975	0.0	0	4.9380624663843165	
142	FAST	11	25	0.2510430001138839	0.0	0	5.191374533832831	
143	FAST	11	26	0.0629029032998397	0.0	0	21.329886883697768	
144	FAST	11	27	0.15032809297584365	0.0	0	8.026640485867555	
145	FAST	11	29	0.1574258018279521	0.0	1	7.641198987874201	
146	FAST	11	31	0.2612748846871239	0.0	0	5.442424119772823	
147	FAST	12	13	0.041186765485885346	0.0	0	37.02702951877499	
148	FAST	12	14	0.0765719114033208	0.0	0	18.86434632672083	
149	FAST	12	15	0.09561419451708102	0.0	0	15.102002935616548	
150	FAST	12	16	0.14372326122945295	0.0	0	10.081869971472988	
151	FAST	12	26	0.09403059326424705	0.0	0	15.621309221674084	
152	FAST	12	27	0.1814557907204122	0.0	0	7.673965002822071	
153	FAST	12	29	0.18855348401219818	0.0	0	6.91146507340536	
154	FAST	12	31	0.19481717124778766	0.0	0	7.157447251808323	
155	FAST	13	14	0.035643937421330284	0.0	0	39.66950871359773	
156	FAST	13	15	0.05468622442517113	0.0	0	27.946739031058698	
157	FAST	13	16	0.10279528335738179	0.0	0	13.68720269782934	
158	FAST	13	26	0.13496519205354798	0.0	0	10.796163795957144	
159	FAST	13	27	0.22239038950971318	0.0	0	6.329035902639174	
160	FAST	13	29	0.22948808669157972	0.0	0	6.227562628828778	
161	FAST	13	31	0.15388919337571655	0.0	0	8.466363893252014	
162	FAST	14	15	0.019130319528464904	0.0	0	81.26395133096337	
163	FAST	14	16	0.06723938624083681	0.0	0	21.1984926991233	
164	FAST	14	26	0.1630868027618412	0.0	0	9.62660637499875	
165	FAST	14	27	0.2503014029230186	0.0	0	5.873241978025172	
166	FAST	14	29	0.25739912344536897	0.0	0	5.746959294073592	
167	FAST	14	31	0.1183333001492522	0.0	0	11.733110318922805	
168	FAST	14	32	0.21194727355834295	0.0	0	5.480563763728356	
169	FAST	15	16	0.048585982817270716	0.0	0	32.90749661853439	
170	FAST	15	26	0.15747477794306555	0.0	0	8.422505532328797	
171	FAST	15	27	0.244689378104243	0.0	0	6.222431993955514	
172	FAST	15	29	0.25178707528610955	0.0	0	6.139284092180416	
173	FAST	15	31	0.09967989283560547	0.0	0	14.302231453034368	
174	FAST	15	32	0.1932938779149381	0.0	0	6.506231891359477	
175	FAST	16	26	0.15613073174541822	0.0	0	7.810382051140651	
176	FAST	16	27	0.24334533190659563	0.0	0	7.341657065654523	
177	FAST	16	29	0.250443052428946	0.0	0	6.230566090730984	
178	FAST	16	31	0.05291526521902438	0.0	0	28.66745689208131	
179	FAST	16	32	0.14652924640827636	0.0	0	8.94251723496351	
180	FAST	17	18	0.144492633596006	0.0	0	9.783072247064817	
181	FAST	17	19	0.20948451408345695	0.0	0	6.983349867719864	
182	FAST	17	20	0.22112509410431017	0.0	0	5.576408329706118	
183	FAST	17	21	0.2301959607734761	0.0	0	6.122072904439052	
184	FAST	18	19	0.06547912086633792	0.0	0	24.757847099569535	
185	FAST	18	20	0.07711971255743301	0.0	0	19.68863921109516	
186	FAST	18	21	0.08619056366627643	0.0	0	18.302030133562408	
187	FAST	18	22	0.11826343430116347	0.0	0	13.704750574888148	
188	FAST	18	23	0.2031332533527576	0.0	0	6.603735140815359	
189	FAST	18	24	0.21725088889480668	0.0	0	6.337563345586637	
190	FAST	19	20	0.0557718564567446	0.0	0	25.152722489611243	
191	FAST	19	21	0.020826386902350846	0.0	0	73.04722252538151	
192	FAST	19	22	0.052899253647157266	0.0	0	27.860236363464615	
193	FAST	19	23	0.18178540114214978	0.0	44	7.0552533849306265	
194	FAST	19	24	0.19590302501395698	0.0	24	6.411748133825154	
195	FAST	19	25	0.25918542512951476	0.0	219	4.960414356027318	
196	FAST	20	21	0.051960300995763854	0.0	0	27.671495382727763	
197	FAST	20	22	0.057609725049702395	0.0	0	28.15307651604362	
198	FAST	20	23	0.12831906321120456	0.0	0	11.951057814898297	
199	FAST	20	24	0.14243669875325368	0.0	0	10.597202354141519	
200	FAST	20	25	0.20571908719856957	0.0	0	7.828731488143997	
201	FAST	21	22	0.03241731782414188	0.0	0	46.64766826047893	
202	FAST	21	23	0.177942145414127	0.0	38	7.428727201841154	
203	FAST	21	24	0.1920597848462567	0.0	24	7.013866223794598	
204	FAST	21	25	0.25534216940149196	0.0	98	5.851937874023592	
205	FAST	22	23	0.18354915202889183	0.0	438	7.3300795054785315	
206	FAST	22	24	0.19766678757094094	0.0	110	7.04055171927067	
207	FAST	22	25	0.2609491876864987	0.0	35	7.038285460600337	
208	FAST	23	24	0.014785710209034767	0.0	0	101.82378331895923	
209	FAST	23	25	0.07806810643451191	0.0	0	18.25194080618199	
210	FAST	23	26	0.26582657077857297	0.0	0	5.157535068906761	
211	FAST	24	25	0.06401010971857911	0.0	0	21.59332745448973	
212	FAST	24	26	0.25176857017255955	0.0	0	6.1968978023095564	
213	FAST	24	27	0.3391937559584829	0.0	0	4.689279962056121	
214	FAST	25	26	0.1896613206239994	0.0	0	7.4881435922715385	
215	FAST	25	27	0.2770865064099227	0.0	0	7.140708336146973	
216	FAST	25	29	0.28418422304219243	0.0	752	5.301949663363199	
217	FAST	25	30	0.4521379951502652	0.0	667	3.1913020930850613	
218	FAST	26	27	0.08793642018212716	0.0	0	15.320280127465269	
219	FAST	26	29	0.09503412125407436	0.0	0	13.849732912179002	
220	FAST	26	31	0.2001531209344359	0.0	0	5.752196202580282	
221	FAST	27	29	0.009295402123045745	0.0	0	167.13237991220953	
222	FAST	27	30	0.1772491897914411	0.0	0	7.1709864289754135	
223	FAST	27	31	0.28774323446876776	0.0	0	5.262892964726986	
224	FAST	28	30	0.15944353607893208	0.0	138	10.977001313655965	
225	FAST	29	30	0.16795380711879848	0.0	0	7.034889758337961	
226	FAST	29	31	0.2954023675373496	0.0	0	5.428097337811693	
227	FAST	31	32	0.09361397729917137	0.0	0	14.48756395256045	
228	FAST	31	33	0.20448155529861253	0.0	0	5.540733863911539	
229	FAST	32	33	0.11533800808672107	0.0	0	11.33336608332048	
230	FAST	32	34	0.21282922874836685	0.0	0	5.287734063873537	
231	FAST	32	35	0.1856925008734483	0.0	0	6.310862692637671	
232	FAST	33	34	0.09994297898851423	0.0	0	13.821551623454772	
233	FAST	33	35	0.08939985684434527	0.0	0	17.95463280406451	
234	FAST	33	36	0.23577195177538954	0.0	0	5.679590396364327	
235	FAST	33	43	0.21187265792180676	0.0	0	6.023977223771948	
236	FAST	33	44	0.23313834384937832	0.0	0	5.147247166899859	
237	FAST	34	35	0.07425086367565223	0.0	1	19.4516113457984	
238	FAST	34	36	0.22119958914834686	0.0	27	5.173560612621777	
239	FAST	34	40	0.21309968660406667	0.0	14	5.148680419748557	
240	FAST	34	41	0.19701331626663482	0.0	3	6.714362900291401	
241	FAST	34	42	0.19652467156864095	0.0	0	8.859831142966453	
242	FAST	34	43	0.11495453171851999	0.0	0	13.777932998804006	
243	FAST	34	44	0.1362202176460916	0.0	0	11.510716333698815	
244	FAST	34	45	0.17083477360173724	0.0	0	8.879309678625654	
245	FAST	34	46	0.1415772009986984	0.0	0	10.252001745211754	
246	FAST	34	47	0.2729031837234328	0.0	0	6.2219442599993595	
247	FAST	34	48	0.30365908701192784	0.0	0	4.802702834905815	
248	FAST	34	49	0.2550983585980977	0.0	0	5.48275720855161	
249	FAST	34	63	0.41350450727089905	0.048	45	4.846811880900734	
250	FAST	35	36	0.15314777123847956	0.0	0	8.83529859230686	
251	FAST	35	37	0.18349454307702828	0.0	31	7.17174648920685	
252	FAST	35	40	0.18010409662424917	0.0	0	6.897916477218969	
253	FAST	35	41	0.1906017709564348	0.0	0	6.9722867277595	
254	FAST	35	42	0.2441990567814982	0.0	0	7.477041085726996	
255	FAST	35	43	0.16262891693137727	0.0	0	7.575825318889779	
256	FAST	35	44	0.18389460285894885	0.0	27	6.5474516433331695	
257	FAST	35	45	0.21850915881459448	0.0	3	5.018767278188114	
258	FAST	35	46	0.18925158232147501	0.0	0	6.141886270953275	
259	FAST	36	37	0.03814278128412667	0.0	0	39.122485979830074	
260	FAST	36	38	0.11676273844668511	0.0	25	14.240542212448382	
261	FAST	36	39	0.19725989680743664	0.0	2	6.897353593725776	
262	FAST	36	40	0.1635373363399172	0.0	0	12.250413697327241	
263	FAST	36	41	0.3269651669101407	0.0	0	8.259146884077621	
264	FAST	36	42	0.39092006082427827	0.0	0	4.90238373687153	
265	FAST	37	38	0.08093381602122546	0.0	2	24.011351591733572	
266	FAST	37	39	0.15061684588073954	0.0	0	9.404555006232023	
267	FAST	37	40	0.14019839693063493	0.0	0	13.86631950694442	
268	FAST	37	41	0.3579232571393046	0.0	199	8.065092260605262	
269	FAST	37	42	0.4218781277129583	0.0	2	4.514943932248098	
270	FAST	38	39	0.08372419808664779	0.0	0	18.395972071636802	
271	FAST	38	40	0.11208962348841593	0.0	39	14.683069516665546	
272	FAST	38	41	0.40779445257479646	0.0	569	6.605469990372822	
273	FAST	38	42	0.46110764581155694	0.0	99	3.7999579776566144	
274	FAST	39	40	0.19341849275779302	0.0	2	7.4314397482902965	
275	FAST	39	41	0.48912332573425416	0.0	1640	2.584562836526923	
276	FAST	40	41	0.2986730228472532	0.0	1	35.418990670135464	
277	FAST	40	42	0.3519861888534493	0.0	0	8.849756051978291	
278	FAST	40	43	0.30170619262486453	0.0	26	4.5482025670364195	
279	FAST	41	42	0.25357444285234754	0.0	0	13.146083495302982	
280	FAST	41	43	0.20648708636666077	0.0	23	6.036732560726454	
281	FAST	41	44	0.22937622353302517	0.0	2364	2.4856852077861	
282	FAST	41	46	0.2310540153081182	0.0	0	5.7725323488989	
283	FAST	42	43	0.11780820928584947	0.0	0	12.701358324330014	
284	FAST	42	44	0.13084020112608316	0.0	91	10.02352162267833	
285	FAST	42	45	0.16679591294946913	0.0	7	7.162249726562573	
286	FAST	42	46	0.1325179929011762	0.0	0	11.720758866187502	
287	FAST	42	47	0.24937123796376515	0.0	3	4.967220620175665	
288	FAST	42	49	0.20710935144416465	0.0	0	5.499890734078553	
289	FAST	43	44	0.023101644490940768	0.0	0	68.35928853031875	
290	FAST	43	45	0.05771618877634452	0.0	0	24.4162841385084	
291	FAST	43	46	0.0288340089539606	0.0	0	56.84143872046601	
292	FAST	43	47	0.159784610568282	0.0	0	11.284404689076052	
293	FAST	43	48	0.19054051385677703	0.0	0	8.366039367467959	
294	FAST	43	49	0.14197978544294687	0.0	0	10.915603225308589	
295	FAST	43	63	0.3923885515678148	0.048	47	5.508869696651859	
296	FAST	44	45	0.03650977211722949	0.0	0	41.05272819532364	
297	FAST	44	46	0.02575993886862073	0.0	0	63.76360464900841	
298	FAST	44	47	0.14086488833480484	0.0	0	14.147311533160085	
299	FAST	44	48	0.171620779953058	0.0	0	9.999486957456137	
300	FAST	44	49	0.12306006320946969	0.0	0	14.581540146347812	
301	FAST	44	50	0.2795338767258421	0.0	0	5.019208701013352	
302	FAST	44	54	0.4062621031342436	0.0	0	4.564921385144964	
303	FAST	44	63	0.3774616757931424	0.048	2474	2.4641230025221983	
304	FAST	45	46	0.05900224943214269	0.0	0	28.4221901334921	
305	FAST	45	47	0.11029916330807826	0.0	0	24.85113986550054	
306	FAST	45	48	0.1410550549263314	0.0	0	14.462486252817587	
307	FAST	45	49	0.07388850655518356	0.0	0	22.331614370577995	
308	FAST	45	50	0.2303623317417979	0.0	0	6.832009261443651	
309	FAST	45	52	0.29512067512879453	0.0	0	4.850391186383261	
310	FAST	45	53	0.3237251926661545	0.0	0	5.065273842370655	
311	FAST	45	54	0.3570905581501994	0.0	0	5.391379260797156	
312	FAST	45	56	0.4526480314016355	0.0	0	3.843162518683713	
313	FAST	45	63	0.3512879165346726	0.048	10	9.380068692365459	
314	FAST	46	47	0.15177768484110474	0.0	0	12.316681024736692	
315	FAST	46	48	0.1825335725692773	0.0	0	9.056860282074139	
316	FAST	46	49	0.1095157983215043	0.0	0	13.276084697837012	
317	FAST	47	48	0.033308403033401005	0.0	0	47.57986829018224	
318	FAST	47	49	0.04335293354340888	0.0	0	38.07346094201717	
319	FAST	47	50	0.13698732987579948	0.0	0	10.677970335668412	
320	FAST	47	51	0.1911754722673719	0.0	0	6.905372607743311	
321	FAST	47	52	0.21128708019471065	0.0	0	7.787463727011493	
322	FAST	47	53	0.2398915977320707	0.0	0	8.042111171888886	
323	FAST	47	54	0.2732569865565993	0.0	0	8.075973920706453	
324	FAST	47	56	0.3688144364675517	0.0	0	4.882438673575084	
325	FAST	47	63	0.32931771848225994	0.048	3	11.400668717880748	
326	FAST	48	49	0.07429681330803665	0.0	0	28.414671349943248	
327	FAST	48	50	0.10466340899746844	0.0	0	16.173616296444475	
328	FAST	48	51	0.15885155138904086	0.0	0	8.913381516367922	
329	FAST	48	52	0.17896317098662154	0.0	0	9.931801223164614	
330	FAST	48	53	0.2075677001942234	0.0	0	9.230005628731833	
331	FAST	48	54	0.2409330695683489	0.0	0	9.469223918923301	
332	FAST	48	55	0.31065396158262065	0.0	0	4.66663378756722	
333	FAST	48	56	0.33649051558922066	0.0	0	5.128856836294423	
334	FAST	48	63	0.33176830010421277	0.048	0	11.127111314166951	
335	FAST	49	50	0.1566683642287674	0.0	0	9.68703595472275	
336	FAST	49	51	0.1845573986865216	0.0	0	6.425605386970188	
337	FAST	49	52	0.22142669594552217	0.0	0	6.247277368323821	
338	FAST	49	53	0.25003121348288215	0.0	0	6.550488837251549	
339	FAST	49	54	0.28339660619749146	0.0	0	6.095759057467972	
340	FAST	50	51	0.08115968188268026	0.0	0	21.882447463293346	
341	FAST	50	52	0.07399500529255132	0.0	0	28.092690578644643	
342	FAST	50	53	0.10259952671999197	0.0	0	21.000780533403287	
343	FAST	50	54	0.13596489609411744	0.0	0	14.427188116430584	
344	FAST	50	55	0.20568579977863108	0.0	0	6.380131026128606	
345	FAST	50	56	0.2315223537852311	0.0	0	6.485788139166604	
346	FAST	50	57	0.28310399822269255	0.0	0	4.541248840932107	
347	FAST	51	52	0.0866936794642085	0.0	0	16.6872065001676	
348	FAST	51	53	0.1152981970015685	0.0	0	11.70232342892602	
349	FAST	51	54	0.14866356637569397	0.0	0	8.897502405626769	
350	FAST	51	55	0.21838445838996573	0.0	0	5.634818170184189	
351	FAST	51	56	0.2442210123965657	0.0	0	4.432320400623603	
352	FAST	52	53	0.027119747672974932	0.0	0	48.81511475532734	
353	FAST	52	54	0.06466182659652175	0.0	0	21.351582724564736	
354	FAST	52	55	0.13438272639095475	0.0	0	10.711368149025851	
355	FAST	52	56	0.16021928039755476	0.0	0	8.820374256234329	
356	FAST	52	57	0.2118009365052582	0.0	0	5.993068481425494	
357	FAST	53	54	0.03255763303241363	0.0	0	41.099562293100234	
358	FAST	53	55	0.1392847375834884	0.0	0	13.013405865439633	
359	FAST	53	56	0.12811509072352725	0.0	0	11.56395078783559	
360	FAST	53	57	0.1796967429411501	0.0	0	7.4086442500331575	
361	FAST	53	58	0.2558494359154547	0.0	0	4.720373532698317	
362	FAST	53	63	0.337184139804537	0.048	0	10.829333983920343	
363	FAST	54	55	0.09882882488577224	0.0	0	14.809320540816428	
364	FAST	54	56	0.09594506921502285	0.0	0	17.04598486485394	
365	FAST	54	57	0.14752673699296817	0.0	0	9.63966044823105	
366	FAST	54	58	0.2236794182970309	0.0	0	5.366399876940238	
367	FAST	54	59	0.23363279643775064	0.0	0	5.209871996022609	
368	FAST	54	63	0.31193667033525635	0.048	0	16.874408233428618	
369	FAST	55	56	0.10245118238530287	0.0	0	20.15147394260889	
370	FAST	55	57	0.11688081406400345	0.0	0	15.871457682828646	
371	FAST	55	58	0.19303349536806622	0.0	0	7.695073892295598	
372	FAST	55	59	0.15404239253103003	0.0	0	9.316745656027383	
373	FAST	55	60	0.199998124561872	0.0	0	5.623140306283884	
374	FAST	55	61	0.21647929140213404	0.0	0	5.045779986429997	
375	FAST	56	57	0.051750960196819136	0.0	0	25.46380018724622	
376	FAST	56	58	0.12790363761080126	0.0	0	10.728559299798222	
377	FAST	56	59	0.1378570196416016	0.0	0	9.525591919518071	
378	FAST	56	60	0.1863277627103322	0.0	0	6.600235908961022	
379	FAST	56	61	0.2295672264918869	0.0	0	4.87273080314349	
380	FAST	56	63	0.3399620284812417	0.048	0	10.49045154208843	
381	FAST	56	64	0.38634472259083835	0.048	0	6.341506316445121	
382	FAST	56	65	0.43919115018064	0.048	0	3.992640177838615	
383	FAST	56	67	0.42103726473208475	0.048	0	4.544375413770855	
384	FAST	57	58	0.07675344979601327	0.0	0	21.44275021733446	
385	FAST	57	59	0.08670683571689426	0.0	0	17.24564984913267	
386	FAST	57	60	0.13517757878562484	0.0	0	10.302409465102512	
387	FAST	57	61	0.17841704256717958	0.0	0	7.16945991735149	
388	FAST	57	63	0.384340773682992	0.048	0	6.346370693177013	
389	FAST	57	64	0.3412958770645092	0.048	0	9.849684903658193	
390	FAST	57	65	0.38984504348251814	0.048	0	6.072811748827551	
391	FAST	57	66	0.42780336506585737	0.048	0	4.274160733737709	
392	FAST	57	67	0.37333280038000694	0.048	0	7.187881930439831	
393	FAST	58	59	0.07200593315564248	0.0	0	25.64912211790466	
394	FAST	58	60	0.08743951295287825	0.0	0	17.585887219179806	
395	FAST	58	61	0.1310579211587018	0.0	0	11.109944706042315	
396	FAST	58	62	0.255370979338627	0.0	0	5.336274262611688	
397	FAST	58	63	0.42867785119451274	0.048	0	4.282643922220631	
398	FAST	58	64	0.2815888030664809	0.048	0	31.43922494116229	
399	FAST	58	65	0.3403573143357273	0.048	0	10.266983505801246	
400	FAST	58	66	0.39043847436779794	0.048	0	6.033434802548876	
401	FAST	58	67	0.31576294598180515	0.048	0	14.304650618563201	
402	FAST	59	60	0.049577043098683535	0.0	0	28.733055595604476	
403	FAST	59	61	0.09281650299015765	0.0	0	16.361857224875973	
404	FAST	59	62	0.19190307683821625	0.0	0	7.741762454602767	
405	FAST	60	61	0.04366750880351709	0.0	0	37.21546381670433	
406	FAST	60	62	0.16798056309336168	0.0	0	9.660700010867135	
407	FAST	61	62	0.1284738884202208	0.0	0	15.745359348823936	
408	FAST	61	64	0.34189073151411264	0.048	0	10.19593104771274	
409	FAST	61	65	0.27660027650124386	0.048	0	37.81468429583756	
410	FAST	61	66	0.2846057362515169	0.048	0	29.880597311120948	
411	FAST	61	67	0.313713359586781	0.048	0	15.893137653911234	
412	FAST	62	64	0.4213812504185731	0.048	0	4.4646962301395545	
413	FAST	62	65	0.3530950978131749	0.048	0	8.691414951322043	
414	FAST	62	66	0.29304974429611425	0.048	0	23.099329196458456	
415	FAST	62	67	0.39218104977363377	0.048	0	6.050038142242528	
416	FAST	64	65	0.3208596406357785	0.048	0	12.84186924975141	
417	FAST	64	66	0.37832092189058875	0.048	0	6.630343354554145	
418	FAST	64	67	0.28711509697401516	0.048	0	24.374069492899995	
419	FAST	65	66	0.30802592284334046	0.048	0	16.34040275173553	
420	FAST	65	67	0.2869529669048198	0.048	0	27.79656609691284	
421	FAST	66	67	0.34723302916346765	0.048	0	9.750030839674864	
422	FAST	68	69	0.31961417983176404	0.048	0	13.409439902820512	
423	FAST	68	70	0.31025070892562745	0.048	0	15.783445867129128	
424	FAST	68	71	0.35282413558903386	0.048	0	8.903460340762932	
425	FAST	68	73	0.3499823949333256	0.048	0	8.775570350134588	
426	FAST	68	74	0.36326856556838494	0.048	0	8.394207836345428	
427	FAST	68	75	0.32293415966345773	0.048	0	12.94331256736033	
428	FAST	68	76	0.3043083788413486	0.048	0	17.5616570563494	
429	FAST	68	77	0.3277074185209801	0.048	0	12.302151321885747	
430	FAST	68	78	0.3537868345681008	0.048	0	9.025849288002949	
431	FAST	69	70	0.35016734253612003	0.048	0	9.686321327263093	
432	FAST	69	71	0.2889421904033205	0.048	0	25.013387074743694	
433	FAST	69	73	0.409725032299345	0.048	0	5.275995380177713	
434	FAST	69	74	0.43146268347934347	0.048	0	4.15436716051447	
435	FAST	69	75	0.3940090006189977	0.048	0	5.717816820949852	
436	FAST	69	76	0.375242522649161	0.048	0	6.879986457089929	
437	FAST	69	77	0.3880713581061336	0.048	0	5.856342374312877	
438	FAST	69	78	0.4118340394161036	0.048	0	4.943084364217092	
439	FAST	70	71	0.36321139206122	0.048	0	7.88943446224294	
440	FAST	70	73	0.39483539525942135	0.048	0	5.878115468659423	
441	FAST	70	74	0.39209968574495196	0.048	0	5.797807935226174	
442	FAST	70	75	0.3479917875872324	0.048	0	8.931241453363754	
443	FAST	70	76	0.3135398879049619	0.048	0	15.230548331545824	
444	FAST	70	77	0.29472060910445375	0.048	0	21.33452652967104	
445	FAST	70	78	0.31277550312885255	0.048	0	15.665466379387022	
446	FAST	71	75	0.4279180643201304	0.048	0	4.127962136282743	
447	FAST	71	76	0.404332513209376	0.048	0	5.462519314574113	
448	FAST	71	77	0.40759504955365466	0.048	0	5.205918783703591	
449	FAST	71	78	0.4282032219443983	0.048	0	4.310580121376922	
450	FAST	72	73	0.14025606737595317	0.0	0	11.400518738541459	
451	FAST	72	74	0.08725546934826098	0.0	0	16.582358151682005	
452	FAST	72	75	0.06345545813248002	0.0	0	27.09288800848571	
453	FAST	72	76	0.04017865109099696	0.0	0	35.690510114788914	
454	FAST	72	77	0.04570755266690181	0.0	0	31.854127008082894	
455	FAST	72	78	0.06345764046771263	0.0	0	24.871878157442833	
456	FAST	73	74	0.05432577344421043	0.0	0	31.73201165020347	
457	FAST	73	75	0.11529474650005098	0.0	0	22.6538356958132	
458	FAST	73	76	0.1530252220284384	0.0	0	14.243796492161035	
459	FAST	73	77	0.19731463802204155	0.0	0	8.085666394807731	
460	FAST	73	78	0.21506473749309424	0.0	0	7.120473666323488	
461	FAST	74	75	0.0623156956289603	0.0	0	29.73401223099209	
462	FAST	74	76	0.10004617115734774	0.0	0	15.843788828182957	
463	FAST	74	77	0.14433558326087026	0.0	0	9.888230192798204	
464	FAST	74	78	0.16208567884184233	0.0	0	8.628244253382505	
465	FAST	75	76	0.042285826075788555	0.0	0	37.223093220441136	
466	FAST	75	77	0.087860882596482	0.0	0	16.266386263278264	
467	FAST	75	78	0.10561097428737345	0.0	0	13.150263250765901	
468	FAST	76	77	0.06410468924890102	0.0	0	29.294859866602884	
469	FAST	76	78	0.08185477704971184	0.0	0	18.526233501142226	
470	FAST	77	78	0.02740920468246461	0.0	0	51.66280207487098	
471	FAST	28	79	0.18189511763356866	0.0	47	6.109273358326123	
472	FAST	30	79	0.31147509836298853	0.0	211	3.4015873742745137	
473	FAST	29	79	0.4857280651718879	0.0	783	1.2670016954819472	
474	FAST	21	80	0.3190295311349862	0.0	162	3.126849493629842	
475	FAST	19	80	0.3075269914650366	0.0	301	3.168541124125496	
476	FAST	22	80	0.2978416196886007	0.0	592	3.1592035930415086	
477	FAST	39	81	0.1992536235700529	0.0	445	5.9559117395996966	
478	FAST	38	81	0.283461336175894	0.0	337	3.282374840740433	
479	FAST	37	81	0.28382850631575857	0.0	235	2.891138992682948	
480	FAST	39	82	0.3002070085377951	0.0	571	3.326528405061419	
481	FAST	28	82	0.27166154182053426	0.0	77	3.5471219074404305	
482	FAST	38	82	0.4124895828684959	0.0	398	2.2083080765172456	
483	FAST	28	83	0.18914160119750323	0.0	68	5.1756231250293565	
484	FAST	30	83	0.37016961965278194	0.0	338	2.1486744697082507	
485	FAST	39	83	0.3716147591310597	0.0	661	1.9394603506177803	
