n_interc	
0	
0	
0	
0	
0	
0	
0	
0	
0	
0	
0	
0	
0	
0	
0	
0	
0	
0	
0	
0	
0	
0	
0	
0	
0	
0	
0	
0	
0	
0	
0	
0	
0	
0	
0	
0	
0	
0	
0	
0	
0	
0	
0	
0	
0	
0	
0	
0	
0	
0	
0	
0	
0	
0	
0	
0	
0	
0	
0	
0	
0	
1	
1	
1	
1	
1	
1	
1	
1	
1	
1	
2	
2	
2	
2	
2	
2	
2	
2	
2	
2	
2	
3	
4	
4	
4	
4	
4	
4	
4	
5	
5	
5	
5	
5	
5	
5	
5	
5	
5	
61	
64	
65	
68	
70	
72	
73	
75	
77	
79	
81	
84	
85	
87	
89	
90	
91	
92	
96	
97	
98	
100	
101	
103	
105	
108	
110	
111	
114	
116	
117	
119	
121	
123	
125	
128	
129	
131	
132	
134	
135	
136	
138	
140	
141	
143	
145	
147	
149	
151	
153	
155	
156	
158	
159	
161	
164	
165	
166	
168	
169	
171	
174	
176	
177	
179	
180	
182	
184	
185	
187	
189	
191	
193	
194	
196	
197	
199	
200	
202	
205	
207	
209	
210	
213	
214	
216	
218	
219	
220	
221	
222	
224	
225	
227	
230	
233	
236	
237	
238	
518	
521	
525	
530	
533	
536	
540	
541	
545	
549	
551	
554	
559	
563	
566	
571	
575	
579	
583	
586	
590	
594	
599	
603	
607	
610	
614	
618	
620	
622	
627	
630	
635	
639	
643	
647	
652	
655	
657	
661	
664	
668	
670	
673	
678	
681	
685	
690	
693	
695	
697	
699	
703	
707	
710	
713	
715	
718	
720	
721	
723	
726	
727	
731	
733	
736	
737	
741	
743	
744	
746	
748	
750	
750	
752	
753	
755	
756	
758	
760	
760	
762	
763	
764	
765	
766	
766	
768	
768	
769	
771	
772	
773	
774	
775	
776	
777	
779	
780	
781	
3233	
3240	
3246	
3251	
3257	
3259	
3264	
3265	
3268	
3274	
3275	
3278	
3282	
3283	
3287	
3293	
3297	
3300	
3303	
3308	
3309	
3315	
3316	
3320	
3324	
3327	
3330	
3336	
3341	
3344	
3345	
3351	
3355	
3357	
3358	
3364	
3370	
3372	
3375	
3379	
3382	
3389	
3392	
3396	
3398	
3400	
3406	
3408	
3410	
3413	
3417	
3420	
3421	
3424	
3428	
3434	
3436	
3442	
3445	
3448	
3451	
3456	
3458	
3459	
3463	
3466	
3470	
3473	
3478	
3481	
3487	
3489	
3494	
3498	
3502	
3504	
3508	
3509	
3513	
3517	
3520	
3521	
3521	
3526	
3528	
3529	
3532	
3533	
3535	
3536	
3539	
3539	
3542	
3544	
3546	
3546	
3548	
3548	
3551	
3551	
3024	
3025	
3029	
3032	
3034	
3035	
3035	
3036	
3036	
3037	
3039	
3040	
3040	
3041	
3044	
3045	
3046	
3046	
3047	
3050	
3051	
3055	
3056	
3057	
3059	
3061	
3064	
3067	
3067	
3069	
3070	
3071	
3074	
3078	
3078	
3079	
3081	
3082	
3084	
3085	
3088	
3088	
3091	
3093	
3096	
3099	
3101	
3102	
3104	
3106	
3107	
3108	
3109	
3111	
3112	
3114	
3116	
3118	
3120	
3121	
3124	
3126	
3130	
3130	
3134	
3135	
3136	
3139	
3139	
3139	
3141	
3142	
3145	
3148	
3148	
3148	
3153	
3154	
3154	
3155	
3159	
3161	
3161	
3162	
3164	
3167	
3168	
3169	
3169	
3172	
3173	
3175	
3175	
3176	
3177	
3181	
3183	
3183	
3184	
3186	
