n_interc	
0	
0	
0	
0	
0	
0	
0	
0	
0	
0	
0	
0	
0	
0	
0	
0	
0	
0	
0	
0	
0	
0	
0	
0	
0	
0	
0	
0	
0	
0	
0	
0	
0	
0	
0	
0	
0	
0	
0	
0	
0	
0	
0	
0	
0	
0	
0	
0	
1	
1	
1	
1	
1	
1	
1	
1	
1	
1	
2	
2	
2	
2	
2	
2	
2	
2	
2	
2	
2	
2	
2	
2	
2	
2	
2	
2	
2	
3	
5	
5	
5	
5	
5	
5	
5	
5	
5	
5	
5	
5	
5	
5	
5	
5	
5	
6	
6	
7	
7	
8	
70	
70	
72	
74	
76	
79	
81	
82	
84	
87	
90	
91	
93	
94	
95	
97	
98	
100	
103	
103	
106	
108	
108	
110	
113	
115	
116	
118	
120	
121	
124	
125	
126	
130	
131	
132	
136	
136	
138	
141	
142	
143	
146	
147	
150	
151	
153	
154	
156	
157	
160	
162	
163	
165	
166	
167	
169	
170	
172	
173	
175	
178	
181	
183	
185	
186	
189	
191	
192	
194	
195	
196	
198	
199	
202	
203	
204	
206	
208	
210	
211	
214	
214	
216	
218	
220	
221	
223	
225	
227	
229	
232	
233	
233	
234	
238	
239	
242	
243	
245	
533	
541	
545	
548	
551	
555	
561	
564	
568	
573	
577	
581	
584	
586	
589	
595	
598	
602	
606	
608	
611	
614	
617	
621	
624	
628	
630	
634	
638	
641	
642	
645	
648	
651	
654	
656	
659	
661	
664	
668	
669	
671	
676	
678	
680	
682	
685	
688	
690	
694	
696	
699	
702	
705	
708	
710	
712	
715	
716	
718	
721	
725	
727	
729	
731	
734	
736	
737	
739	
742	
743	
745	
747	
750	
752	
754	
757	
760	
763	
764	
766	
769	
771	
774	
775	
776	
777	
780	
781	
784	
784	
788	
789	
791	
792	
793	
795	
796	
798	
799	
3318	
3320	
3328	
3331	
3334	
3339	
3344	
3350	
3352	
3357	
3361	
3366	
3372	
3375	
3377	
3380	
3384	
3390	
3393	
3402	
3404	
3408	
3413	
3415	
3418	
3423	
3428	
3429	
3431	
3435	
3438	
3443	
3446	
3448	
3450	
3454	
3458	
3460	
3461	
3463	
3465	
3468	
3475	
3475	
3479	
3481	
3484	
3484	
3488	
3490	
3494	
3496	
3500	
3504	
3508	
3510	
3515	
3516	
3518	
3519	
3523	
3528	
3530	
3534	
3537	
3538	
3543	
3548	
3549	
3552	
3555	
3557	
3561	
3562	
3562	
3564	
3569	
3573	
3574	
3577	
3581	
3587	
3590	
3591	
3593	
3595	
3598	
3600	
3602	
3604	
3606	
3610	
3613	
3615	
3619	
3619	
3623	
3626	
3627	
3630	
3092	
3095	
3096	
3099	
3099	
3099	
3100	
3102	
3104	
3104	
3105	
3106	
3109	
3109	
3112	
3113	
3117	
3121	
3121	
3122	
3123	
3124	
3124	
3126	
3126	
3128	
3131	
3131	
3134	
3135	
3135	
3135	
3137	
3137	
3139	
3139	
3142	
3144	
3146	
3147	
3147	
3148	
3150	
3151	
3152	
3154	
3155	
3157	
3159	
3162	
3162	
3164	
3166	
3167	
3169	
3169	
3170	
3172	
3174	
3176	
3178	
3178	
3179	
3180	
3182	
3183	
3186	
3187	
3191	
3193	
3194	
3194	
3197	
3199	
3201	
3203	
3205	
3206	
3207	
3207	
3209	
3212	
3213	
3214	
3215	
3220	
3221	
3221	
3224	
3225	
3226	
3227	
3228	
3229	
3230	
3232	
3233	
3233	
3235	
3237	
