n_interc	
0	
0	
0	
0	
0	
0	
0	
0	
0	
0	
0	
0	
0	
0	
0	
0	
0	
0	
0	
0	
0	
0	
0	
0	
0	
0	
0	
0	
0	
0	
0	
0	
0	
0	
0	
0	
0	
0	
0	
0	
0	
0	
0	
0	
0	
0	
0	
0	
0	
0	
0	
0	
0	
0	
0	
0	
0	
0	
0	
0	
0	
0	
0	
0	
0	
0	
0	
0	
1	
1	
1	
1	
1	
1	
1	
1	
1	
1	
2	
2	
2	
2	
2	
2	
2	
2	
2	
2	
2	
2	
2	
3	
3	
3	
4	
5	
5	
5	
5	
5	
55	
55	
57	
59	
59	
61	
64	
64	
65	
67	
69	
70	
71	
73	
75	
77	
79	
80	
81	
84	
85	
86	
89	
90	
91	
93	
95	
97	
97	
100	
104	
104	
106	
109	
110	
112	
114	
114	
117	
120	
122	
124	
124	
125	
127	
128	
129	
132	
135	
137	
138	
140	
140	
141	
144	
145	
148	
148	
150	
152	
153	
155	
159	
160	
162	
163	
166	
169	
171	
173	
174	
177	
179	
180	
183	
184	
185	
187	
189	
192	
194	
198	
198	
201	
202	
202	
205	
207	
207	
208	
212	
213	
213	
217	
218	
221	
222	
222	
224	
226	
495	
500	
505	
507	
511	
516	
518	
522	
526	
528	
531	
533	
538	
542	
546	
551	
555	
557	
560	
563	
567	
572	
577	
581	
586	
591	
593	
597	
601	
606	
612	
615	
619	
621	
623	
626	
629	
634	
638	
641	
645	
649	
652	
655	
657	
660	
664	
667	
669	
671	
674	
677	
682	
685	
687	
690	
695	
699	
701	
705	
706	
708	
711	
714	
717	
718	
720	
723	
725	
728	
729	
733	
735	
737	
738	
742	
744	
745	
748	
749	
750	
752	
753	
755	
756	
756	
758	
761	
762	
763	
765	
766	
768	
770	
771	
773	
774	
776	
777	
778	
3218	
3220	
3225	
3230	
3236	
3243	
3246	
3254	
3261	
3265	
3271	
3275	
3281	
3285	
3290	
3292	
3299	
3301	
3304	
3307	
3312	
3315	
3317	
3320	
3326	
3330	
3332	
3340	
3342	
3347	
3352	
3355	
3360	
3364	
3369	
3370	
3373	
3378	
3378	
3380	
3387	
3395	
3396	
3397	
3401	
3402	
3404	
3410	
3414	
3417	
3418	
3419	
3421	
3422	
3426	
3430	
3433	
3434	
3439	
3443	
3445	
3452	
3454	
3457	
3459	
3461	
3462	
3464	
3468	
3468	
3468	
3469	
3474	
3477	
3479	
3483	
3486	
3491	
3493	
3497	
3499	
3503	
3504	
3504	
3506	
3508	
3511	
3514	
3516	
3516	
3519	
3524	
3525	
3529	
3531	
3533	
3535	
3536	
3538	
3539	
3013	
3018	
3020	
3022	
3022	
3024	
3026	
3027	
3029	
3033	
3033	
3036	
3036	
3037	
3040	
3043	
3043	
3044	
3047	
3049	
3051	
3052	
3053	
3054	
3054	
3055	
3057	
3060	
3061	
3063	
3065	
3066	
3068	
3070	
3071	
3071	
3072	
3075	
3076	
3077	
3081	
3083	
3085	
3086	
3090	
3093	
3095	
3096	
3099	
3100	
3102	
3102	
3104	
3108	
3108	
3110	
3110	
3112	
3117	
3117	
3120	
3121	
3126	
3129	
3130	
3130	
3132	
3134	
3137	
3138	
3139	
3140	
3141	
3142	
3145	
3145	
3147	
3149	
3151	
3152	
3152	
3153	
3154	
3157	
3157	
3158	
3158	
3159	
3160	
3161	
3163	
3166	
3169	
3171	
3174	
3174	
3175	
3176	
3177	
3178	
