id	type	l1	l2	friction	risk	count	acc	
1	FAST	1	2	0.02151630826214646	0.0	0	48.248845352822634	
2	FAST	1	3	0.027987052819351734	0.0	0	36.91887377505638	
3	FAST	1	4	0.07302656972007415	0.0	0	12.74762197249598	
4	FAST	1	5	0.10800269310982086	0.0	0	8.512164018587306	
5	FAST	1	6	0.2005826597473596	0.0	11	4.005323883331134	
6	FAST	1	7	0.05791240055316788	0.0	0	21.53257058772229	
7	FAST	1	8	0.06855335822514483	0.0	0	14.939196597405612	
8	FAST	1	68	0.36490858423453987	0.048	4	3.359107853734025	
9	FAST	1	69	0.40115801759656244	0.048	0	2.884384480039162	
10	FAST	1	70	0.423550267947518	0.048	0	2.2493710784463015	
11	FAST	1	71	0.44235053412726005	0.048	7	1.8477370965674316	
12	FAST	1	72	0.28733633203502157	0.0	0	3.4943155613121903	
13	FAST	1	73	0.1906077266698771	0.0	0	13.484487075882042	
14	FAST	1	74	0.20210142113627694	0.0	0	7.558656418686108	
15	FAST	1	75	0.2630703980821981	0.0	0	6.116456316970835	
16	FAST	1	76	0.3008008736105855	0.0	0	4.576904642299612	
17	FAST	1	77	0.3450902934942693	0.0	0	3.160897777008185	
18	FAST	1	78	0.36284036573475764	0.0	0	2.6325614130436876	
19	FAST	2	3	0.007516752227496343	0.0	1	137.76700762775047	
20	FAST	2	4	0.05255626523813813	0.0	0	19.43358130098615	
21	FAST	2	5	0.08753238084772358	0.0	0	9.899224599550278	
22	FAST	2	6	0.18130277439888826	0.0	6	4.436915286480276	
23	FAST	2	7	0.06458409111532147	0.0	0	17.10045764539213	
24	FAST	2	8	0.04808305763328943	0.0	0	22.77792198018513	
25	FAST	2	23	0.24993272053144797	0.0	168	2.986235168869716	
26	FAST	2	68	0.36470401260312413	0.048	69	4.870404106229224	
27	FAST	2	69	0.391780317504476	0.048	3	2.5801814938558065	
28	FAST	2	70	0.4257275325971185	0.048	3	2.2928597356464877	
29	FAST	2	71	0.43263050137245695	0.048	98	1.8662841005744648	
30	FAST	2	72	0.3002858035948819	0.0	0	3.606848222635875	
31	FAST	2	73	0.2035572098999793	0.0	0	9.368904436613033	
32	FAST	2	74	0.21505090436637914	0.0	0	6.435672138064671	
33	FAST	2	75	0.2760198696420584	0.0	0	4.81461648603764	
34	FAST	2	76	0.3137503451704458	0.0	0	4.46248835672599	
35	FAST	2	77	0.3580397650541296	0.0	0	3.245384492771132	
36	FAST	3	4	0.04596140765847902	0.0	0	20.990304971409646	
37	FAST	3	5	0.08093752715814509	0.0	0	11.034226360327736	
38	FAST	3	6	0.18231210638901338	0.0	5	4.369911972083211	
39	FAST	3	7	0.06852057262560743	0.0	0	16.83898421411734	
40	FAST	3	8	0.04148820394371095	0.0	0	26.678375243223794	
41	FAST	3	23	0.253869190371492	0.0	16	3.266400756744633	
42	FAST	3	68	0.3624783762095865	0.048	9	4.2981104622760204	
43	FAST	3	69	0.3866275625916361	0.048	1	3.3480861853145347	
44	FAST	3	70	0.424054534998753	0.048	3	2.6839641130991634	
45	FAST	3	71	0.42731742112785376	0.048	6	2.366789684739646	
46	FAST	3	72	0.30422229677540974	0.0	0	3.5838776416535425	
47	FAST	3	73	0.20749369141026527	0.0	0	9.85182704715519	
48	FAST	3	74	0.2189873742064232	0.0	0	6.3907256488884325	
49	FAST	3	75	0.27995636282258624	0.0	0	5.54175042421766	
50	FAST	3	76	0.3176868383509737	0.0	0	4.593529929186632	
51	FAST	3	77	0.36197625823465746	0.0	1	2.897359283505411	
52	FAST	4	5	0.03612179881582182	0.0	0	27.785642868266212	
53	FAST	4	6	0.131309053093839	0.0	11	8.047243531880707	
54	FAST	4	7	0.11268187659387058	0.0	0	9.898073850080145	
55	FAST	4	8	0.007503043583361338	0.0	1	205.48470642540724	
56	FAST	4	9	0.19906910328632327	0.0	93	3.6351958628994447	
57	FAST	4	23	0.20219244902298494	0.0	53	3.9176640336628927	
58	FAST	4	24	0.1883962275027891	0.0	29	4.21408011420771	
59	FAST	4	68	0.38518730849483807	0.048	119	3.982197864293377	
60	FAST	4	69	0.38862564188147486	0.048	3	3.837834461806282	
61	FAST	4	71	0.42626530464684514	0.048	63	2.3647771969347593	
62	FAST	4	73	0.25165497981820595	0.0	0	5.739741332121641	
63	FAST	4	74	0.26314868595484764	0.0	0	3.3992279903864744	
64	FAST	4	75	0.32411765123052694	0.0	0	3.589103895920643	
65	FAST	4	76	0.36184812675891437	0.0	1	2.448998597547035	
66	FAST	5	6	0.09695465406038882	0.0	12	11.058197152081062	
67	FAST	5	7	0.1480079633072034	0.0	2	6.68330645432113	
68	FAST	5	8	0.04282913807685543	0.0	0	25.104147505817615	
69	FAST	5	9	0.1647147042528731	0.0	51	4.686941222599321	
70	FAST	5	10	0.20580158024837855	0.0	34	4.030612461714684	
71	FAST	5	11	0.315176425388388	0.0	542	2.1376559694716604	
72	FAST	5	23	0.1678380499895348	0.0	55	4.889227547221428	
73	FAST	5	24	0.1540418323594195	0.0	49	4.959866252939549	
74	FAST	5	25	0.21818540685428356	0.0	965	2.4510807790455806	
75	FAST	5	68	0.41072317596004826	0.048	741	2.2648779083464805	
76	FAST	5	69	0.4016265693558544	0.048	5	2.9087297926515947	
77	FAST	5	71	0.4354848530175842	0.048	946	1.2542897190747955	
78	FAST	5	73	0.2869810937621032	0.0	0	3.6420000097214302	
79	FAST	5	74	0.2984747765582611	0.0	0	2.4887239006341155	
80	FAST	5	75	0.3594437418339404	0.0	0	2.635989868501275	
81	FAST	6	7	0.22348282140222536	0.0	119	4.065152937029885	
82	FAST	6	8	0.1367366608602571	0.0	7	7.056466281278297	
83	FAST	6	9	0.07023925303818712	0.0	8	13.752550584154644	
84	FAST	6	10	0.11132612125353132	0.0	4	7.003371661823896	
85	FAST	6	11	0.2207009547232989	0.0	22	5.051419653911418	
86	FAST	6	12	0.25762382228263525	0.0	13	3.266442931184182	
87	FAST	6	23	0.1142018866986697	0.0	4	8.027867377828956	
88	FAST	6	24	0.1001154807239066	0.0	1	8.627481464869305	
89	FAST	6	25	0.16454923189317652	0.0	88	6.3470789064184485	
90	FAST	6	26	0.15947391760864105	0.0	36	4.74643316936146	
91	FAST	7	8	0.10798518774699241	0.0	0	10.117339732369059	
92	FAST	7	23	0.2485729428477388	0.0	410	3.167189913553343	
93	FAST	7	24	0.2631165461086946	0.0	1294	2.4395593343135897	
94	FAST	7	68	0.40415430617655823	0.048	1810	1.7479916199989927	
95	FAST	7	69	0.4403988038214797	0.048	10	1.9237448945154967	
96	FAST	7	72	0.25068690991330783	0.0	0	3.1094258647988218	
97	FAST	7	73	0.15395831621840525	0.0	0	8.780087451253674	
98	FAST	7	74	0.16545201068480506	0.0	0	6.196317732768965	
99	FAST	7	75	0.22642097596048436	0.0	0	5.076910367861737	
100	FAST	7	76	0.26415145148887176	0.0	0	3.6412551073548904	
101	FAST	8	9	0.20593583471103105	0.0	19	3.7271986075426207	
102	FAST	8	23	0.20905918044769273	0.0	26	4.179474439767744	
103	FAST	8	24	0.19526296281757746	0.0	9	3.9145821316276166	
104	FAST	8	68	0.381788758681206	0.048	27	3.577381105039376	
105	FAST	8	69	0.3874760334580042	0.048	4	3.256250159507839	
106	FAST	8	71	0.4256121061407696	0.048	28	2.360241594477114	
107	FAST	8	72	0.34401116178742613	0.0	0	2.194979101288925	
108	FAST	8	73	0.2472825797627654	0.0	0	5.886815886105138	
109	FAST	8	74	0.25877625866884274	0.0	0	4.209703030892346	
110	FAST	8	75	0.3197452278346027	0.0	0	3.846681696841358	
111	FAST	8	76	0.3574757033629901	0.0	1	3.4003915932490743	
112	FAST	9	10	0.042910483552879006	0.0	6	22.321281831754636	
113	FAST	9	11	0.15228532869288847	0.0	5	8.978519054529938	
114	FAST	9	12	0.18920818458198294	0.0	5	5.35429272195671	
115	FAST	9	13	0.22995744825989792	0.0	3	3.9288116822324914	
116	FAST	9	14	0.25331769753086336	0.0	3	3.2286875124545067	
117	FAST	9	15	0.24757465090643752	0.0	0	3.026615192721513	
118	FAST	9	23	0.17921559053844677	0.0	1	6.591025860226475	
119	FAST	9	24	0.16512918067360308	0.0	0	7.645411795407284	
120	FAST	9	25	0.17977600333395677	0.0	43	7.227321744373756	
121	FAST	9	26	0.09105827990798876	0.0	4	11.630374327919457	
122	FAST	9	27	0.17848346569391205	0.0	96	5.243407329653815	
123	FAST	9	29	0.1855811706559399	0.0	10	4.616231491045453	
124	FAST	10	11	0.10937484514000945	0.0	3	9.562170558839519	
125	FAST	10	12	0.1462977010291039	0.0	0	6.1604753626481665	
126	FAST	10	13	0.18704696470701887	0.0	3	4.594747644072536	
127	FAST	10	14	0.21040721786806496	0.0	1	3.693624109492746	
128	FAST	10	15	0.2046641673535585	0.0	0	4.365425059659103	
129	FAST	10	16	0.20323672949747695	0.0	0	3.195406230004545	
130	FAST	10	23	0.213153638132304	0.0	2	4.144163465169269	
131	FAST	10	24	0.199016878953885	0.0	2	5.647409001226723	
132	FAST	10	25	0.13705416535107862	0.0	11	7.956990833450776	
133	FAST	10	26	0.04814779635510974	0.0	0	19.863678399452866	
134	FAST	10	27	0.1355729938112749	0.0	38	8.15794195695221	
135	FAST	10	29	0.14267068710306088	0.0	2	7.136735320034669	
136	FAST	11	12	0.0364924262477068	0.0	5	28.672184936246335	
137	FAST	11	13	0.07678160230952209	0.0	7	12.110472969995783	
138	FAST	11	14	0.1121667443368769	0.0	0	8.559906029899397	
139	FAST	11	15	0.13120902745063714	0.0	2	6.778988368143572	
140	FAST	11	16	0.21670056307836655	0.0	2	4.433975859943964	
141	FAST	11	24	0.31300570982660975	0.0	4	2.5828926121387723	
142	FAST	11	25	0.2510430001138839	0.0	13	3.6394860631175168	
143	FAST	11	26	0.0629029032998397	0.0	7	14.332872176485282	
144	FAST	11	27	0.15032809297584365	0.0	52	4.735297534190617	
145	FAST	11	29	0.1574258018279521	0.0	502	3.6846537445938226	
146	FAST	11	31	0.2612748846871239	0.0	0	2.9331273689627744	
147	FAST	12	13	0.041186765485885346	0.0	0	27.52566078307238	
148	FAST	12	14	0.0765719114033208	0.0	2	12.787989410466148	
149	FAST	12	15	0.09561419451708102	0.0	1	10.484100319971638	
150	FAST	12	16	0.14372326122945295	0.0	0	6.707454789563385	
151	FAST	12	26	0.09403059326424705	0.0	1	10.491269004330631	
152	FAST	12	27	0.1814557907204122	0.0	19	4.336183996867411	
153	FAST	12	29	0.18855348401219818	0.0	1	3.8798655842277228	
154	FAST	12	31	0.19481717124778766	0.0	0	4.060697993012888	
155	FAST	13	14	0.035643937421330284	0.0	0	27.418321442637176	
156	FAST	13	15	0.05468622442517113	0.0	1	18.479300860376885	
157	FAST	13	16	0.10279528335738179	0.0	0	8.742223204455586	
158	FAST	13	26	0.13496519205354798	0.0	1	7.288126281192069	
159	FAST	13	27	0.22239038950971318	0.0	12	4.011675026994427	
160	FAST	13	29	0.22948808669157972	0.0	0	3.573148678301671	
161	FAST	13	31	0.15388919337571655	0.0	2	5.863639321361689	
162	FAST	14	15	0.019130319528464904	0.0	1	54.90780663910739	
163	FAST	14	16	0.06723938624083681	0.0	0	15.228366315913554	
164	FAST	14	26	0.1630868027618412	0.0	0	5.485375656654767	
165	FAST	14	27	0.2503014029230186	0.0	10	3.5838075792089557	
166	FAST	14	29	0.25739912344536897	0.0	0	3.4385152700080956	
167	FAST	14	31	0.1183333001492522	0.0	0	7.732274764588531	
168	FAST	14	32	0.21194727355834295	0.0	5	3.568187896732568	
169	FAST	15	16	0.048585982817270716	0.0	1	23.04684932490736	
170	FAST	15	26	0.15747477794306555	0.0	8	5.374605020186973	
171	FAST	15	27	0.244689378104243	0.0	10	3.713909360904489	
172	FAST	15	29	0.25178707528610955	0.0	0	3.394835708112345	
173	FAST	15	31	0.09967989283560547	0.0	1	10.06153060432029	
174	FAST	15	32	0.1932938779149381	0.0	3	3.859127113528873	
175	FAST	16	26	0.15613073174541822	0.0	3	4.636377801696531	
176	FAST	16	27	0.24334533190659563	0.0	6	3.918227231838039	
177	FAST	16	29	0.250443052428946	0.0	0	3.4244818788404268	
178	FAST	16	31	0.05291526521902438	0.0	0	20.13698085803378	
179	FAST	16	32	0.14652924640827636	0.0	0	6.039733190251514	
180	FAST	17	18	0.144492633596006	0.0	27	6.112334461301083	
181	FAST	17	19	0.20948451408345695	0.0	171	4.127966205968289	
182	FAST	17	20	0.22112509410431017	0.0	38	3.171017604599426	
183	FAST	17	21	0.2301959607734761	0.0	22	3.4281694912424614	
184	FAST	18	19	0.06547912086633792	0.0	0	15.260090225377073	
185	FAST	18	20	0.07711971255743301	0.0	0	13.637213668974486	
186	FAST	18	21	0.08619056366627643	0.0	0	11.542066940343144	
187	FAST	18	22	0.11826343430116347	0.0	0	8.694850779094914	
188	FAST	18	23	0.2031332533527576	0.0	23	3.8891588528423124	
189	FAST	18	24	0.21725088889480668	0.0	4	4.225968966411899	
190	FAST	19	20	0.0557718564567446	0.0	0	15.298694903011958	
191	FAST	19	21	0.020826386902350846	0.0	0	47.9054516792418	
192	FAST	19	22	0.052899253647157266	0.0	0	17.90714176092337	
193	FAST	19	23	0.18178540114214978	0.0	277	3.869369668466947	
194	FAST	19	24	0.19590302501395698	0.0	566	3.514647810315235	
195	FAST	19	25	0.25918542512951476	0.0	140	2.474656824375098	
196	FAST	20	21	0.051960300995763854	0.0	0	16.13807362436718	
197	FAST	20	22	0.057609725049702395	0.0	0	16.824185100861385	
198	FAST	20	23	0.12831906321120456	0.0	30	7.718089641021975	
199	FAST	20	24	0.14243669875325368	0.0	16	7.3691985774914865	
200	FAST	20	25	0.20571908719856957	0.0	13	4.575660458818612	
201	FAST	21	22	0.03241731782414188	0.0	0	31.26547921576003	
202	FAST	21	23	0.177942145414127	0.0	218	4.334748747815636	
203	FAST	21	24	0.1920597848462567	0.0	388	3.5052713517210528	
204	FAST	21	25	0.25534216940149196	0.0	40	3.3189366658652073	
205	FAST	22	23	0.18354915202889183	0.0	100	4.701134243199052	
206	FAST	22	24	0.19766678757094094	0.0	205	5.040512258584567	
207	FAST	22	25	0.2609491876864987	0.0	37	4.011802240051008	
208	FAST	23	24	0.014785710209034767	0.0	4	71.53151830501889	
209	FAST	23	25	0.07806810643451191	0.0	88	10.67610238951091	
210	FAST	23	26	0.26582657077857297	0.0	4	3.149678865048232	
211	FAST	24	25	0.06401010971857911	0.0	69	13.211679843763656	
212	FAST	24	26	0.25176857017255955	0.0	7	4.184928728227785	
213	FAST	24	27	0.3391937559584829	0.0	125	2.4586713912449545	
214	FAST	25	26	0.1896613206239994	0.0	6	5.163820193700946	
215	FAST	25	27	0.2770865064099227	0.0	55	4.183528097472614	
216	FAST	25	29	0.28418422304219243	0.0	425	3.4440599207203366	
217	FAST	25	30	0.4521379951502652	0.0	664	1.7585863110439728	
218	FAST	26	27	0.08793642018212716	0.0	32	9.710834763546655	
219	FAST	26	29	0.09503412125407436	0.0	0	9.016428173437113	
220	FAST	26	31	0.2001531209344359	0.0	1	3.5357381392781453	
221	FAST	27	29	0.009295402123045745	0.0	13	108.64829603865286	
222	FAST	27	30	0.1772491897914411	0.0	467	3.5080161098987577	
223	FAST	27	31	0.28774323446876776	0.0	7	3.2499635946216077	
224	FAST	28	30	0.15944353607893208	0.0	387	5.340681904321339	
225	FAST	29	30	0.16795380711879848	0.0	293	3.464819548643003	
226	FAST	29	31	0.2954023675373496	0.0	1	3.0465881343412438	
227	FAST	31	32	0.09361397729917137	0.0	1	10.615967102783925	
228	FAST	31	33	0.20448155529861253	0.0	5	3.885386295639227	
229	FAST	32	33	0.11533800808672107	0.0	1	7.587799516041266	
230	FAST	32	34	0.21282922874836685	0.0	5	3.439788439739135	
231	FAST	32	35	0.1856925008734483	0.0	1	3.9971205201711673	
232	FAST	33	34	0.09994297898851423	0.0	2	9.090658018215576	
233	FAST	33	35	0.08939985684434527	0.0	0	12.704281345983599	
234	FAST	33	36	0.23577195177538954	0.0	0	2.8488505247431464	
235	FAST	33	43	0.21187265792180676	0.0	2	4.483493100801182	
236	FAST	33	44	0.23313834384937832	0.0	4	3.1724381109488258	
237	FAST	34	35	0.07425086367565223	0.0	35	14.790178832611621	
238	FAST	34	36	0.22119958914834686	0.0	211	3.178368381361339	
239	FAST	34	40	0.21309968660406667	0.0	98	3.761040687330201	
240	FAST	34	41	0.19701331626663482	0.0	138	4.3596623049999765	
241	FAST	34	42	0.19652467156864095	0.0	21	5.848261481603826	
242	FAST	34	43	0.11495453171851999	0.0	8	8.864865027145584	
243	FAST	34	44	0.1362202176460916	0.0	11	8.244239553914818	
244	FAST	34	45	0.17083477360173724	0.0	13	6.001664616225622	
245	FAST	34	46	0.1415772009986984	0.0	1	6.647788377141479	
246	FAST	34	47	0.2729031837234328	0.0	6	4.386442833848418	
247	FAST	34	48	0.30365908701192784	0.0	11	2.8851849381785235	
248	FAST	34	49	0.2550983585980977	0.0	5	3.243914420419141	
249	FAST	34	63	0.41350450727089905	0.048	466	2.813328399022523	
250	FAST	35	36	0.15314777123847956	0.0	1	5.252254922565668	
251	FAST	35	37	0.18349454307702828	0.0	47	5.041250736823159	
252	FAST	35	40	0.18010409662424917	0.0	30	4.3001104702826956	
253	FAST	35	41	0.1906017709564348	0.0	21	4.627917691765752	
254	FAST	35	42	0.2441990567814982	0.0	0	4.531032761841935	
255	FAST	35	43	0.16262891693137727	0.0	0	4.940924170775326	
256	FAST	35	44	0.18389460285894885	0.0	58	4.237637280555655	
257	FAST	35	45	0.21850915881459448	0.0	1	3.1940116075061566	
258	FAST	35	46	0.18925158232147501	0.0	1	4.21422788968608	
259	FAST	36	37	0.03814278128412667	0.0	8	28.8059531882695	
260	FAST	36	38	0.11676273844668511	0.0	0	10.711938505428654	
261	FAST	36	39	0.19725989680743664	0.0	203	3.918057836370604	
262	FAST	36	40	0.1635373363399172	0.0	5	7.633397973456071	
263	FAST	36	41	0.3269651669101407	0.0	3	4.890911286278181	
264	FAST	36	42	0.39092006082427827	0.0	3	2.5556693189158337	
265	FAST	37	38	0.08093381602122546	0.0	6	16.620700609670333	
266	FAST	37	39	0.15061684588073954	0.0	166	5.224476453150322	
267	FAST	37	40	0.14019839693063493	0.0	14	8.996918582380676	
268	FAST	37	41	0.3579232571393046	0.0	21	4.904570606394562	
269	FAST	37	42	0.4218781277129583	0.0	53	2.678692021476701	
270	FAST	38	39	0.08372419808664779	0.0	144	11.625961913279347	
271	FAST	38	40	0.11208962348841593	0.0	6	9.923636997435457	
272	FAST	38	41	0.40779445257479646	0.0	51	4.559278015753168	
273	FAST	38	42	0.46110764581155694	0.0	89	2.151588070800275	
274	FAST	39	40	0.19341849275779302	0.0	283	4.478606743444266	
275	FAST	39	41	0.48912332573425416	0.0	324	1.7592659766507919	
276	FAST	40	41	0.2986730228472532	0.0	12	19.58651542992094	
277	FAST	40	42	0.3519861888534493	0.0	30	6.0540048326498015	
278	FAST	40	43	0.30170619262486453	0.0	94	2.805854893011627	
279	FAST	41	42	0.25357444285234754	0.0	20	8.92853730393513	
280	FAST	41	43	0.20648708636666077	0.0	63	3.8708069486996837	
281	FAST	41	44	0.22937622353302517	0.0	110	3.4735975693558743	
282	FAST	41	46	0.2310540153081182	0.0	33	3.5806967080504095	
283	FAST	42	43	0.11780820928584947	0.0	2	8.494226734130889	
284	FAST	42	44	0.13084020112608316	0.0	148	6.875962551756418	
285	FAST	42	45	0.16679591294946913	0.0	5	5.058360535703733	
286	FAST	42	46	0.1325179929011762	0.0	0	8.195755472106505	
287	FAST	42	47	0.24937123796376515	0.0	13	3.429899199204787	
288	FAST	42	49	0.20710935144416465	0.0	0	3.5010971894318668	
289	FAST	43	44	0.023101644490940768	0.0	20	50.191649045502864	
290	FAST	43	45	0.05771618877634452	0.0	15	16.835870917136294	
291	FAST	43	46	0.0288340089539606	0.0	1	39.33210885491427	
292	FAST	43	47	0.159784610568282	0.0	11	7.041493391537765	
293	FAST	43	48	0.19054051385677703	0.0	10	5.195735700368391	
294	FAST	43	49	0.14197978544294687	0.0	5	6.9040193376665915	
295	FAST	43	63	0.3923885515678148	0.048	112	3.5201427615802343	
296	FAST	44	45	0.03650977211722949	0.0	6	29.534098042207127	
297	FAST	44	46	0.02575993886862073	0.0	8	48.4488800511749	
298	FAST	44	47	0.14086488833480484	0.0	4	9.723511045688266	
299	FAST	44	48	0.171620779953058	0.0	5	7.080954783513745	
300	FAST	44	49	0.12306006320946969	0.0	2	9.106200532210122	
301	FAST	44	50	0.2795338767258421	0.0	2	3.4413404697790106	
302	FAST	44	54	0.4062621031342436	0.0	5	2.4760216045374914	
303	FAST	44	63	0.3774616757931424	0.048	321	3.1269919506165267	
304	FAST	45	46	0.05900224943214269	0.0	5	19.362715531828346	
305	FAST	45	47	0.11029916330807826	0.0	0	16.826638649987338	
306	FAST	45	48	0.1410550549263314	0.0	1	10.396332351505862	
307	FAST	45	49	0.07388850655518356	0.0	0	15.164287357434757	
308	FAST	45	50	0.2303623317417979	0.0	0	4.457397753093487	
309	FAST	45	52	0.29512067512879453	0.0	0	3.1637754983828392	
310	FAST	45	53	0.3237251926661545	0.0	0	2.9980964943006607	
311	FAST	45	54	0.3570905581501994	0.0	1	3.4751833908591068	
312	FAST	45	56	0.4526480314016355	0.0	0	1.8590527733442785	
313	FAST	45	63	0.3512879165346726	0.048	41	5.747641236591915	
314	FAST	46	47	0.15177768484110474	0.0	7	8.370523316726695	
315	FAST	46	48	0.1825335725692773	0.0	7	5.870256247799581	
316	FAST	46	49	0.1095157983215043	0.0	3	8.641628768863265	
317	FAST	47	48	0.033308403033401005	0.0	2	37.91611276367775	
318	FAST	47	49	0.04335293354340888	0.0	3	30.226412096269872	
319	FAST	47	50	0.13698732987579948	0.0	0	7.81459774515658	
320	FAST	47	51	0.1911754722673719	0.0	0	4.448105007134998	
321	FAST	47	52	0.21128708019471065	0.0	0	4.45768774039244	
322	FAST	47	53	0.2398915977320707	0.0	0	4.589483956775384	
323	FAST	47	54	0.2732569865565993	0.0	0	5.089466112197	
324	FAST	47	56	0.3688144364675517	0.0	0	3.193140642056232	
325	FAST	47	63	0.32931771848225994	0.048	38	6.548286154792397	
326	FAST	48	49	0.07429681330803665	0.0	1	21.1498766351501	
327	FAST	48	50	0.10466340899746844	0.0	0	10.524909085593402	
328	FAST	48	51	0.15885155138904086	0.0	0	5.724906154164165	
329	FAST	48	52	0.17896317098662154	0.0	0	6.126636541797437	
330	FAST	48	53	0.2075677001942234	0.0	1	6.287097590738289	
331	FAST	48	54	0.2409330695683489	0.0	0	5.908428185158258	
332	FAST	48	55	0.31065396158262065	0.0	0	2.957878156713415	
333	FAST	48	56	0.33649051558922066	0.0	0	3.045778794217478	
334	FAST	48	63	0.33176830010421277	0.048	31	7.031384654779728	
335	FAST	49	50	0.1566683642287674	0.0	0	7.045239396100356	
336	FAST	49	51	0.1845573986865216	0.0	0	4.507047308619144	
337	FAST	49	52	0.22142669594552217	0.0	2	4.430212297342452	
338	FAST	49	53	0.25003121348288215	0.0	6	4.246918082533739	
339	FAST	49	54	0.28339660619749146	0.0	0	3.987160183068696	
340	FAST	50	51	0.08115968188268026	0.0	0	14.46472355580526	
341	FAST	50	52	0.07399500529255132	0.0	0	17.78011224347539	
342	FAST	50	53	0.10259952671999197	0.0	0	14.438837249802926	
343	FAST	50	54	0.13596489609411744	0.0	1	9.344541448336168	
344	FAST	50	55	0.20568579977863108	0.0	0	4.128152345404821	
345	FAST	50	56	0.2315223537852311	0.0	1	5.0413347360894525	
346	FAST	50	57	0.28310399822269255	0.0	0	2.609672682481402	
347	FAST	51	52	0.0866936794642085	0.0	0	11.90927796438658	
348	FAST	51	53	0.1152981970015685	0.0	0	8.367238497688783	
349	FAST	51	54	0.14866356637569397	0.0	0	5.299113648686837	
350	FAST	51	55	0.21838445838996573	0.0	0	3.298099787906652	
351	FAST	51	56	0.2442210123965657	0.0	0	2.6332958307002605	
352	FAST	52	53	0.027119747672974932	0.0	1	32.385459645639024	
353	FAST	52	54	0.06466182659652175	0.0	0	13.98262728227571	
354	FAST	52	55	0.13438272639095475	0.0	0	7.196215051844292	
355	FAST	52	56	0.16021928039755476	0.0	0	5.790261225209891	
356	FAST	52	57	0.2118009365052582	0.0	1	3.8711963839088184	
357	FAST	53	54	0.03255763303241363	0.0	1	29.512465344524642	
358	FAST	53	55	0.1392847375834884	0.0	0	9.030405539043809	
359	FAST	53	56	0.12811509072352725	0.0	0	7.745959384577552	
360	FAST	53	57	0.1796967429411501	0.0	0	4.790669092939433	
361	FAST	53	58	0.2558494359154547	0.0	0	3.108173061426156	
362	FAST	53	63	0.337184139804537	0.048	9	6.466401569998875	
363	FAST	54	55	0.09882882488577224	0.0	0	9.859971150225268	
364	FAST	54	56	0.09594506921502285	0.0	0	12.578107703749243	
365	FAST	54	57	0.14752673699296817	0.0	1	6.363183699317782	
366	FAST	54	58	0.2236794182970309	0.0	0	3.07867347556018	
367	FAST	54	59	0.23363279643775064	0.0	0	3.201001935379037	
368	FAST	54	63	0.31193667033525635	0.048	5	9.532071335247263	
369	FAST	55	56	0.10245118238530287	0.0	0	13.284953309510506	
370	FAST	55	57	0.11688081406400345	0.0	0	10.92337152234321	
371	FAST	55	58	0.19303349536806622	0.0	0	4.897719122341973	
372	FAST	55	59	0.15404239253103003	0.0	0	6.042064834308916	
373	FAST	55	60	0.199998124561872	0.0	0	3.478555601073593	
374	FAST	55	61	0.21647929140213404	0.0	0	3.3469139422957537	
375	FAST	56	57	0.051750960196819136	0.0	0	17.518315263013093	
376	FAST	56	58	0.12790363761080126	0.0	0	8.25764750632095	
377	FAST	56	59	0.1378570196416016	0.0	0	5.690994102308775	
378	FAST	56	60	0.1863277627103322	0.0	0	4.121641261077639	
379	FAST	56	61	0.2295672264918869	0.0	0	3.2449915523556636	
380	FAST	56	63	0.3399620284812417	0.048	0	6.288045514353026	
381	FAST	56	64	0.38634472259083835	0.048	0	3.6132345291039267	
382	FAST	56	65	0.43919115018064	0.048	1	1.9922582203150594	
383	FAST	56	67	0.42103726473208475	0.048	0	2.3769961700597855	
384	FAST	57	58	0.07675344979601327	0.0	0	14.670144408222928	
385	FAST	57	59	0.08670683571689426	0.0	0	12.89153182214534	
386	FAST	57	60	0.13517757878562484	0.0	0	6.567611676553556	
387	FAST	57	61	0.17841704256717958	0.0	0	5.229491037073313	
388	FAST	57	63	0.384340773682992	0.048	1	3.5028381626035063	
389	FAST	57	64	0.3412958770645092	0.048	0	6.5510273833414665	
390	FAST	57	65	0.38984504348251814	0.048	0	2.9342176926092267	
391	FAST	57	66	0.42780336506585737	0.048	1	2.41797556180619	
392	FAST	57	67	0.37333280038000694	0.048	0	4.090980752857319	
393	FAST	58	59	0.07200593315564248	0.0	0	18.172636450783415	
394	FAST	58	60	0.08743951295287825	0.0	0	12.568955981429603	
395	FAST	58	61	0.1310579211587018	0.0	0	7.431623717561828	
396	FAST	58	62	0.255370979338627	0.0	0	3.4492491749232856	
397	FAST	58	63	0.42867785119451274	0.048	0	2.4023274558886114	
398	FAST	58	64	0.2815888030664809	0.048	0	19.045017721267158	
399	FAST	58	65	0.3403573143357273	0.048	0	5.9300327048831845	
400	FAST	58	66	0.39043847436779794	0.048	0	3.467047401553839	
401	FAST	58	67	0.31576294598180515	0.048	0	8.503861683749824	
402	FAST	59	60	0.049577043098683535	0.0	0	21.31028365040229	
403	FAST	59	61	0.09281650299015765	0.0	0	10.818173526298079	
404	FAST	59	62	0.19190307683821625	0.0	0	5.003678518856369	
405	FAST	60	61	0.04366750880351709	0.0	0	27.86912676223911	
406	FAST	60	62	0.16798056309336168	0.0	0	6.661532974924858	
407	FAST	61	62	0.1284738884202208	0.0	0	10.490731241847172	
408	FAST	61	64	0.34189073151411264	0.048	0	5.849631726821165	
409	FAST	61	65	0.27660027650124386	0.048	0	24.581245717506658	
410	FAST	61	66	0.2846057362515169	0.048	0	17.541186441120114	
411	FAST	61	67	0.313713359586781	0.048	0	10.115993467729687	
412	FAST	62	64	0.4213812504185731	0.048	0	2.5045741454346517	
413	FAST	62	65	0.3530950978131749	0.048	0	5.280170361977031	
414	FAST	62	66	0.29304974429611425	0.048	0	16.585048661461297	
415	FAST	62	67	0.39218104977363377	0.048	0	3.7921070372731482	
416	FAST	64	65	0.3208596406357785	0.048	0	9.300717035789884	
417	FAST	64	66	0.37832092189058875	0.048	0	4.1813533115496755	
418	FAST	64	67	0.28711509697401516	0.048	0	16.17668306972931	
419	FAST	65	66	0.30802592284334046	0.048	0	10.856448242942438	
420	FAST	65	67	0.2869529669048198	0.048	0	15.493663580006704	
421	FAST	66	67	0.34723302916346765	0.048	0	5.337015951335662	
422	FAST	68	69	0.31961417983176404	0.048	0	8.900850841728175	
423	FAST	68	70	0.31025070892562745	0.048	0	10.754203000052435	
424	FAST	68	71	0.35282413558903386	0.048	0	5.5481356262928445	
425	FAST	68	73	0.3499823949333256	0.048	0	5.482210973722952	
426	FAST	68	74	0.36326856556838494	0.048	0	4.318062147357231	
427	FAST	68	75	0.32293415966345773	0.048	0	7.84523339030561	
428	FAST	68	76	0.3043083788413486	0.048	0	11.212983771742778	
429	FAST	68	77	0.3277074185209801	0.048	0	7.229320643261988	
430	FAST	68	78	0.3537868345681008	0.048	0	5.402926841580265	
431	FAST	69	70	0.35016734253612003	0.048	0	5.664673499367729	
432	FAST	69	71	0.2889421904033205	0.048	0	17.64135145471494	
433	FAST	69	73	0.409725032299345	0.048	0	2.422856134895736	
434	FAST	69	74	0.43146268347934347	0.048	0	2.4929428233766076	
435	FAST	69	75	0.3940090006189977	0.048	0	2.9005027452651304	
436	FAST	69	76	0.375242522649161	0.048	0	3.9420908228634097	
437	FAST	69	77	0.3880713581061336	0.048	0	3.733970839986514	
438	FAST	69	78	0.4118340394161036	0.048	0	2.5004339908878905	
439	FAST	70	71	0.36321139206122	0.048	0	4.284225385744481	
440	FAST	70	73	0.39483539525942135	0.048	0	3.51144340535734	
441	FAST	70	74	0.39209968574495196	0.048	0	3.288453512853611	
442	FAST	70	75	0.3479917875872324	0.048	0	5.505472266607099	
443	FAST	70	76	0.3135398879049619	0.048	1	8.148540590174733	
444	FAST	70	77	0.29472060910445375	0.048	1	13.602909793453591	
445	FAST	70	78	0.31277550312885255	0.048	0	9.746124548668185	
446	FAST	71	75	0.4279180643201304	0.048	0	1.9845340105724965	
447	FAST	71	76	0.404332513209376	0.048	1	2.645843935212793	
448	FAST	71	77	0.40759504955365466	0.048	0	2.884612510969286	
449	FAST	71	78	0.4282032219443983	0.048	0	2.2261023747921524	
450	FAST	72	73	0.14025606737595317	0.0	0	8.014594034064935	
451	FAST	72	74	0.08725546934826098	0.0	0	11.509032759897451	
452	FAST	72	75	0.06345545813248002	0.0	0	17.499544234477757	
453	FAST	72	76	0.04017865109099696	0.0	0	26.09269905962798	
454	FAST	72	77	0.04570755266690181	0.0	0	19.918642823325392	
455	FAST	72	78	0.06345764046771263	0.0	0	18.638404087123305	
456	FAST	73	74	0.05432577344421043	0.0	0	24.279997160334762	
457	FAST	73	75	0.11529474650005098	0.0	0	14.107053000272003	
458	FAST	73	76	0.1530252220284384	0.0	0	8.79549133535616	
459	FAST	73	77	0.19731463802204155	0.0	0	5.410296165441241	
460	FAST	73	78	0.21506473749309424	0.0	0	4.392450368332032	
461	FAST	74	75	0.0623156956289603	0.0	0	22.62164706680688	
462	FAST	74	76	0.10004617115734774	0.0	0	10.34926918448521	
463	FAST	74	77	0.14433558326087026	0.0	0	6.032219489470335	
464	FAST	74	78	0.16208567884184233	0.0	0	6.307223021041417	
465	FAST	75	76	0.042285826075788555	0.0	0	24.295111394684643	
466	FAST	75	77	0.087860882596482	0.0	0	10.766664561612934	
467	FAST	75	78	0.10561097428737345	0.0	0	9.432089916961495	
468	FAST	76	77	0.06410468924890102	0.0	0	21.69880082649274	
469	FAST	76	78	0.08185477704971184	0.0	0	14.0405183805466	
470	FAST	77	78	0.02740920468246461	0.0	0	33.91439435115155	
471	FAST	28	79	0.22350671848314613	0.0	368	2.209192670646061	
472	FAST	30	79	0.30780768673364234	0.0	459	1.1911786866820349	
473	FAST	39	79	0.45636839404400315	0.0	644	0.5497054254992385	
474	FAST	28	80	0.18434917024831568	0.0	417	2.7289028744420842	
475	FAST	30	80	0.2898639451021564	0.0	401	1.266269101348133	
476	FAST	29	80	0.46498251142597125	0.0	648	0.3568026659496154	
477	FAST	28	81	0.2757390204113524	0.0	350	1.6871394442122445	
478	FAST	39	81	0.33953925588895056	0.0	643	0.9205739219291666	
479	FAST	30	81	0.3224706621475893	0.0	492	0.7332728077423317	
480	FAST	21	82	0.2590842486407181	0.0	302	1.3837159029773518	
481	FAST	22	82	0.3429059362543679	0.0	341	1.1674911649311932	
482	FAST	19	82	0.3041628975643403	0.0	377	1.1413471083892777	
483	FAST	17	83	0.22299170260252538	0.0	258	2.137844369930944	
484	FAST	19	83	0.3115527134574568	0.0	431	1.2829045846278146	
485	FAST	21	83	0.3476665674514792	0.0	322	0.9915493131941898	
