n_interc	
0	
0	
0	
0	
0	
0	
0	
0	
0	
0	
0	
0	
0	
0	
0	
0	
0	
0	
0	
0	
0	
0	
0	
0	
0	
0	
0	
0	
0	
0	
0	
0	
1	
1	
1	
1	
1	
1	
1	
1	
1	
1	
1	
1	
1	
1	
1	
1	
1	
1	
1	
1	
1	
1	
1	
2	
2	
2	
2	
2	
2	
2	
2	
3	
3	
3	
3	
3	
3	
3	
3	
3	
3	
3	
3	
3	
3	
4	
4	
4	
5	
5	
5	
5	
5	
5	
6	
6	
6	
6	
6	
6	
6	
7	
7	
8	
8	
8	
8	
8	
74	
74	
76	
78	
79	
81	
83	
84	
86	
88	
90	
91	
93	
93	
96	
98	
100	
101	
102	
105	
107	
110	
111	
114	
116	
117	
121	
123	
124	
126	
127	
131	
134	
135	
137	
139	
139	
143	
146	
147	
149	
151	
153	
155	
156	
157	
159	
162	
163	
165	
168	
169	
170	
171	
173	
175	
177	
179	
180	
184	
186	
188	
188	
191	
192	
196	
196	
197	
199	
200	
202	
205	
207	
207	
209	
210	
211	
214	
215	
218	
219	
221	
223	
225	
225	
227	
229	
231	
232	
235	
238	
239	
240	
243	
243	
245	
246	
248	
249	
250	
550	
552	
557	
559	
564	
568	
573	
578	
580	
582	
585	
589	
593	
598	
603	
606	
609	
615	
618	
620	
623	
626	
630	
633	
636	
639	
642	
646	
649	
654	
656	
659	
661	
664	
666	
670	
674	
675	
677	
679	
682	
685	
687	
690	
693	
694	
696	
700	
702	
705	
707	
709	
712	
715	
716	
718	
719	
722	
724	
725	
726	
728	
731	
733	
735	
738	
740	
741	
744	
746	
749	
751	
752	
753	
757	
759	
762	
765	
767	
768	
771	
772	
774	
775	
777	
779	
782	
783	
785	
787	
788	
789	
790	
794	
794	
797	
798	
800	
802	
802	
3333	
3341	
3348	
3354	
3357	
3361	
3364	
3365	
3369	
3375	
3376	
3381	
3383	
3386	
3390	
3394	
3397	
3402	
3407	
3410	
3413	
3416	
3419	
3424	
3429	
3431	
3436	
3439	
3442	
3446	
3450	
3453	
3457	
3465	
3469	
3471	
3471	
3476	
3477	
3482	
3484	
3487	
3490	
3495	
3498	
3498	
3498	
3504	
3508	
3510	
3515	
3515	
3520	
3524	
3527	
3527	
3533	
3535	
3537	
3541	
3542	
3545	
3546	
3549	
3552	
3555	
3556	
3559	
3560	
3564	
3566	
3569	
3572	
3574	
3582	
3583	
3587	
3590	
3593	
3593	
3595	
3598	
3601	
3604	
3608	
3610	
3615	
3616	
3618	
3621	
3624	
3626	
3627	
3629	
3633	
3634	
3640	
3641	
3644	
3645	
3108	
3110	
3114	
3115	
3120	
3121	
3122	
3122	
3124	
3126	
3126	
3127	
3128	
3129	
3131	
3134	
3135	
3136	
3139	
3140	
3142	
3144	
3145	
3146	
3148	
3152	
3152	
3153	
3154	
3157	
3159	
3160	
3160	
3161	
3165	
3166	
3167	
3168	
3170	
3171	
3172	
3173	
3175	
3176	
3177	
3178	
3179	
3181	
3183	
3186	
3188	
3190	
3190	
3192	
3192	
3193	
3193	
3193	
3195	
3197	
3197	
3199	
3201	
3205	
3205	
3205	
3205	
3206	
3207	
3208	
3212	
3212	
3214	
3216	
3217	
3218	
3218	
3218	
3220	
3222	
3222	
3225	
3226	
3229	
3229	
3229	
3230	
3230	
3230	
3232	
3233	
3235	
3236	
3236	
3236	
3238	
3240	
3241	
3241	
3242	
