id	type	l1	l2	friction	risk	count	acc	
1	FAST	1	2	0.02151630826214646	0.0	0	75.01769325329042	
2	FAST	1	3	0.027987052819351734	0.0	0	55.26782991899834	
3	FAST	1	4	0.07302656972007415	0.0	0	20.38624044853053	
4	FAST	1	5	0.10800269310982086	0.0	0	13.76497847490678	
5	FAST	1	6	0.2005826597473596	0.0	0	7.1810494646312355	
6	FAST	1	7	0.05791240055316788	0.0	0	34.45317200590261	
7	FAST	1	8	0.06855335822514483	0.0	0	23.251916496079794	
8	FAST	1	68	0.36490858423453987	0.048	0	8.566165601473552	
9	FAST	1	69	0.40115801759656244	0.048	0	6.186141595190532	
10	FAST	1	70	0.423550267947518	0.048	0	5.4146180108195106	
11	FAST	1	71	0.44235053412726005	0.048	0	4.639786584223898	
12	FAST	1	72	0.28733633203502157	0.0	0	6.544921249873796	
13	FAST	1	73	0.1906077266698771	0.0	0	21.677583338735293	
14	FAST	1	74	0.20210142113627694	0.0	0	11.988915995317969	
15	FAST	1	75	0.2630703980821981	0.0	0	10.54916818281148	
16	FAST	1	76	0.3008008736105855	0.0	0	8.580777708708986	
17	FAST	1	77	0.3450902934942693	0.0	0	5.734442860136028	
18	FAST	1	78	0.36284036573475764	0.0	0	5.342545904888288	
19	FAST	2	3	0.007516752227496343	0.0	0	225.3954199763939	
20	FAST	2	4	0.05255626523813813	0.0	0	31.34994541828288	
21	FAST	2	5	0.08753238084772358	0.0	0	17.459734767413977	
22	FAST	2	6	0.18130277439888826	0.0	0	8.17920855786675	
23	FAST	2	7	0.06458409111532147	0.0	0	27.890475868296267	
24	FAST	2	8	0.04808305763328943	0.0	0	36.365413951259185	
25	FAST	2	23	0.24993272053144797	0.0	474	4.86065480718801	
26	FAST	2	68	0.36470401260312413	0.048	4	8.956389947433165	
27	FAST	2	69	0.391780317504476	0.048	442	5.629351986174105	
28	FAST	2	70	0.4257275325971185	0.048	28	5.032801806950366	
29	FAST	2	71	0.43263050137245695	0.048	0	5.093481842185309	
30	FAST	2	72	0.3002858035948819	0.0	0	6.1242494448659786	
31	FAST	2	73	0.2035572098999793	0.0	0	16.51735672834752	
32	FAST	2	74	0.21505090436637914	0.0	0	10.079868450964579	
33	FAST	2	75	0.2760198696420584	0.0	0	9.409320112690583	
34	FAST	2	76	0.3137503451704458	0.0	0	7.8702029994748255	
35	FAST	2	77	0.3580397650541296	0.0	0	5.569213878311482	
36	FAST	3	4	0.04596140765847902	0.0	0	36.20167064286253	
37	FAST	3	5	0.08093752715814509	0.0	0	18.053337988906716	
38	FAST	3	6	0.18231210638901338	0.0	0	8.350741239042986	
39	FAST	3	7	0.06852057262560743	0.0	0	24.212440353470313	
40	FAST	3	8	0.04148820394371095	0.0	0	39.50986643132845	
41	FAST	3	23	0.253869190371492	0.0	17	5.678269690248076	
42	FAST	3	68	0.3624783762095865	0.048	0	8.552078666845498	
43	FAST	3	69	0.3866275625916361	0.048	17	6.621101706113938	
44	FAST	3	70	0.424054534998753	0.048	0	4.985884055559271	
45	FAST	3	71	0.42731742112785376	0.048	0	4.646282733055277	
46	FAST	3	72	0.30422229677540974	0.0	0	6.169450598629885	
47	FAST	3	73	0.20749369141026527	0.0	0	15.781875188447476	
48	FAST	3	74	0.2189873742064232	0.0	0	9.620703066723681	
49	FAST	3	75	0.27995636282258624	0.0	0	9.226049588729847	
50	FAST	3	76	0.3176868383509737	0.0	0	7.669489249652644	
51	FAST	3	77	0.36197625823465746	0.0	0	5.283599944588219	
52	FAST	4	5	0.03612179881582182	0.0	0	44.10899908708995	
53	FAST	4	6	0.131309053093839	0.0	0	11.846175069914736	
54	FAST	4	7	0.11268187659387058	0.0	0	16.12688406815476	
55	FAST	4	8	0.007503043583361338	0.0	0	300.73576421046323	
56	FAST	4	9	0.19906910328632327	0.0	0	6.963526246446446	
57	FAST	4	23	0.20219244902298494	0.0	2	7.045553024372929	
58	FAST	4	24	0.1883962275027891	0.0	15	6.904398792713122	
59	FAST	4	68	0.38518730849483807	0.048	1	7.218116404281351	
60	FAST	4	69	0.38862564188147486	0.048	16	6.562653917533179	
61	FAST	4	71	0.42626530464684514	0.048	0	5.045230330936027	
62	FAST	4	73	0.25165497981820595	0.0	0	9.57488916407533	
63	FAST	4	74	0.26314868595484764	0.0	0	6.511741953302713	
64	FAST	4	75	0.32411765123052694	0.0	0	6.1223266807045365	
65	FAST	4	76	0.36184812675891437	0.0	0	5.757554029257151	
66	FAST	5	6	0.09695465406038882	0.0	0	18.50512725890449	
67	FAST	5	7	0.1480079633072034	0.0	0	11.713124879352012	
68	FAST	5	8	0.04282913807685543	0.0	0	36.45960211155095	
69	FAST	5	9	0.1647147042528731	0.0	0	8.91956393398656	
70	FAST	5	10	0.20580158024837855	0.0	4	6.549053882893179	
71	FAST	5	11	0.315176425388388	0.0	4	5.777671584285269	
72	FAST	5	23	0.1678380499895348	0.0	18	8.178192052480904	
73	FAST	5	24	0.1540418323594195	0.0	430	7.660051482270295	
74	FAST	5	25	0.21818540685428356	0.0	761	4.6660689674171305	
75	FAST	5	68	0.41072317596004826	0.048	14	5.86312142297153	
76	FAST	5	69	0.4016265693558544	0.048	1198	4.186362758270323	
77	FAST	5	71	0.4354848530175842	0.048	1	4.764059303294253	
78	FAST	5	73	0.2869810937621032	0.0	0	6.84827771973096	
79	FAST	5	74	0.2984747765582611	0.0	0	5.070540695328761	
80	FAST	5	75	0.3594437418339404	0.0	0	5.175711126491086	
81	FAST	6	7	0.22348282140222536	0.0	0	6.690104187037853	
82	FAST	6	8	0.1367366608602571	0.0	0	11.728613111006693	
83	FAST	6	9	0.07023925303818712	0.0	0	19.487115084901124	
84	FAST	6	10	0.11132612125353132	0.0	0	12.524252158341918	
85	FAST	6	11	0.2207009547232989	0.0	0	9.044792093617456	
86	FAST	6	12	0.25762382228263525	0.0	0	6.81345070932296	
87	FAST	6	23	0.1142018866986697	0.0	0	13.932980684656451	
88	FAST	6	24	0.1001154807239066	0.0	0	14.925093121246293	
89	FAST	6	25	0.16454923189317652	0.0	0	10.123763474891378	
90	FAST	6	26	0.15947391760864105	0.0	0	8.9794750463673	
91	FAST	7	8	0.10798518774699241	0.0	0	17.293040251026795	
92	FAST	7	23	0.2485729428477388	0.0	23	6.00570787113143	
93	FAST	7	24	0.2631165461086946	0.0	36	6.005438952719259	
94	FAST	7	68	0.40415430617655823	0.048	0	6.326037580921862	
95	FAST	7	69	0.4403988038214797	0.048	59	4.305136207214446	
96	FAST	7	72	0.25068690991330783	0.0	0	6.569193649482141	
97	FAST	7	73	0.15395831621840525	0.0	0	16.53891235734829	
98	FAST	7	74	0.16545201068480506	0.0	0	10.728483240488941	
99	FAST	7	75	0.22642097596048436	0.0	0	8.181577041875553	
100	FAST	7	76	0.26415145148887176	0.0	0	7.4505605899917215	
101	FAST	8	9	0.20593583471103105	0.0	0	6.449790168180677	
102	FAST	8	23	0.20905918044769273	0.0	0	6.764493618840993	
103	FAST	8	24	0.19526296281757746	0.0	0	6.944938415331502	
104	FAST	8	68	0.381788758681206	0.048	0	6.942577665913332	
105	FAST	8	69	0.3874760334580042	0.048	0	7.168172005582215	
106	FAST	8	71	0.4256121061407696	0.048	0	5.138113589984037	
107	FAST	8	72	0.34401116178742613	0.0	0	5.091954401375911	
108	FAST	8	73	0.2472825797627654	0.0	0	10.338507932842273	
109	FAST	8	74	0.25877625866884274	0.0	0	7.138721989399863	
110	FAST	8	75	0.3197452278346027	0.0	0	6.714644248169221	
111	FAST	8	76	0.3574757033629901	0.0	0	5.71938581907416	
112	FAST	9	10	0.042910483552879006	0.0	0	38.177904792922035	
113	FAST	9	11	0.15228532869288847	0.0	0	13.525556399652993	
114	FAST	9	12	0.18920818458198294	0.0	0	9.983475747938709	
115	FAST	9	13	0.22995744825989792	0.0	0	6.944949572296895	
116	FAST	9	14	0.25331769753086336	0.0	0	5.655586980011945	
117	FAST	9	15	0.24757465090643752	0.0	0	5.2949457899479135	
118	FAST	9	23	0.17921559053844677	0.0	0	11.113394499966809	
119	FAST	9	24	0.16512918067360308	0.0	0	11.852103580357628	
120	FAST	9	25	0.17977600333395677	0.0	0	13.007281869413658	
121	FAST	9	26	0.09105827990798876	0.0	0	19.488097365211235	
122	FAST	9	27	0.17848346569391205	0.0	0	9.230139859903366	
123	FAST	9	29	0.1855811706559399	0.0	0	9.446212344548039	
124	FAST	10	11	0.10937484514000945	0.0	0	15.040051985368356	
125	FAST	10	12	0.1462977010291039	0.0	0	10.912493216694507	
126	FAST	10	13	0.18704696470701887	0.0	0	8.478179505591037	
127	FAST	10	14	0.21040721786806496	0.0	0	6.780859174188556	
128	FAST	10	15	0.2046641673535585	0.0	0	6.879168551166081	
129	FAST	10	16	0.20323672949747695	0.0	0	5.942910563911245	
130	FAST	10	23	0.213153638132304	0.0	0	8.894105476130882	
131	FAST	10	24	0.199016878953885	0.0	0	10.010526566451857	
132	FAST	10	25	0.13705416535107862	0.0	0	13.807779543646802	
133	FAST	10	26	0.04814779635510974	0.0	0	32.049547413642934	
134	FAST	10	27	0.1355729938112749	0.0	1	14.98681678166381	
135	FAST	10	29	0.14267068710306088	0.0	3	12.960159359373444	
136	FAST	11	12	0.0364924262477068	0.0	0	44.82031562990012	
137	FAST	11	13	0.07678160230952209	0.0	0	20.60759953392915	
138	FAST	11	14	0.1121667443368769	0.0	0	12.59883497040346	
139	FAST	11	15	0.13120902745063714	0.0	0	11.726382417903784	
140	FAST	11	16	0.21670056307836655	0.0	0	8.21065709034827	
141	FAST	11	24	0.31300570982660975	0.0	0	5.232588198414851	
142	FAST	11	25	0.2510430001138839	0.0	0	5.950158982055608	
143	FAST	11	26	0.0629029032998397	0.0	0	23.551934902159736	
144	FAST	11	27	0.15032809297584365	0.0	0	9.434859228431943	
145	FAST	11	29	0.1574258018279521	0.0	4	8.644506036627327	
146	FAST	11	31	0.2612748846871239	0.0	0	5.696724599035944	
147	FAST	12	13	0.041186765485885346	0.0	0	39.01686581768313	
148	FAST	12	14	0.0765719114033208	0.0	0	20.14460771263497	
149	FAST	12	15	0.09561419451708102	0.0	0	17.034371775158803	
150	FAST	12	16	0.14372326122945295	0.0	0	10.613914625703455	
151	FAST	12	26	0.09403059326424705	0.0	0	17.591207718075463	
152	FAST	12	27	0.1814557907204122	0.0	0	8.291467931987262	
153	FAST	12	29	0.18855348401219818	0.0	0	7.57919021337497	
154	FAST	12	31	0.19481717124778766	0.0	0	7.7094293996101495	
155	FAST	13	14	0.035643937421330284	0.0	0	43.59525832812212	
156	FAST	13	15	0.05468622442517113	0.0	0	30.320330553828448	
157	FAST	13	16	0.10279528335738179	0.0	0	14.64259315298781	
158	FAST	13	26	0.13496519205354798	0.0	0	12.494068696820474	
159	FAST	13	27	0.22239038950971318	0.0	0	6.7012109670078965	
160	FAST	13	29	0.22948808669157972	0.0	0	7.17735787879782	
161	FAST	13	31	0.15388919337571655	0.0	0	9.115544623518206	
162	FAST	14	15	0.019130319528464904	0.0	0	86.1848337076793	
163	FAST	14	16	0.06723938624083681	0.0	0	24.815329092293315	
164	FAST	14	26	0.1630868027618412	0.0	0	9.792203594364345	
165	FAST	14	27	0.2503014029230186	0.0	0	6.484600618547146	
166	FAST	14	29	0.25739912344536897	0.0	0	6.209453522363662	
167	FAST	14	31	0.1183333001492522	0.0	0	13.305947839807162	
168	FAST	14	32	0.21194727355834295	0.0	0	5.992070236626802	
169	FAST	15	16	0.048585982817270716	0.0	0	33.596144666144795	
170	FAST	15	26	0.15747477794306555	0.0	0	9.199615841700531	
171	FAST	15	27	0.244689378104243	0.0	0	6.370516214657051	
172	FAST	15	29	0.25178707528610955	0.0	0	6.864525923689533	
173	FAST	15	31	0.09967989283560547	0.0	0	16.08573271357089	
174	FAST	15	32	0.1932938779149381	0.0	0	7.046155917262815	
175	FAST	16	26	0.15613073174541822	0.0	0	8.051260208018121	
176	FAST	16	27	0.24334533190659563	0.0	0	6.891395778124964	
177	FAST	16	29	0.250443052428946	0.0	0	6.966441977314181	
178	FAST	16	31	0.05291526521902438	0.0	0	33.073643084357165	
179	FAST	16	32	0.14652924640827636	0.0	0	9.89415705918783	
180	FAST	17	18	0.144492633596006	0.0	23	10.509538039346193	
181	FAST	17	19	0.20948451408345695	0.0	8	8.00095146108335	
182	FAST	17	20	0.22112509410431017	0.0	4	6.29898882237528	
183	FAST	17	21	0.2301959607734761	0.0	16	7.032508317190604	
184	FAST	18	19	0.06547912086633792	0.0	0	27.095817414534835	
185	FAST	18	20	0.07711971255743301	0.0	0	20.909830289701016	
186	FAST	18	21	0.08619056366627643	0.0	0	19.325280353700904	
187	FAST	18	22	0.11826343430116347	0.0	0	14.833391573489035	
188	FAST	18	23	0.2031332533527576	0.0	480	6.860478006550543	
189	FAST	18	24	0.21725088889480668	0.0	62	6.479593223275329	
190	FAST	19	20	0.0557718564567446	0.0	0	26.400590794223497	
191	FAST	19	21	0.020826386902350846	0.0	0	75.4716517353951	
192	FAST	19	22	0.052899253647157266	0.0	0	28.958102061948797	
193	FAST	19	23	0.18178540114214978	0.0	46	7.503186447752367	
194	FAST	19	24	0.19590302501395698	0.0	413	6.3244887726743535	
195	FAST	19	25	0.25918542512951476	0.0	1	5.878909041998858	
196	FAST	20	21	0.051960300995763854	0.0	0	29.464891383315752	
197	FAST	20	22	0.057609725049702395	0.0	0	30.480295837671708	
198	FAST	20	23	0.12831906321120456	0.0	1	13.244386209097614	
199	FAST	20	24	0.14243669875325368	0.0	3	11.78798800904187	
200	FAST	20	25	0.20571908719856957	0.0	0	8.929219493073177	
201	FAST	21	22	0.03241731782414188	0.0	0	51.51556702606003	
202	FAST	21	23	0.177942145414127	0.0	9	8.267585424754492	
203	FAST	21	24	0.1920597848462567	0.0	6	7.376340297941306	
204	FAST	21	25	0.25534216940149196	0.0	1	6.517882253350123	
205	FAST	22	23	0.18354915202889183	0.0	0	9.010792602425715	
206	FAST	22	24	0.19766678757094094	0.0	0	8.87471397054913	
207	FAST	22	25	0.2609491876864987	0.0	0	8.110159366789611	
208	FAST	23	24	0.014785710209034767	0.0	0	107.54607645832515	
209	FAST	23	25	0.07806810643451191	0.0	0	19.536175571232267	
210	FAST	23	26	0.26582657077857297	0.0	0	6.252766408086991	
211	FAST	24	25	0.06401010971857911	0.0	0	22.753723873039057	
212	FAST	24	26	0.25176857017255955	0.0	0	6.6462188830451305	
213	FAST	24	27	0.3391937559584829	0.0	0	5.207876741456951	
214	FAST	25	26	0.1896613206239994	0.0	0	9.274455365134445	
215	FAST	25	27	0.2770865064099227	0.0	0	8.023445328929883	
216	FAST	25	29	0.28418422304219243	0.0	0	7.650383213807822	
217	FAST	25	30	0.4521379951502652	0.0	764	4.112253266148679	
218	FAST	26	27	0.08793642018212716	0.0	0	17.5706044685967	
219	FAST	26	29	0.09503412125407436	0.0	0	15.67137738001879	
220	FAST	26	31	0.2001531209344359	0.0	0	5.76718448789201	
221	FAST	27	29	0.009295402123045745	0.0	0	183.84232683804802	
222	FAST	27	30	0.1772491897914411	0.0	1	8.13385565117607	
223	FAST	27	31	0.28774323446876776	0.0	0	6.103133504087334	
224	FAST	28	30	0.15944353607893208	0.0	89	11.819003979061138	
225	FAST	29	30	0.16795380711879848	0.0	7	8.084438589864803	
226	FAST	29	31	0.2954023675373496	0.0	0	6.12900692625059	
227	FAST	31	32	0.09361397729917137	0.0	0	15.834400541796327	
228	FAST	31	33	0.20448155529861253	0.0	0	6.089864400450732	
229	FAST	32	33	0.11533800808672107	0.0	0	12.67637638331319	
230	FAST	32	34	0.21282922874836685	0.0	0	5.816237870986283	
231	FAST	32	35	0.1856925008734483	0.0	0	7.416485136324353	
232	FAST	33	34	0.09994297898851423	0.0	0	15.014709556273147	
233	FAST	33	35	0.08939985684434527	0.0	0	18.779465569884284	
234	FAST	33	36	0.23577195177538954	0.0	0	5.828127121983297	
235	FAST	33	43	0.21187265792180676	0.0	0	6.353360292591721	
236	FAST	33	44	0.23313834384937832	0.0	0	6.166558538672134	
237	FAST	34	35	0.07425086367565223	0.0	0	20.735621172794236	
238	FAST	34	36	0.22119958914834686	0.0	3322	2.113551680960863	
239	FAST	34	40	0.21309968660406667	0.0	27	5.96902109266861	
240	FAST	34	41	0.19701331626663482	0.0	26	6.639706894347385	
241	FAST	34	42	0.19652467156864095	0.0	2	9.607645815320017	
242	FAST	34	43	0.11495453171851999	0.0	0	15.25024626513124	
243	FAST	34	44	0.1362202176460916	0.0	0	12.817851465750268	
244	FAST	34	45	0.17083477360173724	0.0	0	10.257809453482588	
245	FAST	34	46	0.1415772009986984	0.0	0	11.514368203507235	
246	FAST	34	47	0.2729031837234328	0.0	0	6.421020536999563	
247	FAST	34	48	0.30365908701192784	0.0	0	5.029066270558757	
248	FAST	34	49	0.2550983585980977	0.0	0	6.101348181473698	
249	FAST	34	63	0.41350450727089905	0.048	3363	1.137011264769504	
250	FAST	35	36	0.15314777123847956	0.0	0	9.331496453199797	
251	FAST	35	37	0.18349454307702828	0.0	0	7.303635509476093	
252	FAST	35	40	0.18010409662424917	0.0	0	7.566188636181456	
253	FAST	35	41	0.1906017709564348	0.0	0	8.175657799687832	
254	FAST	35	42	0.2441990567814982	0.0	0	8.084776582708045	
255	FAST	35	43	0.16262891693137727	0.0	0	8.40451158673506	
256	FAST	35	44	0.18389460285894885	0.0	0	7.825279528802007	
257	FAST	35	45	0.21850915881459448	0.0	0	6.086680014362589	
258	FAST	35	46	0.18925158232147501	0.0	0	6.900930396296014	
259	FAST	36	37	0.03814278128412667	0.0	345	38.45828076365378	
260	FAST	36	38	0.11676273844668511	0.0	151	14.76280429902024	
261	FAST	36	39	0.19725989680743664	0.0	2835	4.470289903228584	
262	FAST	36	40	0.1635373363399172	0.0	0	11.945719199739084	
263	FAST	36	41	0.3269651669101407	0.0	0	8.944365768240965	
264	FAST	36	42	0.39092006082427827	0.0	0	5.620116462367481	
265	FAST	37	38	0.08093381602122546	0.0	0	27.076322191223703	
266	FAST	37	39	0.15061684588073954	0.0	0	9.884852244183556	
267	FAST	37	40	0.14019839693063493	0.0	0	15.617115470613458	
268	FAST	37	41	0.3579232571393046	0.0	1	9.363071112488127	
269	FAST	37	42	0.4218781277129583	0.0	0	5.7397636295233125	
270	FAST	38	39	0.08372419808664779	0.0	0	19.537572182105848	
271	FAST	38	40	0.11208962348841593	0.0	22	16.65992270074931	
272	FAST	38	41	0.40779445257479646	0.0	33	8.797450802865166	
273	FAST	38	42	0.46110764581155694	0.0	8	4.696458549976338	
274	FAST	39	40	0.19341849275779302	0.0	5	7.94707958803418	
275	FAST	39	41	0.48912332573425416	0.0	36	5.173221354495468	
276	FAST	40	41	0.2986730228472532	0.0	0	37.9994231023232	
277	FAST	40	42	0.3519861888534493	0.0	0	9.55958844196887	
278	FAST	40	43	0.30170619262486453	0.0	0	5.427676207768298	
279	FAST	41	42	0.25357444285234754	0.0	0	15.686506932261688	
280	FAST	41	43	0.20648708636666077	0.0	0	6.611760659766567	
281	FAST	41	44	0.22937622353302517	0.0	44	5.806496366424894	
282	FAST	41	46	0.2310540153081182	0.0	0	6.388373189271747	
283	FAST	42	43	0.11780820928584947	0.0	0	14.397240204376525	
284	FAST	42	44	0.13084020112608316	0.0	3	11.933702679136365	
285	FAST	42	45	0.16679591294946913	0.0	1	8.206641653153072	
286	FAST	42	46	0.1325179929011762	0.0	0	12.307979286537666	
287	FAST	42	47	0.24937123796376515	0.0	2	5.7500481389652744	
288	FAST	42	49	0.20710935144416465	0.0	0	6.314018116100285	
289	FAST	43	44	0.023101644490940768	0.0	0	75.70432847626878	
290	FAST	43	45	0.05771618877634452	0.0	0	26.197628181050373	
291	FAST	43	46	0.0288340089539606	0.0	0	61.96506055420123	
292	FAST	43	47	0.159784610568282	0.0	0	12.011020129581912	
293	FAST	43	48	0.19054051385677703	0.0	0	9.029758814951872	
294	FAST	43	49	0.14197978544294687	0.0	0	12.300878729120415	
295	FAST	43	63	0.3923885515678148	0.048	0	6.304269878740206	
296	FAST	44	45	0.03650977211722949	0.0	0	43.668904761814744	
297	FAST	44	46	0.02575993886862073	0.0	0	71.64131305738607	
298	FAST	44	47	0.14086488833480484	0.0	0	15.109485123668208	
299	FAST	44	48	0.171620779953058	0.0	0	11.162491380018164	
300	FAST	44	49	0.12306006320946969	0.0	0	15.998461371938188	
301	FAST	44	50	0.2795338767258421	0.0	0	6.05868191163171	
302	FAST	44	54	0.4062621031342436	0.0	0	5.00324377504346	
303	FAST	44	63	0.3774616757931424	0.048	47	7.347341932986933	
304	FAST	45	46	0.05900224943214269	0.0	0	28.52152748132364	
305	FAST	45	47	0.11029916330807826	0.0	0	26.42576069173776	
306	FAST	45	48	0.1410550549263314	0.0	0	16.71694059864186	
307	FAST	45	49	0.07388850655518356	0.0	0	25.004736580608384	
308	FAST	45	50	0.2303623317417979	0.0	0	7.561347484963015	
309	FAST	45	52	0.29512067512879453	0.0	0	5.617353002499057	
310	FAST	45	53	0.3237251926661545	0.0	0	5.812516019856362	
311	FAST	45	54	0.3570905581501994	0.0	0	6.4924795170469185	
312	FAST	45	56	0.4526480314016355	0.0	0	4.682494041041357	
313	FAST	45	63	0.3512879165346726	0.048	1	10.291688315314204	
314	FAST	46	47	0.15177768484110474	0.0	0	13.571200995715856	
315	FAST	46	48	0.1825335725692773	0.0	0	9.687996186303785	
316	FAST	46	49	0.1095157983215043	0.0	0	16.229809311833215	
317	FAST	47	48	0.033308403033401005	0.0	0	53.46395021586151	
318	FAST	47	49	0.04335293354340888	0.0	0	43.04672363264586	
319	FAST	47	50	0.13698732987579948	0.0	0	12.073721448978123	
320	FAST	47	51	0.1911754722673719	0.0	0	7.8045058005865595	
321	FAST	47	52	0.21128708019471065	0.0	0	8.73849957453697	
322	FAST	47	53	0.2398915977320707	0.0	0	8.86243398515874	
323	FAST	47	54	0.2732569865565993	0.0	0	8.885609006338191	
324	FAST	47	56	0.3688144364675517	0.0	0	5.676598978316317	
325	FAST	47	63	0.32931771848225994	0.048	2	13.525478494387215	
326	FAST	48	49	0.07429681330803665	0.0	0	33.61668854319063	
327	FAST	48	50	0.10466340899746844	0.0	0	17.96626897501744	
328	FAST	48	51	0.15885155138904086	0.0	0	10.045003078425996	
329	FAST	48	52	0.17896317098662154	0.0	0	10.889707639443657	
330	FAST	48	53	0.2075677001942234	0.0	0	11.328647974883204	
331	FAST	48	54	0.2409330695683489	0.0	0	10.374478623070754	
332	FAST	48	55	0.31065396158262065	0.0	0	5.009969206934972	
333	FAST	48	56	0.33649051558922066	0.0	0	6.14445957016015	
334	FAST	48	63	0.33176830010421277	0.048	0	12.304171957789446	
335	FAST	49	50	0.1566683642287674	0.0	0	10.425973876936323	
336	FAST	49	51	0.1845573986865216	0.0	0	7.745032526042569	
337	FAST	49	52	0.22142669594552217	0.0	0	7.050007830209821	
338	FAST	49	53	0.25003121348288215	0.0	0	6.955401311273562	
339	FAST	49	54	0.28339660619749146	0.0	0	6.811933785901594	
340	FAST	50	51	0.08115968188268026	0.0	0	22.84330010035591	
341	FAST	50	52	0.07399500529255132	0.0	0	29.93111726737437	
342	FAST	50	53	0.10259952671999197	0.0	0	21.337383534324484	
343	FAST	50	54	0.13596489609411744	0.0	0	15.19803052222711	
344	FAST	50	55	0.20568579977863108	0.0	0	7.503456015807385	
345	FAST	50	56	0.2315223537852311	0.0	0	7.711552818740345	
346	FAST	50	57	0.28310399822269255	0.0	0	5.085769051889775	
347	FAST	51	52	0.0866936794642085	0.0	0	18.20714412864052	
348	FAST	51	53	0.1152981970015685	0.0	0	12.200162070690856	
349	FAST	51	54	0.14866356637569397	0.0	0	9.680006541229123	
350	FAST	51	55	0.21838445838996573	0.0	0	6.000482408811182	
351	FAST	51	56	0.2442210123965657	0.0	0	5.2982351505987735	
352	FAST	52	53	0.027119747672974932	0.0	0	53.53623948962531	
353	FAST	52	54	0.06466182659652175	0.0	0	23.649157239182244	
354	FAST	52	55	0.13438272639095475	0.0	0	11.167739313021075	
355	FAST	52	56	0.16021928039755476	0.0	0	9.77285197446412	
356	FAST	52	57	0.2118009365052582	0.0	0	6.626381126550594	
357	FAST	53	54	0.03255763303241363	0.0	0	47.52677116311202	
358	FAST	53	55	0.1392847375834884	0.0	0	14.41508809763455	
359	FAST	53	56	0.12811509072352725	0.0	0	13.067910174419778	
360	FAST	53	57	0.1796967429411501	0.0	0	8.025061033617689	
361	FAST	53	58	0.2558494359154547	0.0	0	5.443624116197671	
362	FAST	53	63	0.337184139804537	0.048	0	12.166065660815693	
363	FAST	54	55	0.09882882488577224	0.0	0	15.518215018483291	
364	FAST	54	56	0.09594506921502285	0.0	0	18.52086685945764	
365	FAST	54	57	0.14752673699296817	0.0	0	10.0441756010172	
366	FAST	54	58	0.2236794182970309	0.0	0	6.3588771546160086	
367	FAST	54	59	0.23363279643775064	0.0	0	5.337661241758903	
368	FAST	54	63	0.31193667033525635	0.048	0	17.11101416447614	
369	FAST	55	56	0.10245118238530287	0.0	0	23.047271400752223	
370	FAST	55	57	0.11688081406400345	0.0	0	17.48518268401266	
371	FAST	55	58	0.19303349536806622	0.0	0	8.899473451542612	
372	FAST	55	59	0.15404239253103003	0.0	0	9.726866154941762	
373	FAST	55	60	0.199998124561872	0.0	0	6.3905487260999045	
374	FAST	55	61	0.21647929140213404	0.0	0	6.096356632372096	
375	FAST	56	57	0.051750960196819136	0.0	0	29.207214015870342	
376	FAST	56	58	0.12790363761080126	0.0	0	11.823211443144517	
377	FAST	56	59	0.1378570196416016	0.0	0	10.2616614744537	
378	FAST	56	60	0.1863277627103322	0.0	0	7.387019422683022	
379	FAST	56	61	0.2295672264918869	0.0	0	5.176715918622465	
380	FAST	56	63	0.3399620284812417	0.048	0	11.393984088647127	
381	FAST	56	64	0.38634472259083835	0.048	0	6.692729744892149	
382	FAST	56	65	0.43919115018064	0.048	0	4.341314085425029	
383	FAST	56	67	0.42103726473208475	0.048	0	5.532356898628926	
384	FAST	57	58	0.07675344979601327	0.0	0	22.24005816327824	
385	FAST	57	59	0.08670683571689426	0.0	0	19.733754162507818	
386	FAST	57	60	0.13517757878562484	0.0	0	11.339264092406692	
387	FAST	57	61	0.17841704256717958	0.0	0	8.02028932099081	
388	FAST	57	63	0.384340773682992	0.048	0	7.025643589263783	
389	FAST	57	64	0.3412958770645092	0.048	0	10.943742772655751	
390	FAST	57	65	0.38984504348251814	0.048	0	6.932520367975465	
391	FAST	57	66	0.42780336506585737	0.048	0	5.071112202314231	
392	FAST	57	67	0.37333280038000694	0.048	0	7.7684661114717555	
393	FAST	58	59	0.07200593315564248	0.0	0	28.51836654903137	
394	FAST	58	60	0.08743951295287825	0.0	0	20.130598969827552	
395	FAST	58	61	0.1310579211587018	0.0	0	11.484978311280301	
396	FAST	58	62	0.255370979338627	0.0	0	5.95756987374632	
397	FAST	58	63	0.42867785119451274	0.048	0	4.909872649818154	
398	FAST	58	64	0.2815888030664809	0.048	0	35.79681692612044	
399	FAST	58	65	0.3403573143357273	0.048	0	11.53525545367377	
400	FAST	58	66	0.39043847436779794	0.048	0	7.189493336457181	
401	FAST	58	67	0.31576294598180515	0.048	0	16.663431733939934	
402	FAST	59	60	0.049577043098683535	0.0	0	31.53071552972679	
403	FAST	59	61	0.09281650299015765	0.0	0	17.173553852058028	
404	FAST	59	62	0.19190307683821625	0.0	0	8.086527628913682	
405	FAST	60	61	0.04366750880351709	0.0	0	38.731733229373184	
406	FAST	60	62	0.16798056309336168	0.0	0	10.775309392553604	
407	FAST	61	62	0.1284738884202208	0.0	0	15.781312084381774	
408	FAST	61	64	0.34189073151411264	0.048	0	11.63063833367395	
409	FAST	61	65	0.27660027650124386	0.048	0	40.8755192566044	
410	FAST	61	66	0.2846057362515169	0.048	0	35.18004764515497	
411	FAST	61	67	0.313713359586781	0.048	0	16.75960692877973	
412	FAST	62	64	0.4213812504185731	0.048	0	4.9865591227436035	
413	FAST	62	65	0.3530950978131749	0.048	0	10.015463870570795	
414	FAST	62	66	0.29304974429611425	0.048	0	26.092544589389785	
415	FAST	62	67	0.39218104977363377	0.048	0	6.736732948929681	
416	FAST	64	65	0.3208596406357785	0.048	0	14.814907581335072	
417	FAST	64	66	0.37832092189058875	0.048	0	7.467526395744348	
418	FAST	64	67	0.28711509697401516	0.048	0	28.153487598448528	
419	FAST	65	66	0.30802592284334046	0.048	0	18.16360335043596	
420	FAST	65	67	0.2869529669048198	0.048	0	29.517402906021825	
421	FAST	66	67	0.34723302916346765	0.048	0	10.564898309314122	
422	FAST	68	69	0.31961417983176404	0.048	0	15.330611936895043	
423	FAST	68	70	0.31025070892562745	0.048	0	18.5891424113908	
424	FAST	68	71	0.35282413558903386	0.048	0	10.48813565356245	
425	FAST	68	73	0.3499823949333256	0.048	0	10.492324853729317	
426	FAST	68	74	0.36326856556838494	0.048	0	8.57499169068695	
427	FAST	68	75	0.32293415966345773	0.048	0	14.36337383661084	
428	FAST	68	76	0.3043083788413486	0.048	0	19.99875062770269	
429	FAST	68	77	0.3277074185209801	0.048	0	13.553318683376798	
430	FAST	68	78	0.3537868345681008	0.048	0	9.890052031544895	
431	FAST	69	70	0.35016734253612003	0.048	0	9.805028948212332	
432	FAST	69	71	0.2889421904033205	0.048	0	28.866816855388898	
433	FAST	69	73	0.409725032299345	0.048	0	5.6157519807913125	
434	FAST	69	74	0.43146268347934347	0.048	0	4.703862176349841	
435	FAST	69	75	0.3940090006189977	0.048	0	6.5049693479304	
436	FAST	69	76	0.375242522649161	0.048	0	7.4928227658456095	
437	FAST	69	77	0.3880713581061336	0.048	0	7.014097335454823	
438	FAST	69	78	0.4118340394161036	0.048	0	5.32226936549859	
439	FAST	70	71	0.36321139206122	0.048	0	9.315929800418312	
440	FAST	70	73	0.39483539525942135	0.048	0	6.694464579885412	
441	FAST	70	74	0.39209968574495196	0.048	0	6.556101267737673	
442	FAST	70	75	0.3479917875872324	0.048	0	10.525485117269822	
443	FAST	70	76	0.3135398879049619	0.048	0	16.72915893931934	
444	FAST	70	77	0.29472060910445375	0.048	0	25.364281516914748	
445	FAST	70	78	0.31277550312885255	0.048	0	17.19342361954143	
446	FAST	71	75	0.4279180643201304	0.048	0	4.746073470881354	
447	FAST	71	76	0.404332513209376	0.048	0	6.02800283533812	
448	FAST	71	77	0.40759504955365466	0.048	0	5.958845286400656	
449	FAST	71	78	0.4282032219443983	0.048	0	5.222587841342606	
450	FAST	72	73	0.14025606737595317	0.0	0	11.533207075127015	
451	FAST	72	74	0.08725546934826098	0.0	0	16.912579000652727	
452	FAST	72	75	0.06345545813248002	0.0	0	29.51577398327001	
453	FAST	72	76	0.04017865109099696	0.0	0	38.218978635537844	
454	FAST	72	77	0.04570755266690181	0.0	0	33.87294235793413	
455	FAST	72	78	0.06345764046771263	0.0	0	28.737432522896924	
456	FAST	73	74	0.05432577344421043	0.0	0	34.9223215656276	
457	FAST	73	75	0.11529474650005098	0.0	0	24.71944851335265	
458	FAST	73	76	0.1530252220284384	0.0	0	14.752210077338857	
459	FAST	73	77	0.19731463802204155	0.0	0	9.608653115320024	
460	FAST	73	78	0.21506473749309424	0.0	0	7.570852592459838	
461	FAST	74	75	0.0623156956289603	0.0	0	31.86387400353219	
462	FAST	74	76	0.10004617115734774	0.0	0	17.713326402003474	
463	FAST	74	77	0.14433558326087026	0.0	0	11.189436391604797	
464	FAST	74	78	0.16208567884184233	0.0	0	9.765245061855762	
465	FAST	75	76	0.042285826075788555	0.0	0	41.22081503851574	
466	FAST	75	77	0.087860882596482	0.0	0	18.457333307037388	
467	FAST	75	78	0.10561097428737345	0.0	0	14.078706464808501	
468	FAST	76	77	0.06410468924890102	0.0	0	32.952669343277165	
469	FAST	76	78	0.08185477704971184	0.0	0	19.940828830143893	
470	FAST	77	78	0.02740920468246461	0.0	0	54.52594641363318	
471	FAST	28	79	0.25050658126357533	0.0	31	5.69874812892926	
472	FAST	30	79	0.399287773251001	0.0	222	2.797067961273052	
473	FAST	39	79	0.3482708793878035	0.0	833	2.2125793813084935	
474	FAST	17	80	0.20357703810170097	0.0	58	5.633392843884624	
475	FAST	19	80	0.3145603361394133	0.0	468	3.1252504841689976	
476	FAST	18	80	0.38523007908586626	0.0	531	2.7545354743238026	
477	FAST	39	81	0.20910286398488576	0.0	451	6.205427520134285	
478	FAST	38	81	0.2629115025902573	0.0	215	4.211333901086286	
479	FAST	37	81	0.35734681283341735	0.0	349	2.9057348848394895	
480	FAST	28	82	0.17722070638058254	0.0	34	6.820801436552623	
481	FAST	30	82	0.2908752045526366	0.0	244	3.803454404597006	
482	FAST	39	82	0.5160472207436506	0.0	817	1.2830835618177692	
483	FAST	28	83	0.2747865265376386	0.0	30	4.737647811080993	
484	FAST	39	83	0.30267721653389407	0.0	819	2.8466788898946813	
485	FAST	30	83	0.30239761194157744	0.0	228	2.6738066825442375	
