n_interc	
0	
0	
0	
0	
0	
0	
0	
0	
0	
0	
0	
0	
0	
0	
0	
0	
0	
0	
0	
0	
0	
0	
0	
0	
0	
0	
0	
0	
0	
0	
0	
0	
0	
0	
0	
0	
0	
0	
0	
0	
0	
0	
0	
0	
0	
0	
0	
0	
0	
0	
0	
0	
0	
0	
0	
0	
0	
0	
1	
1	
1	
1	
1	
1	
2	
3	
3	
3	
3	
3	
3	
3	
3	
3	
3	
4	
4	
4	
4	
4	
4	
4	
4	
5	
5	
5	
5	
5	
5	
5	
6	
6	
6	
7	
7	
7	
8	
8	
8	
8	
76	
77	
77	
80	
81	
85	
87	
88	
92	
94	
95	
96	
97	
97	
100	
101	
103	
105	
107	
108	
109	
111	
114	
117	
118	
119	
121	
123	
124	
127	
128	
131	
132	
134	
136	
138	
139	
141	
142	
143	
146	
148	
149	
151	
152	
154	
156	
157	
158	
161	
162	
165	
167	
168	
171	
173	
174	
176	
177	
180	
182	
184	
185	
187	
188	
190	
191	
193	
195	
197	
200	
202	
203	
207	
207	
208	
210	
210	
212	
214	
214	
217	
219	
220	
222	
223	
226	
227	
230	
231	
232	
233	
236	
238	
239	
241	
242	
244	
246	
247	
540	
543	
546	
547	
551	
554	
557	
560	
564	
568	
572	
577	
582	
586	
588	
593	
597	
600	
604	
608	
612	
615	
619	
624	
627	
631	
634	
637	
641	
646	
651	
655	
658	
662	
666	
673	
676	
680	
683	
687	
690	
692	
694	
697	
700	
703	
706	
708	
711	
712	
715	
716	
720	
721	
724	
725	
728	
729	
731	
732	
735	
738	
739	
741	
743	
744	
746	
748	
750	
754	
755	
758	
760	
761	
764	
764	
765	
766	
766	
766	
766	
767	
769	
769	
771	
771	
773	
774	
776	
776	
779	
780	
782	
782	
784	
786	
786	
787	
789	
790	
3285	
3290	
3296	
3299	
3300	
3308	
3314	
3317	
3321	
3324	
3324	
3330	
3335	
3336	
3342	
3347	
3349	
3354	
3357	
3360	
3366	
3367	
3370	
3372	
3378	
3383	
3390	
3390	
3390	
3393	
3396	
3397	
3402	
3405	
3409	
3414	
3415	
3419	
3420	
3422	
3427	
3431	
3433	
3436	
3439	
3444	
3448	
3450	
3454	
3454	
3458	
3461	
3466	
3467	
3471	
3472	
3475	
3476	
3478	
3480	
3484	
3487	
3489	
3492	
3495	
3498	
3500	
3504	
3506	
3507	
3508	
3510	
3511	
3514	
3517	
3519	
3523	
3524	
3526	
3532	
3535	
3536	
3540	
3544	
3545	
3548	
3550	
3552	
3555	
3555	
3558	
3558	
3559	
3562	
3566	
3567	
3570	
3570	
3571	
3573	
3042	
3042	
3044	
3045	
3048	
3050	
3051	
3053	
3054	
3055	
3059	
3061	
3061	
3064	
3066	
3069	
3070	
3072	
3075	
3075	
3077	
3078	
3080	
3081	
3083	
3084	
3085	
3087	
3088	
3088	
3090	
3092	
3093	
3096	
3097	
3098	
3102	
3104	
3104	
3106	
3106	
3109	
3110	
3111	
3112	
3113	
3113	
3113	
3113	
3116	
3118	
3119	
3121	
3121	
3122	
3123	
3126	
3129	
3129	
3129	
3130	
3131	
3132	
3133	
3135	
3136	
3137	
3137	
3137	
3137	
3139	
3141	
3143	
3144	
3145	
3147	
3148	
3150	
3152	
3153	
3156	
3158	
3160	
3162	
3164	
3166	
3167	
3168	
3168	
3168	
3169	
3172	
3173	
3174	
3174	
3175	
3176	
3178	
3179	
3181	
