n_interc	
0	
0	
0	
0	
0	
0	
0	
0	
0	
0	
0	
0	
0	
0	
0	
0	
0	
0	
0	
0	
0	
0	
0	
0	
0	
0	
0	
0	
0	
0	
0	
0	
0	
0	
0	
0	
0	
0	
0	
0	
0	
0	
0	
0	
0	
0	
0	
0	
0	
0	
0	
0	
0	
0	
0	
0	
0	
0	
0	
0	
0	
0	
0	
0	
0	
0	
1	
1	
1	
1	
1	
1	
1	
1	
1	
1	
1	
1	
1	
2	
3	
3	
3	
3	
3	
3	
3	
4	
4	
4	
4	
5	
5	
5	
5	
5	
5	
5	
6	
6	
48	
50	
51	
52	
53	
54	
57	
58	
58	
60	
60	
64	
65	
66	
69	
72	
73	
73	
75	
77	
78	
79	
81	
82	
85	
86	
89	
90	
91	
92	
93	
96	
98	
100	
101	
103	
104	
106	
109	
110	
111	
113	
115	
117	
119	
121	
123	
123	
127	
128	
129	
132	
134	
137	
137	
140	
140	
142	
144	
145	
148	
149	
151	
153	
154	
157	
159	
162	
163	
164	
165	
166	
168	
172	
172	
174	
176	
179	
182	
183	
185	
187	
188	
189	
192	
194	
195	
196	
199	
200	
201	
203	
204	
206	
208	
210	
212	
214	
215	
216	
478	
479	
483	
488	
491	
495	
498	
503	
507	
512	
516	
519	
522	
526	
529	
534	
540	
543	
549	
551	
555	
560	
564	
569	
571	
573	
578	
584	
588	
592	
595	
600	
604	
606	
611	
615	
618	
622	
627	
629	
632	
636	
641	
643	
646	
651	
656	
659	
664	
666	
669	
673	
676	
682	
684	
686	
689	
692	
694	
697	
700	
701	
707	
709	
712	
715	
717	
720	
721	
725	
725	
726	
728	
731	
733	
735	
739	
741	
742	
744	
746	
749	
752	
752	
753	
754	
755	
757	
758	
760	
760	
761	
765	
765	
766	
768	
770	
770	
771	
772	
3211	
3217	
3223	
3230	
3235	
3235	
3242	
3249	
3252	
3254	
3256	
3260	
3265	
3270	
3274	
3282	
3282	
3289	
3290	
3295	
3300	
3303	
3308	
3310	
3316	
3318	
3323	
3325	
3330	
3337	
3341	
3343	
3351	
3355	
3359	
3363	
3370	
3375	
3381	
3386	
3390	
3391	
3395	
3399	
3404	
3409	
3410	
3414	
3416	
3419	
3425	
3428	
3431	
3433	
3437	
3445	
3445	
3449	
3454	
3454	
3455	
3461	
3463	
3464	
3468	
3470	
3475	
3478	
3482	
3485	
3488	
3489	
3495	
3498	
3499	
3503	
3506	
3509	
3513	
3517	
3517	
3521	
3523	
3524	
3527	
3529	
3530	
3531	
3533	
3536	
3541	
3542	
3548	
3549	
3553	
3556	
3560	
3562	
3563	
3566	
3038	
3038	
3039	
3041	
3044	
3046	
3048	
3051	
3053	
3056	
3058	
3062	
3062	
3063	
3063	
3064	
3067	
3069	
3071	
3073	
3077	
3077	
3080	
3081	
3081	
3081	
3081	
3084	
3084	
3090	
3090	
3092	
3096	
3099	
3101	
3103	
3105	
3105	
3107	
3108	
3111	
3112	
3114	
3116	
3118	
3122	
3123	
3125	
3127	
3129	
3132	
3134	
3136	
3137	
3140	
3141	
3144	
3144	
3145	
3149	
3152	
3153	
3155	
3155	
3158	
3158	
3158	
3158	
3161	
3164	
3167	
3168	
3169	
3172	
3173	
3175	
3177	
3177	
3178	
3183	
3183	
3184	
3187	
3188	
3189	
3189	
3191	
3192	
3192	
3192	
3194	
3198	
3198	
3200	
3203	
3205	
3206	
3206	
3206	
3208	
