n_interc	
0	
0	
0	
0	
0	
0	
0	
0	
0	
0	
0	
0	
0	
0	
0	
0	
0	
0	
0	
0	
0	
0	
0	
0	
0	
0	
0	
0	
0	
0	
0	
0	
0	
0	
0	
0	
0	
0	
0	
0	
0	
0	
0	
0	
0	
0	
0	
0	
0	
0	
0	
0	
0	
0	
0	
0	
0	
0	
0	
0	
0	
0	
0	
0	
0	
0	
0	
1	
1	
1	
1	
1	
1	
1	
2	
3	
3	
3	
3	
3	
3	
3	
4	
4	
4	
4	
4	
4	
5	
5	
5	
5	
5	
6	
6	
7	
7	
8	
8	
9	
69	
71	
72	
75	
75	
77	
79	
79	
82	
84	
85	
88	
92	
94	
95	
96	
98	
98	
100	
102	
103	
104	
106	
108	
111	
113	
115	
117	
119	
120	
120	
123	
124	
126	
129	
131	
131	
133	
137	
140	
142	
144	
146	
147	
149	
149	
151	
152	
153	
156	
156	
160	
162	
164	
165	
167	
169	
170	
172	
174	
175	
177	
178	
180	
183	
185	
187	
188	
191	
191	
193	
194	
195	
197	
198	
199	
203	
205	
206	
207	
209	
210	
212	
214	
217	
218	
219	
222	
223	
226	
229	
230	
231	
232	
234	
235	
236	
238	
241	
243	
528	
530	
533	
538	
543	
546	
551	
552	
558	
561	
566	
572	
574	
578	
582	
586	
589	
595	
599	
603	
606	
610	
617	
624	
625	
628	
631	
637	
642	
644	
649	
653	
656	
659	
661	
669	
671	
674	
680	
684	
689	
692	
696	
701	
703	
708	
711	
717	
719	
722	
725	
728	
731	
734	
736	
739	
740	
742	
744	
745	
749	
751	
754	
756	
759	
761	
763	
764	
766	
769	
771	
774	
774	
775	
778	
779	
781	
782	
783	
785	
785	
786	
786	
787	
788	
791	
793	
793	
794	
795	
795	
796	
797	
797	
798	
798	
799	
799	
800	
802	
3329	
3333	
3339	
3341	
3346	
3348	
3350	
3356	
3358	
3361	
3365	
3367	
3371	
3373	
3378	
3382	
3385	
3388	
3392	
3395	
3403	
3408	
3409	
3413	
3419	
3420	
3423	
3427	
3435	
3440	
3445	
3448	
3452	
3455	
3457	
3461	
3461	
3464	
3468	
3471	
3473	
3475	
3481	
3485	
3487	
3490	
3494	
3495	
3502	
3505	
3507	
3508	
3511	
3513	
3516	
3520	
3523	
3528	
3530	
3535	
3537	
3540	
3543	
3544	
3545	
3551	
3553	
3555	
3556	
3557	
3558	
3559	
3560	
3563	
3565	
3570	
3571	
3572	
3574	
3575	
3576	
3576	
3578	
3582	
3583	
3584	
3587	
3589	
3591	
3591	
3592	
3596	
3599	
3601	
3603	
3604	
3607	
3610	
3613	
3614	
3079	
3079	
3079	
3081	
3081	
3082	
3084	
3085	
3085	
3088	
3091	
3093	
3097	
3098	
3100	
3100	
3102	
3105	
3105	
3106	
3107	
3110	
3111	
3111	
3113	
3114	
3116	
3116	
3118	
3121	
3122	
3126	
3127	
3127	
3127	
3131	
3132	
3132	
3134	
3137	
3139	
3140	
3142	
3144	
3148	
3150	
3151	
3152	
3154	
3155	
3157	
3162	
3163	
3165	
3166	
3168	
3169	
3173	
3174	
3175	
3176	
3176	
3177	
3177	
3177	
3177	
3178	
3181	
3183	
3185	
3185	
3188	
3190	
3190	
3192	
3193	
3193	
3193	
3194	
3195	
3196	
3198	
3199	
3201	
3205	
3206	
3208	
3210	
3212	
3212	
3213	
3214	
3217	
3218	
3218	
3219	
3221	
3223	
3226	
3230	
