id	x	y	type	qual	N	n_links	count	acc	
1	0.5290865972208558	0.08782825570975693	STD	0.2601578050703621	0	18	1	0.9186667143267305	
2	0.5301822646847826	0.10720123054485474	STD	0.6410921097746993	0	18	1	0.9631642550845301	
3	0.5333754021576235	0.11316317727647134	STD	0.7719562799399384	0	18	0	0.8515489910752335	
4	0.5228257638719125	0.1527978029111725	STD	0.42107663330280953	0	17	14	0.9372644770308731	
5	0.5110057050013014	0.18322738970304364	STD	0.14844427157097395	0	19	323	0.8696160301955822	
6	0.46055093200691144	0.23803676739353677	STD	0.5940169434522744	0	15	0	0.9512270820828446	
7	0.49049816672070146	0.0769888854245772	STD	0.6793682437826674	0	16	139	0.9493020600977902	
8	0.5243639373822653	0.14811813155714765	STD	0.8396305886315387	0	18	843	0.9625710191819341	
9	0.4372574223741947	0.2995079543610299	STD	0.9783383423578218	0	16	23	0.7988934329177559	
10	0.41937970228563354	0.33373740205414487	STD	0.20121080628043386	0	15	0	0.8531013415728499	
11	0.4998163145722239	0.3654513890156738	STD	0.8725254439963235	0	15	0	0.9747322972400513	
12	0.515877597084288	0.3934792280858458	STD	0.013038096392613774	0	12	0	0.7334312722329679	
13	0.527761674424959	0.4273044524055435	STD	0.4873612025587497	0	11	0	0.9102432231443328	
14	0.5279485391483765	0.45960239084181165	STD	0.36604448971413506	0	12	0	0.880457823711328	
15	0.5178388115657108	0.47324318956320754	STD	0.3704976890995324	0	12	0	0.9267871397925819	
16	0.4983862803694047	0.5086814241359012	STD	0.3254429609893317	0	11	0	0.8883219274829574	
17	0.19045354636733625	0.002995199780724391	STD	0.5727956018037472	0	5	42	0.9256694457463885	
18	0.260845314655781	0.09852695010641736	STD	0.5898109090023584	12	8	400	0.9721081884906745	
19	0.23158108780837086	0.14021317238405023	STD	0.8200761467107662	18	9	575	0.9681624298352425	
20	0.2801200648305022	0.15889412442380177	STD	0.8010370930703941	0	8	12	0.8708081558919902	
21	0.23191891500510464	0.15860984189908572	STD	0.40660168090822024	0	8	10	0.9638202158016774	
22	0.24223756772992455	0.18442460012929646	STD	0.12064319733322004	0	7	0	0.888121923188612	
23	0.368004880062751	0.2085094845428714	STD	0.17727962822712273	0	17	2	0.9128586314584116	
24	0.3719839740227433	0.2215652327591495	STD	0.9840517278693062	0	17	976	0.9235753455054238	
25	0.3455553328417463	0.2744769879628167	STD	0.6805319374567778	3	15	331	0.9724579364668302	
26	0.44093575929207557	0.3712978642887976	STD	0.34414682045294387	0	15	0	0.7947113051247529	
27	0.36967671375721445	0.41015518237073767	STD	0.673613501102106	0	14	32	0.9412301599107067	
28	0.1573274485692997	0.4835700453482871	STD	0.2645767875193836	3	3	100	0.8961579099766442	
29	0.36716528647906305	0.4179604961228007	STD	0.21931324583122014	0	13	1	0.7703357451521303	
30	0.22100419841716157	0.4019146525885682	STD	0.3577971140129763	0	5	366	0.8788152884707909	
31	0.47787268628758284	0.5480021666943438	STD	0.1816805244684625	0	11	0	0.85240825952473	
32	0.46676331894608003	0.6284350713290916	STD	0.038180001136846276	0	7	0	0.7723567105251405	
33	0.4608416104655608	0.7277137825604496	STD	0.8785330321859499	0	7	0	0.9256594266420031	
34	0.4626107695368043	0.8130296791693479	STD	0.11114957543103166	0	15	12	0.8794928488407063	
35	0.41096732927400903	0.7751332799821633	STD	0.7910145780675588	0	12	411	0.9753818155301859	
36	0.28631860993830643	0.7727157794916976	STD	0.13364559566170975	0	9	4	0.940273999512558	
37	0.2593266062207844	0.7914395937162324	STD	0.49419965089865525	1	9	772	0.9153851352754271	
38	0.22221233076092273	0.8261440423391756	STD	0.25434953223736967	12	9	813	0.9662419435833334	
39	0.1527652674630883	0.8358499459600879	STD	0.6730014361176786	35	9	2248	0.977214998811633	
40	0.28962421229098206	0.869035900942634	STD	0.3803523448124384	0	9	47	0.9762639172293801	
41	0.3153375768362312	0.8870629299068465	STD	0.7465035982407826	1	11	3293	0.9654790804076101	
42	0.38914135655596416	0.9106268739207488	STD	0.025610637630987254	0	13	11	0.8528803367724164	
43	0.48046327153884866	0.8968259831074697	STD	0.9985102466885107	2	13	3364	0.9251529806935075	
44	0.49826819224557845	0.9044854921625778	STD	0.9201045295422403	1	14	360	0.9677630114578951	
45	0.530170585639569	0.9121028717198222	STD	0.3927668397996755	0	15	21	0.9489196813127626	
46	0.4847793275811146	0.9204492747618408	STD	0.44697290355691655	0	10	0	0.957781566689142	
47	0.5764771347969846	0.9306369200322399	STD	0.07678612574943999	0	15	2	0.8181882267472695	
48	0.6001695919630531	0.9436531031548717	STD	0.04264830135479181	0	15	0	0.7973052416906329	
49	0.5600944622629316	0.9598293649607524	STD	0.07663323016425072	0	13	0	0.7366290488759658	
50	0.676757136993029	0.9547977108106617	STD	0.2503501776137851	0	12	0	0.8705865701077885	
51	0.7136194046106153	0.9998054959685726	STD	0.4948644475136823	0	9	0	0.8965190217941914	
52	0.7111205214921377	0.9245728367440629	STD	0.41917750721152136	0	11	0	0.8806044629917139	
53	0.7026486286056469	0.8985914288740412	STD	0.5381066027278925	0	13	0	0.9533210003846178	
54	0.6841337084613773	0.8734880730081942	STD	0.8665928870611876	0	15	0	0.7720640902887417	
55	0.7487391586823343	0.8203755982229649	STD	0.9010067170945324	0	12	0	0.9511747033541271	
56	0.6913128608098928	0.8026145346104842	STD	0.6116102463133992	0	18	0	0.8791343155077925	
57	0.7062995413951377	0.7555676817559628	STD	0.6713743749805139	0	15	0	0.9507793208883145	
58	0.6946833467470882	0.6969819624143379	STD	0.28082633701735404	0	14	0	0.8675963542767624	
59	0.7445355675199029	0.6959235961593058	STD	0.8523696899464852	0	8	0	0.9294280933790906	
60	0.7473714992321001	0.650423921638075	STD	0.8537498001846864	0	7	0	0.9647009959764223	
61	0.7721569420072685	0.624518859745052	STD	0.24966203312428115	0	11	0	0.8744948842743431	
62	0.8472347325369116	0.5978493123203564	STD	0.9988001243375486	0	8	0	0.8565582786772455	
63	0.6209223901931383	0.862215538216282	EXIT	0.3330340656420052	0	11	3641	0.9417794540893031	
64	0.6867054774731324	0.6640745017298447	EXIT	0.767972951657176	0	8	0	0.9036969938676673	
65	0.7439150209175545	0.6185191430027415	EXIT	0.5829132822042598	0	8	0	0.95649282328872	
66	0.8022264606500168	0.6031697550197176	EXIT	0.8909862197220453	0	7	0	0.8833235086932456	
67	0.7063966504933027	0.6299630166307487	EXIT	0.1538552380444771	0	8	0	0.8439288443001883	
68	0.6461870198678478	0.09215924135885288	EXIT	0.6607954535714811	0	16	1237	0.9221796743074235	
69	0.6634258961832257	0.1619477070633198	EXIT	0.18621861374179116	0	16	20	0.8681731798740199	
70	0.7037625067289622	0.06778424955955283	EXIT	0.8247273886208324	0	12	1	0.9718380202713208	
71	0.6987624479386872	0.18315924981954215	EXIT	0.08741304972235997	0	13	26	0.8154808353625601	
72	0.6538685441834395	0.0001945040314274314	STD	0.6285446229027716	0	11	0	0.7954544596589064	
73	0.559825411665789	0.03740877169667725	STD	0.7029770668749624	0	16	0	0.9751850495593042	
74	0.576153581988845	0.000263010258388662	STD	0.3628084252477355	0	16	0	0.9402289951383341	
75	0.6133145736295614	0.024517878037257763	STD	0.8180339526345897	0	17	0	0.9200667543773987	
76	0.6463688669273957	0.03557925245900701	STD	0.5232007558544851	0	16	0	0.9214410594842112	
77	0.6875197664588574	0.02368811010106969	STD	0.1612878295490625	0	13	0	0.7558256262685497	
78	0.7032177008976098	0.0027391257024041026	STD	0.19961723773680706	0	11	0	0.7275442227305531	
79	0.0	0.7302423429808189	ENTRY	0.0	0	3	993	0.8295614157892869	
80	0.0	0.7639261414626537	ENTRY	0.0	0	3	1107	0.8298087744675986	
81	0.0	0.0039853963195826125	ENTRY	0.0	0	3	1000	0.7039208671941483	
82	0.0	0.7038601969107114	ENTRY	0.0	0	3	1062	0.8312949220580934	
83	0.0	0.5409234752067167	ENTRY	0.0	2	3	1057	0.8038273892895607	
