n_interc	
0	
0	
0	
0	
0	
0	
0	
0	
0	
0	
0	
0	
0	
0	
0	
0	
0	
0	
0	
0	
0	
0	
0	
0	
0	
0	
0	
0	
0	
0	
0	
0	
0	
0	
0	
0	
0	
0	
0	
0	
0	
0	
0	
0	
0	
0	
0	
0	
0	
0	
0	
1	
1	
1	
1	
1	
1	
1	
1	
1	
1	
1	
1	
1	
1	
1	
2	
2	
2	
2	
2	
3	
3	
3	
3	
3	
3	
3	
3	
3	
3	
3	
3	
4	
4	
4	
4	
4	
4	
5	
6	
6	
6	
7	
7	
7	
7	
7	
7	
7	
65	
67	
69	
71	
73	
75	
77	
78	
80	
82	
84	
84	
86	
88	
89	
91	
92	
93	
95	
97	
99	
101	
103	
105	
107	
108	
111	
112	
114	
115	
115	
119	
121	
121	
124	
125	
126	
131	
132	
133	
136	
138	
140	
141	
144	
146	
147	
148	
151	
152	
153	
155	
157	
159	
160	
163	
165	
165	
168	
170	
171	
174	
175	
176	
178	
180	
181	
183	
186	
187	
189	
190	
192	
195	
196	
198	
200	
201	
202	
203	
207	
208	
210	
211	
212	
214	
215	
216	
217	
219	
220	
221	
225	
226	
228	
229	
232	
233	
235	
235	
514	
517	
522	
528	
533	
536	
541	
543	
548	
551	
555	
557	
563	
566	
568	
572	
577	
581	
585	
588	
591	
595	
599	
601	
606	
610	
613	
615	
620	
623	
628	
633	
637	
640	
643	
646	
651	
654	
658	
663	
666	
670	
673	
677	
681	
683	
688	
692	
696	
700	
703	
704	
708	
710	
712	
714	
717	
719	
722	
725	
727	
729	
733	
736	
738	
742	
744	
745	
747	
748	
751	
753	
755	
757	
758	
760	
761	
762	
765	
767	
769	
772	
773	
775	
777	
778	
780	
780	
783	
784	
785	
786	
789	
790	
791	
793	
794	
795	
796	
798	
3305	
3309	
3312	
3318	
3321	
3327	
3332	
3335	
3345	
3347	
3354	
3359	
3361	
3366	
3369	
3373	
3373	
3376	
3380	
3385	
3387	
3387	
3392	
3396	
3399	
3404	
3409	
3410	
3413	
3416	
3421	
3424	
3430	
3431	
3436	
3440	
3442	
3444	
3451	
3453	
3458	
3461	
3465	
3474	
3475	
3482	
3484	
3484	
3485	
3488	
3490	
3493	
3494	
3499	
3500	
3503	
3506	
3509	
3513	
3517	
3521	
3524	
3525	
3528	
3529	
3532	
3534	
3538	
3540	
3544	
3545	
3545	
3545	
3548	
3550	
3552	
3555	
3558	
3563	
3564	
3567	
3567	
3568	
3572	
3577	
3580	
3580	
3584	
3586	
3589	
3592	
3594	
3599	
3602	
3607	
3607	
3610	
3610	
3611	
3611	
3075	
3078	
3079	
3081	
3083	
3087	
3088	
3090	
3090	
3091	
3094	
3096	
3098	
3099	
3102	
3105	
3106	
3110	
3112	
3114	
3117	
3117	
3118	
3119	
3121	
3123	
3128	
3128	
3129	
3131	
3134	
3138	
3141	
3141	
3142	
3143	
3145	
3145	
3145	
3147	
3148	
3149	
3149	
3149	
3150	
3151	
3152	
3153	
3157	
3158	
3159	
3160	
3162	
3163	
3165	
3165	
3165	
3167	
3170	
3171	
3176	
3176	
3176	
3178	
3181	
3183	
3185	
3185	
3187	
3187	
3189	
3190	
3192	
3192	
3194	
3195	
3196	
3197	
3197	
3198	
3199	
3201	
3205	
3208	
3209	
3209	
3210	
3211	
3214	
3214	
3217	
3219	
3220	
3222	
3225	
3226	
3227	
3228	
3231	
3232	
