n_interc	
0	
0	
0	
0	
0	
0	
0	
0	
0	
0	
0	
0	
0	
0	
0	
0	
0	
0	
0	
0	
0	
0	
0	
0	
0	
0	
0	
0	
0	
0	
0	
0	
0	
0	
0	
0	
0	
0	
0	
0	
0	
0	
0	
0	
0	
0	
0	
0	
0	
0	
0	
0	
0	
1	
1	
1	
1	
1	
1	
1	
1	
1	
1	
1	
1	
1	
1	
1	
1	
2	
2	
2	
3	
3	
3	
3	
3	
3	
3	
3	
3	
4	
4	
4	
4	
4	
4	
4	
4	
4	
4	
4	
6	
6	
7	
7	
7	
7	
7	
7	
64	
65	
67	
68	
71	
72	
74	
75	
76	
78	
81	
82	
83	
85	
87	
89	
89	
91	
93	
95	
96	
97	
100	
100	
101	
102	
103	
105	
106	
108	
110	
112	
115	
116	
117	
120	
122	
123	
125	
128	
129	
132	
133	
135	
136	
137	
138	
142	
145	
147	
150	
151	
153	
154	
156	
158	
159	
160	
162	
164	
165	
168	
169	
170	
173	
175	
176	
178	
182	
184	
185	
187	
189	
190	
191	
194	
195	
196	
198	
199	
202	
203	
204	
206	
209	
210	
211	
213	
216	
219	
221	
222	
224	
226	
227	
229	
232	
233	
235	
236	
513	
517	
521	
526	
531	
534	
539	
542	
546	
548	
551	
555	
561	
564	
568	
573	
577	
581	
584	
587	
591	
596	
600	
604	
607	
614	
617	
620	
624	
630	
633	
636	
639	
642	
647	
651	
657	
660	
662	
665	
667	
670	
674	
677	
682	
685	
689	
691	
694	
697	
700	
704	
709	
712	
715	
718	
719	
722	
725	
728	
730	
732	
733	
735	
737	
739	
742	
743	
746	
747	
751	
751	
753	
754	
757	
758	
760	
762	
764	
765	
768	
769	
770	
771	
772	
774	
775	
778	
780	
780	
782	
782	
784	
784	
786	
788	
789	
791	
791	
791	
3284	
3286	
3290	
3293	
3298	
3300	
3304	
3308	
3311	
3315	
3317	
3321	
3324	
3327	
3329	
3332	
3338	
3344	
3347	
3351	
3356	
3363	
3367	
3371	
3377	
3383	
3387	
3400	
3403	
3405	
3407	
3411	
3414	
3417	
3423	
3424	
3427	
3433	
3436	
3439	
3440	
3443	
3447	
3454	
3460	
3463	
3464	
3468	
3471	
3475	
3479	
3481	
3484	
3484	
3487	
3488	
3491	
3494	
3498	
3501	
3503	
3507	
3511	
3516	
3520	
3525	
3530	
3531	
3534	
3538	
3541	
3544	
3547	
3552	
3556	
3556	
3561	
3561	
3563	
3566	
3570	
3572	
3578	
3581	
3582	
3585	
3586	
3590	
3591	
3595	
3597	
3598	
3599	
3601	
3602	
3603	
3604	
3606	
3609	
3612	
3075	
3075	
3075	
3076	
3077	
3080	
3082	
3084	
3087	
3090	
3090	
3093	
3094	
3095	
3098	
3101	
3103	
3105	
3107	
3109	
3110	
3116	
3117	
3121	
3125	
3125	
3126	
3128	
3130	
3132	
3132	
3133	
3133	
3135	
3136	
3138	
3142	
3145	
3145	
3147	
3149	
3149	
3152	
3152	
3153	
3155	
3156	
3158	
3161	
3163	
3164	
3166	
3166	
3167	
3168	
3168	
3169	
3170	
3174	
3174	
3176	
3178	
3179	
3180	
3183	
3184	
3184	
3185	
3185	
3187	
3188	
3188	
3190	
3191	
3193	
3194	
3194	
3195	
3196	
3198	
3199	
3201	
3203	
3207	
3207	
3210	
3211	
3213	
3215	
3217	
3220	
3221	
3222	
3222	
3223	
3225	
3226	
3228	
3231	
3231	
