n_interc	
0	
0	
0	
0	
0	
0	
0	
0	
0	
0	
0	
0	
0	
0	
0	
0	
0	
0	
0	
0	
0	
0	
0	
0	
0	
0	
0	
0	
0	
0	
0	
0	
0	
0	
0	
0	
0	
0	
0	
0	
0	
0	
0	
0	
0	
0	
0	
0	
0	
0	
0	
0	
0	
0	
0	
0	
0	
0	
0	
0	
0	
0	
0	
0	
0	
0	
0	
1	
1	
1	
1	
1	
1	
1	
1	
1	
1	
1	
1	
1	
2	
2	
2	
2	
2	
2	
2	
2	
3	
3	
4	
4	
4	
5	
5	
5	
5	
6	
7	
7	
65	
68	
69	
70	
71	
72	
73	
74	
77	
79	
80	
81	
84	
85	
87	
88	
90	
92	
94	
95	
96	
97	
101	
101	
104	
104	
107	
108	
108	
109	
112	
115	
117	
119	
119	
121	
123	
126	
127	
128	
129	
132	
135	
135	
138	
140	
141	
143	
143	
145	
146	
149	
152	
154	
154	
156	
160	
162	
163	
165	
165	
168	
168	
173	
173	
173	
175	
178	
181	
182	
184	
185	
186	
187	
189	
192	
194	
194	
197	
199	
202	
204	
205	
205	
207	
208	
210	
212	
213	
215	
218	
219	
223	
224	
227	
227	
228	
231	
233	
233	
514	
518	
520	
523	
528	
530	
537	
541	
544	
548	
554	
557	
562	
566	
570	
572	
579	
583	
586	
588	
592	
593	
595	
599	
604	
607	
612	
615	
618	
624	
627	
632	
633	
636	
641	
643	
647	
653	
654	
656	
659	
665	
668	
673	
677	
677	
681	
684	
688	
690	
694	
697	
700	
702	
708	
709	
712	
713	
716	
719	
722	
724	
727	
729	
730	
732	
734	
738	
739	
741	
742	
745	
747	
747	
749	
751	
752	
753	
755	
758	
759	
760	
761	
763	
764	
764	
764	
767	
771	
772	
772	
773	
774	
777	
778	
779	
779	
780	
781	
785	
3248	
3252	
3255	
3257	
3259	
3262	
3266	
3270	
3274	
3278	
3283	
3291	
3292	
3293	
3296	
3301	
3305	
3312	
3312	
3319	
3321	
3323	
3327	
3331	
3333	
3337	
3343	
3347	
3349	
3354	
3356	
3360	
3364	
3368	
3371	
3375	
3377	
3378	
3384	
3387	
3390	
3392	
3392	
3395	
3400	
3403	
3406	
3408	
3416	
3421	
3423	
3425	
3430	
3432	
3437	
3444	
3447	
3451	
3454	
3457	
3461	
3462	
3464	
3465	
3467	
3469	
3471	
3472	
3477	
3478	
3480	
3484	
3485	
3486	
3487	
3492	
3494	
3496	
3496	
3499	
3501	
3501	
3504	
3504	
3506	
3510	
3512	
3514	
3515	
3516	
3518	
3520	
3522	
3525	
3528	
3529	
3532	
3532	
3534	
3535	
3013	
3015	
3016	
3017	
3018	
3020	
3021	
3022	
3025	
3027	
3028	
3028	
3030	
3033	
3035	
3036	
3038	
3040	
3044	
3045	
3046	
3046	
3047	
3049	
3050	
3053	
3057	
3059	
3060	
3061	
3062	
3064	
3065	
3069	
3069	
3070	
3071	
3072	
3074	
3076	
3077	
3078	
3080	
3082	
3083	
3084	
3084	
3085	
3086	
3086	
3086	
3091	
3093	
3094	
3096	
3097	
3098	
3099	
3102	
3102	
3106	
3108	
3109	
3110	
3110	
3112	
3113	
3113	
3115	
3115	
3116	
3117	
3119	
3120	
3123	
3126	
3129	
3129	
3131	
3133	
3136	
3137	
3138	
3140	
3141	
3142	
3144	
3145	
3146	
3147	
3149	
3150	
3153	
3153	
3155	
3155	
3155	
3158	
3161	
3162	
