n_interc	
0	
0	
0	
0	
0	
0	
0	
0	
0	
0	
0	
0	
0	
0	
0	
0	
0	
0	
0	
0	
0	
0	
0	
0	
0	
0	
0	
0	
0	
0	
0	
0	
0	
0	
0	
0	
0	
0	
0	
0	
0	
0	
0	
0	
0	
0	
0	
0	
0	
0	
0	
0	
0	
0	
0	
0	
0	
0	
0	
0	
0	
0	
0	
0	
0	
0	
0	
1	
1	
1	
1	
1	
1	
1	
1	
1	
1	
1	
2	
2	
2	
4	
4	
4	
4	
4	
4	
4	
4	
4	
4	
4	
4	
5	
5	
5	
5	
5	
5	
5	
57	
58	
60	
61	
64	
65	
66	
67	
71	
72	
73	
74	
75	
76	
80	
83	
83	
84	
85	
86	
87	
90	
92	
93	
95	
96	
97	
99	
101	
104	
105	
106	
109	
110	
112	
113	
116	
117	
118	
121	
122	
124	
125	
127	
128	
130	
133	
134	
136	
137	
138	
140	
143	
143	
146	
147	
149	
151	
152	
152	
154	
156	
156	
159	
159	
162	
164	
166	
168	
169	
171	
173	
174	
177	
178	
181	
181	
183	
184	
185	
187	
188	
192	
195	
196	
198	
199	
201	
202	
204	
206	
208	
209	
211	
212	
215	
216	
218	
219	
223	
486	
491	
494	
499	
504	
508	
511	
517	
522	
524	
528	
534	
537	
540	
544	
548	
549	
552	
556	
560	
563	
568	
570	
574	
578	
581	
585	
590	
595	
600	
603	
607	
611	
616	
618	
621	
626	
629	
633	
638	
641	
645	
649	
652	
656	
659	
662	
665	
668	
673	
677	
681	
687	
690	
694	
697	
701	
705	
706	
710	
712	
714	
717	
718	
722	
724	
727	
729	
731	
733	
736	
737	
739	
741	
743	
745	
746	
749	
751	
752	
753	
755	
759	
762	
764	
764	
766	
766	
767	
769	
769	
769	
769	
773	
773	
774	
775	
776	
777	
778	
3226	
3231	
3233	
3238	
3243	
3247	
3251	
3255	
3256	
3260	
3262	
3268	
3274	
3278	
3281	
3285	
3289	
3289	
3296	
3301	
3303	
3307	
3311	
3315	
3316	
3319	
3326	
3328	
3334	
3340	
3342	
3348	
3354	
3360	
3363	
3366	
3370	
3376	
3377	
3380	
3382	
3387	
3389	
3391	
3393	
3397	
3398	
3401	
3406	
3408	
3409	
3411	
3414	
3416	
3418	
3420	
3423	
3425	
3428	
3432	
3435	
3436	
3440	
3443	
3445	
3448	
3449	
3454	
3459	
3461	
3463	
3469	
3471	
3476	
3476	
3478	
3482	
3485	
3488	
3491	
3494	
3499	
3501	
3504	
3506	
3506	
3507	
3509	
3512	
3513	
3516	
3517	
3520	
3522	
3522	
3525	
3527	
3530	
3533	
3536	
3011	
3014	
3017	
3017	
3020	
3024	
3026	
3026	
3028	
3030	
3031	
3033	
3035	
3037	
3040	
3042	
3044	
3044	
3045	
3046	
3046	
3050	
3050	
3051	
3052	
3055	
3058	
3060	
3063	
3064	
3065	
3066	
3067	
3067	
3068	
3068	
3069	
3074	
3075	
3078	
3078	
3080	
3081	
3085	
3086	
3087	
3087	
3091	
3095	
3097	
3098	
3099	
3100	
3103	
3103	
3104	
3106	
3106	
3107	
3108	
3109	
3111	
3112	
3112	
3115	
3115	
3116	
3118	
3119	
3120	
3120	
3121	
3123	
3124	
3127	
3127	
3128	
3129	
3130	
3131	
3134	
3135	
3135	
3138	
3138	
3140	
3141	
3141	
3141	
3142	
3143	
3143	
3144	
3144	
3147	
3150	
3151	
3152	
3155	
3156	
