n_interc	
0	
0	
0	
0	
0	
0	
0	
0	
0	
0	
0	
0	
0	
0	
0	
0	
0	
0	
0	
0	
0	
0	
0	
0	
0	
0	
0	
0	
0	
0	
0	
0	
0	
0	
0	
0	
0	
0	
0	
0	
0	
0	
0	
0	
0	
0	
0	
0	
0	
0	
0	
0	
0	
0	
0	
0	
0	
1	
1	
1	
1	
1	
1	
1	
1	
2	
2	
2	
2	
2	
2	
2	
3	
3	
4	
4	
4	
4	
4	
4	
5	
5	
5	
5	
5	
5	
5	
5	
6	
7	
7	
7	
7	
7	
7	
8	
8	
8	
9	
9	
73	
74	
75	
77	
80	
81	
83	
84	
85	
87	
90	
91	
92	
94	
95	
96	
97	
102	
104	
105	
106	
107	
109	
111	
112	
114	
116	
117	
119	
120	
122	
124	
125	
126	
128	
131	
133	
135	
136	
138	
139	
141	
143	
144	
146	
148	
148	
150	
153	
154	
156	
157	
158	
160	
162	
164	
165	
167	
169	
170	
172	
173	
177	
179	
179	
181	
183	
185	
186	
188	
189	
191	
192	
194	
196	
198	
199	
201	
202	
205	
205	
207	
209	
211	
212	
215	
217	
218	
220	
222	
224	
226	
228	
231	
233	
235	
236	
238	
238	
239	
521	
524	
528	
531	
534	
538	
544	
548	
552	
556	
560	
566	
570	
575	
580	
583	
586	
589	
594	
598	
603	
605	
610	
613	
618	
621	
624	
628	
633	
638	
640	
645	
649	
653	
657	
660	
664	
668	
673	
675	
678	
681	
685	
689	
690	
693	
696	
699	
701	
704	
708	
711	
713	
715	
716	
719	
722	
725	
727	
729	
731	
733	
735	
737	
739	
742	
743	
745	
747	
747	
748	
750	
752	
754	
755	
757	
759	
760	
761	
763	
764	
765	
767	
767	
769	
769	
770	
771	
772	
772	
773	
775	
776	
777	
779	
780	
781	
782	
784	
785	
3255	
3257	
3262	
3266	
3272	
3276	
3280	
3283	
3288	
3294	
3300	
3308	
3315	
3317	
3321	
3326	
3332	
3337	
3338	
3344	
3348	
3351	
3356	
3357	
3362	
3364	
3369	
3374	
3380	
3385	
3389	
3394	
3400	
3401	
3403	
3410	
3414	
3417	
3422	
3427	
3429	
3433	
3434	
3437	
3440	
3443	
3447	
3448	
3451	
3456	
3459	
3465	
3468	
3472	
3477	
3483	
3487	
3490	
3495	
3499	
3500	
3502	
3505	
3507	
3511	
3514	
3515	
3517	
3520	
3523	
3526	
3527	
3530	
3532	
3536	
3537	
3542	
3544	
3548	
3549	
3552	
3553	
3554	
3558	
3560	
3565	
3571	
3574	
3576	
3580	
3587	
3588	
3588	
3592	
3595	
3599	
3601	
3604	
3606	
3606	
3073	
3077	
3079	
3084	
3085	
3086	
3086	
3088	
3089	
3090	
3092	
3096	
3098	
3099	
3101	
3104	
3105	
3107	
3109	
3112	
3114	
3116	
3119	
3122	
3124	
3125	
3126	
3129	
3132	
3133	
3135	
3136	
3138	
3140	
3142	
3143	
3145	
3147	
3147	
3148	
3149	
3150	
3151	
3153	
3155	
3158	
3159	
3159	
3162	
3164	
3167	
3170	
3171	
3173	
3175	
3175	
3178	
3181	
3183	
3184	
3187	
3188	
3189	
3190	
3192	
3195	
3197	
3199	
3199	
3201	
3203	
3203	
3203	
3204	
3205	
3208	
3209	
3212	
3214	
3214	
3216	
3217	
3220	
3221	
3222	
3224	
3225	
3226	
3229	
3233	
3236	
3237	
3238	
3239	
3240	
3242	
3244	
3245	
3247	
3249	
