n_interc	
0	
0	
0	
0	
0	
0	
0	
0	
0	
0	
0	
0	
0	
0	
0	
0	
0	
0	
0	
0	
0	
0	
0	
0	
0	
0	
0	
0	
0	
0	
0	
0	
0	
0	
0	
0	
0	
0	
0	
0	
0	
0	
0	
0	
0	
0	
0	
0	
0	
0	
0	
0	
0	
0	
0	
0	
0	
0	
0	
0	
0	
0	
0	
0	
1	
1	
1	
1	
1	
1	
2	
2	
2	
2	
2	
2	
3	
3	
3	
3	
3	
3	
4	
4	
4	
4	
4	
4	
5	
5	
5	
5	
5	
5	
6	
6	
6	
6	
6	
6	
64	
65	
67	
69	
71	
74	
76	
77	
79	
82	
82	
85	
86	
89	
90	
90	
92	
96	
98	
99	
101	
103	
104	
106	
107	
109	
110	
113	
116	
117	
117	
120	
123	
124	
127	
128	
130	
132	
134	
135	
136	
138	
139	
141	
143	
144	
145	
147	
151	
153	
154	
156	
158	
159	
161	
162	
164	
166	
167	
169	
171	
175	
177	
178	
180	
181	
183	
185	
186	
188	
189	
191	
193	
195	
196	
199	
200	
203	
204	
207	
209	
210	
213	
215	
217	
219	
219	
221	
222	
224	
226	
228	
229	
230	
232	
234	
235	
237	
239	
241	
520	
524	
528	
532	
534	
539	
544	
552	
557	
561	
564	
566	
570	
573	
576	
581	
586	
590	
594	
599	
603	
607	
610	
612	
615	
620	
624	
630	
632	
636	
639	
643	
647	
649	
654	
659	
662	
664	
668	
672	
675	
679	
684	
687	
690	
693	
696	
698	
702	
704	
707	
711	
715	
717	
718	
720	
722	
724	
727	
728	
730	
732	
734	
735	
737	
738	
740	
742	
744	
746	
748	
749	
752	
753	
753	
755	
757	
759	
761	
762	
764	
765	
766	
766	
768	
768	
769	
770	
771	
772	
775	
776	
777	
777	
778	
778	
779	
781	
782	
784	
3245	
3249	
3252	
3255	
3260	
3266	
3268	
3270	
3274	
3278	
3280	
3285	
3286	
3290	
3293	
3295	
3304	
3305	
3309	
3313	
3316	
3324	
3326	
3329	
3331	
3338	
3343	
3347	
3350	
3354	
3357	
3361	
3365	
3369	
3372	
3376	
3381	
3385	
3390	
3392	
3396	
3401	
3402	
3407	
3409	
3412	
3414	
3421	
3423	
3427	
3432	
3435	
3440	
3443	
3445	
3452	
3458	
3460	
3464	
3468	
3471	
3475	
3476	
3480	
3482	
3483	
3487	
3487	
3490	
3493	
3497	
3499	
3502	
3504	
3506	
3506	
3506	
3506	
3506	
3511	
3512	
3512	
3518	
3520	
3520	
3523	
3525	
3526	
3528	
3530	
3531	
3532	
3536	
3538	
3539	
3541	
3543	
3544	
3547	
3549	
3024	
3030	
3032	
3036	
3037	
3040	
3042	
3044	
3045	
3045	
3047	
3050	
3051	
3053	
3054	
3056	
3057	
3058	
3060	
3062	
3065	
3065	
3067	
3069	
3071	
3072	
3074	
3074	
3074	
3074	
3080	
3082	
3083	
3086	
3087	
3088	
3089	
3091	
3092	
3093	
3094	
3095	
3097	
3098	
3098	
3100	
3101	
3102	
3105	
3107	
3107	
3107	
3109	
3111	
3111	
3113	
3116	
3118	
3118	
3120	
3122	
3122	
3122	
3123	
3125	
3126	
3130	
3131	
3132	
3132	
3134	
3135	
3138	
3139	
3140	
3141	
3142	
3144	
3144	
3144	
3145	
3146	
3148	
3150	
3150	
3153	
3154	
3156	
3156	
3157	
3157	
3158	
3159	
3160	
3162	
3163	
3164	
3166	
3166	
3169	
