id	type	l1	l2	friction	risk	count	acc	
1	FAST	1	2	0.02151630826214646	0.0	0	72.60896423763	
2	FAST	1	3	0.027987052819351734	0.0	0	54.21323314066173	
3	FAST	1	4	0.07302656972007415	0.0	0	19.392446808737905	
4	FAST	1	5	0.10800269310982086	0.0	0	12.155401762756483	
5	FAST	1	6	0.2005826597473596	0.0	0	6.121875293260783	
6	FAST	1	7	0.05791240055316788	0.0	0	34.1723157205988	
7	FAST	1	8	0.06855335822514483	0.0	0	21.77991312086947	
8	FAST	1	68	0.36490858423453987	0.048	0	8.052625108697674	
9	FAST	1	69	0.40115801759656244	0.048	0	5.622504638597812	
10	FAST	1	70	0.423550267947518	0.048	0	4.877935275358771	
11	FAST	1	71	0.44235053412726005	0.048	0	4.202298474632664	
12	FAST	1	72	0.28733633203502157	0.0	0	6.71243087659175	
13	FAST	1	73	0.1906077266698771	0.0	0	19.553765822724227	
14	FAST	1	74	0.20210142113627694	0.0	0	11.1674016440573	
15	FAST	1	75	0.2630703980821981	0.0	0	10.399239194786189	
16	FAST	1	76	0.3008008736105855	0.0	0	7.979718037701971	
17	FAST	1	77	0.3450902934942693	0.0	0	5.307139558301529	
18	FAST	1	78	0.36284036573475764	0.0	0	4.583556698709323	
19	FAST	2	3	0.007516752227496343	0.0	0	210.9523264951625	
20	FAST	2	4	0.05255626523813813	0.0	1	29.89416778551647	
21	FAST	2	5	0.08753238084772358	0.0	0	16.42221929025152	
22	FAST	2	6	0.18130277439888826	0.0	0	6.800326875290003	
23	FAST	2	7	0.06458409111532147	0.0	0	26.493811143532383	
24	FAST	2	8	0.04808305763328943	0.0	0	32.10222635198758	
25	FAST	2	23	0.24993272053144797	0.0	47	5.20079791342217	
26	FAST	2	68	0.36470401260312413	0.048	0	7.939670419953131	
27	FAST	2	69	0.391780317504476	0.048	40	6.2457379378147335	
28	FAST	2	70	0.4257275325971185	0.048	8	4.684084516328946	
29	FAST	2	71	0.43263050137245695	0.048	0	4.4054572342204485	
30	FAST	2	72	0.3002858035948819	0.0	0	5.950951843659444	
31	FAST	2	73	0.2035572098999793	0.0	0	15.73918474918297	
32	FAST	2	74	0.21505090436637914	0.0	0	9.987614159789228	
33	FAST	2	75	0.2760198696420584	0.0	0	8.325854445511151	
34	FAST	2	76	0.3137503451704458	0.0	0	7.315944745497136	
35	FAST	2	77	0.3580397650541296	0.0	0	5.183099690084137	
36	FAST	3	4	0.04596140765847902	0.0	0	31.90827806930919	
37	FAST	3	5	0.08093752715814509	0.0	0	17.145694478369375	
38	FAST	3	6	0.18231210638901338	0.0	0	7.611255051669557	
39	FAST	3	7	0.06852057262560743	0.0	0	22.8756210732367	
40	FAST	3	8	0.04148820394371095	0.0	0	38.32941036552476	
41	FAST	3	23	0.253869190371492	0.0	20	5.1926909639041785	
42	FAST	3	68	0.3624783762095865	0.048	4	8.415221913248942	
43	FAST	3	69	0.3866275625916361	0.048	10	6.691542089924467	
44	FAST	3	70	0.424054534998753	0.048	6	4.543794559865807	
45	FAST	3	71	0.42731742112785376	0.048	0	4.667181049898139	
46	FAST	3	72	0.30422229677540974	0.0	0	5.534893641949867	
47	FAST	3	73	0.20749369141026527	0.0	0	13.687874153840232	
48	FAST	3	74	0.2189873742064232	0.0	0	9.28784540218194	
49	FAST	3	75	0.27995636282258624	0.0	0	9.050855131716114	
50	FAST	3	76	0.3176868383509737	0.0	0	7.47303095892773	
51	FAST	3	77	0.36197625823465746	0.0	0	5.177283186916133	
52	FAST	4	5	0.03612179881582182	0.0	0	43.01775441114102	
53	FAST	4	6	0.131309053093839	0.0	1	11.532555816932158	
54	FAST	4	7	0.11268187659387058	0.0	0	15.322616454929637	
55	FAST	4	8	0.007503043583361338	0.0	0	289.79873637502743	
56	FAST	4	9	0.19906910328632327	0.0	0	6.1453197653114655	
57	FAST	4	23	0.20219244902298494	0.0	53	6.023238092259317	
58	FAST	4	24	0.1883962275027891	0.0	2619	3.7931273636217275	
59	FAST	4	68	0.38518730849483807	0.048	18	6.732268305986358	
60	FAST	4	69	0.38862564188147486	0.048	2633	2.302155680877059	
61	FAST	4	71	0.42626530464684514	0.048	15	4.582992059317986	
62	FAST	4	73	0.25165497981820595	0.0	0	8.99799637352181	
63	FAST	4	74	0.26314868595484764	0.0	0	5.947864257155944	
64	FAST	4	75	0.32411765123052694	0.0	0	6.301827714391806	
65	FAST	4	76	0.36184812675891437	0.0	0	5.358328453023555	
66	FAST	5	6	0.09695465406038882	0.0	0	17.545819944398612	
67	FAST	5	7	0.1480079633072034	0.0	0	11.740805329927344	
68	FAST	5	8	0.04282913807685543	0.0	0	34.069141498455046	
69	FAST	5	9	0.1647147042528731	0.0	0	8.211094457383563	
70	FAST	5	10	0.20580158024837855	0.0	0	6.175535098171934	
71	FAST	5	11	0.315176425388388	0.0	0	5.455356338170777	
72	FAST	5	23	0.1678380499895348	0.0	3	7.911246644508782	
73	FAST	5	24	0.1540418323594195	0.0	6	7.971498161735142	
74	FAST	5	25	0.21818540685428356	0.0	96	5.3426164011490815	
75	FAST	5	68	0.41072317596004826	0.048	12	5.384580799562399	
76	FAST	5	69	0.4016265693558544	0.048	38	5.6670350864644625	
77	FAST	5	71	0.4354848530175842	0.048	55	4.369700796705609	
78	FAST	5	73	0.2869810937621032	0.0	0	6.749135427173395	
79	FAST	5	74	0.2984747765582611	0.0	0	4.780505504254225	
80	FAST	5	75	0.3594437418339404	0.0	0	4.506700535147262	
81	FAST	6	7	0.22348282140222536	0.0	0	6.533651797182768	
82	FAST	6	8	0.1367366608602571	0.0	0	10.878291605243966	
83	FAST	6	9	0.07023925303818712	0.0	0	19.865846243933607	
84	FAST	6	10	0.11132612125353132	0.0	0	12.046709257166912	
85	FAST	6	11	0.2207009547232989	0.0	0	8.021136004738155	
86	FAST	6	12	0.25762382228263525	0.0	0	5.820071435220328	
87	FAST	6	23	0.1142018866986697	0.0	0	12.675690820132644	
88	FAST	6	24	0.1001154807239066	0.0	0	13.311339717251178	
89	FAST	6	25	0.16454923189317652	0.0	1	9.77633056584934	
90	FAST	6	26	0.15947391760864105	0.0	0	8.478799442027737	
91	FAST	7	8	0.10798518774699241	0.0	0	15.807708573731073	
92	FAST	7	23	0.2485729428477388	0.0	9	5.525150921293922	
93	FAST	7	24	0.2631165461086946	0.0	28	5.169454750733149	
94	FAST	7	68	0.40415430617655823	0.048	1	5.797528405046013	
95	FAST	7	69	0.4403988038214797	0.048	36	4.1053764893832	
96	FAST	7	72	0.25068690991330783	0.0	0	5.514455438154225	
97	FAST	7	73	0.15395831621840525	0.0	0	15.242704460891197	
98	FAST	7	74	0.16545201068480506	0.0	0	9.93122085903914	
99	FAST	7	75	0.22642097596048436	0.0	0	8.04204783376724	
100	FAST	7	76	0.26415145148887176	0.0	0	6.159965511864114	
101	FAST	8	9	0.20593583471103105	0.0	0	6.119486093925961	
102	FAST	8	23	0.20905918044769273	0.0	11	6.128591795194755	
103	FAST	8	24	0.19526296281757746	0.0	108	6.102366797415764	
104	FAST	8	68	0.381788758681206	0.048	7	7.211350943825461	
105	FAST	8	69	0.3874760334580042	0.048	106	6.661832858571266	
106	FAST	8	71	0.4256121061407696	0.048	6	4.680247825984573	
107	FAST	8	72	0.34401116178742613	0.0	0	4.5502448768374135	
108	FAST	8	73	0.2472825797627654	0.0	0	9.49123848453538	
109	FAST	8	74	0.25877625866884274	0.0	0	6.428666702315939	
110	FAST	8	75	0.3197452278346027	0.0	0	6.337758937429266	
111	FAST	8	76	0.3574757033629901	0.0	0	5.557028334007546	
112	FAST	9	10	0.042910483552879006	0.0	0	34.148316424995265	
113	FAST	9	11	0.15228532869288847	0.0	0	12.81926516858112	
114	FAST	9	12	0.18920818458198294	0.0	0	8.748450010433665	
115	FAST	9	13	0.22995744825989792	0.0	0	6.522685599827564	
116	FAST	9	14	0.25331769753086336	0.0	0	5.819264344003715	
117	FAST	9	15	0.24757465090643752	0.0	0	5.201445517512224	
118	FAST	9	23	0.17921559053844677	0.0	0	9.081379228585016	
119	FAST	9	24	0.16512918067360308	0.0	0	11.35790494491249	
120	FAST	9	25	0.17977600333395677	0.0	0	11.982718162131755	
121	FAST	9	26	0.09105827990798876	0.0	0	17.675064886454333	
122	FAST	9	27	0.17848346569391205	0.0	0	9.00382654049878	
123	FAST	9	29	0.1855811706559399	0.0	0	7.761298579718712	
124	FAST	10	11	0.10937484514000945	0.0	0	13.7011398287604	
125	FAST	10	12	0.1462977010291039	0.0	0	10.082015892208892	
126	FAST	10	13	0.18704696470701887	0.0	0	7.575143725482575	
127	FAST	10	14	0.21040721786806496	0.0	0	6.242730643895116	
128	FAST	10	15	0.2046641673535585	0.0	0	6.433223586178105	
129	FAST	10	16	0.20323672949747695	0.0	0	5.420591236165351	
130	FAST	10	23	0.213153638132304	0.0	0	7.7182925454226545	
131	FAST	10	24	0.199016878953885	0.0	0	9.96337611293704	
132	FAST	10	25	0.13705416535107862	0.0	0	12.30798020346145	
133	FAST	10	26	0.04814779635510974	0.0	0	30.252488540248603	
134	FAST	10	27	0.1355729938112749	0.0	0	13.738231736835033	
135	FAST	10	29	0.14267068710306088	0.0	0	12.211128421511994	
136	FAST	11	12	0.0364924262477068	0.0	0	42.76533333647634	
137	FAST	11	13	0.07678160230952209	0.0	0	18.700576262620167	
138	FAST	11	14	0.1121667443368769	0.0	0	11.975344738614805	
139	FAST	11	15	0.13120902745063714	0.0	0	11.074892013567192	
140	FAST	11	16	0.21670056307836655	0.0	0	7.551257060651013	
141	FAST	11	24	0.31300570982660975	0.0	0	4.754204571808668	
142	FAST	11	25	0.2510430001138839	0.0	0	5.604747682801817	
143	FAST	11	26	0.0629029032998397	0.0	0	22.297066754228812	
144	FAST	11	27	0.15032809297584365	0.0	0	8.160747543176445	
145	FAST	11	29	0.1574258018279521	0.0	0	7.957055276855739	
146	FAST	11	31	0.2612748846871239	0.0	0	5.33377630723856	
147	FAST	12	13	0.041186765485885346	0.0	0	37.67316800840045	
148	FAST	12	14	0.0765719114033208	0.0	0	20.26346676086346	
149	FAST	12	15	0.09561419451708102	0.0	0	15.77707862981639	
150	FAST	12	16	0.14372326122945295	0.0	0	10.145113990636082	
151	FAST	12	26	0.09403059326424705	0.0	0	16.357683677609423	
152	FAST	12	27	0.1814557907204122	0.0	0	7.224205782608236	
153	FAST	12	29	0.18855348401219818	0.0	0	7.567749973343328	
154	FAST	12	31	0.19481717124778766	0.0	0	6.832813300169428	
155	FAST	13	14	0.035643937421330284	0.0	0	40.06299097755979	
156	FAST	13	15	0.05468622442517113	0.0	0	28.316353627114314	
157	FAST	13	16	0.10279528335738179	0.0	0	14.362487768384101	
158	FAST	13	26	0.13496519205354798	0.0	0	12.080847541412114	
159	FAST	13	27	0.22239038950971318	0.0	0	6.494672286322812	
160	FAST	13	29	0.22948808669157972	0.0	0	6.452102343805775	
161	FAST	13	31	0.15388919337571655	0.0	0	8.914725674542897	
162	FAST	14	15	0.019130319528464904	0.0	0	83.024423758884	
163	FAST	14	16	0.06723938624083681	0.0	0	22.56311916561131	
164	FAST	14	26	0.1630868027618412	0.0	0	9.403905411593396	
165	FAST	14	27	0.2503014029230186	0.0	0	6.168167822027089	
166	FAST	14	29	0.25739912344536897	0.0	0	5.805505427162613	
167	FAST	14	31	0.1183333001492522	0.0	0	12.305630611817799	
168	FAST	14	32	0.21194727355834295	0.0	0	5.727202010574327	
169	FAST	15	16	0.048585982817270716	0.0	0	33.539985299931715	
170	FAST	15	26	0.15747477794306555	0.0	0	8.593251761448185	
171	FAST	15	27	0.244689378104243	0.0	0	6.662000467115002	
172	FAST	15	29	0.25178707528610955	0.0	0	6.370433123960163	
173	FAST	15	31	0.09967989283560547	0.0	0	14.846514937749065	
174	FAST	15	32	0.1932938779149381	0.0	0	6.444863766335644	
175	FAST	16	26	0.15613073174541822	0.0	0	7.585746138482279	
176	FAST	16	27	0.24334533190659563	0.0	0	6.390058774520201	
177	FAST	16	29	0.250443052428946	0.0	0	6.4057849990014875	
178	FAST	16	31	0.05291526521902438	0.0	0	29.26190875171685	
179	FAST	16	32	0.14652924640827636	0.0	0	9.615683476743218	
180	FAST	17	18	0.144492633596006	0.0	0	9.663980794082521	
181	FAST	17	19	0.20948451408345695	0.0	0	7.40847360152574	
182	FAST	17	20	0.22112509410431017	0.0	0	5.886629911662122	
183	FAST	17	21	0.2301959607734761	0.0	0	6.492152417505023	
184	FAST	18	19	0.06547912086633792	0.0	1	26.27375380513555	
185	FAST	18	20	0.07711971255743301	0.0	0	20.849792222338856	
186	FAST	18	21	0.08619056366627643	0.0	0	19.595198027193334	
187	FAST	18	22	0.11826343430116347	0.0	0	14.418887743061525	
188	FAST	18	23	0.2031332533527576	0.0	0	7.090587114879361	
189	FAST	18	24	0.21725088889480668	0.0	1	6.411600376820776	
190	FAST	19	20	0.0557718564567446	0.0	1	24.564025824612337	
191	FAST	19	21	0.020826386902350846	0.0	2	72.54041150743898	
192	FAST	19	22	0.052899253647157266	0.0	0	28.319190160242105	
193	FAST	19	23	0.18178540114214978	0.0	57	6.925991948649505	
194	FAST	19	24	0.19590302501395698	0.0	1089	5.501310680848043	
195	FAST	19	25	0.25918542512951476	0.0	51	5.765195501115538	
196	FAST	20	21	0.051960300995763854	0.0	4	26.976309170122818	
197	FAST	20	22	0.057609725049702395	0.0	0	28.178429601076683	
198	FAST	20	23	0.12831906321120456	0.0	0	12.694151445392501	
199	FAST	20	24	0.14243669875325368	0.0	4	10.463357631083143	
200	FAST	20	25	0.20571908719856957	0.0	1	8.173072630070381	
201	FAST	21	22	0.03241731782414188	0.0	1	49.89344660332392	
202	FAST	21	23	0.177942145414127	0.0	84	7.783994748184698	
203	FAST	21	24	0.1920597848462567	0.0	1110	5.516845006947193	
204	FAST	21	25	0.25534216940149196	0.0	45	6.435907845488232	
205	FAST	22	23	0.18354915202889183	0.0	1	8.593872136450596	
206	FAST	22	24	0.19766678757094094	0.0	580	7.226171659393343	
207	FAST	22	25	0.2609491876864987	0.0	2	7.09595175221325	
208	FAST	23	24	0.014785710209034767	0.0	0	104.51576309787376	
209	FAST	23	25	0.07806810643451191	0.0	1	18.693002062165093	
210	FAST	23	26	0.26582657077857297	0.0	0	5.463655040852333	
211	FAST	24	25	0.06401010971857911	0.0	1	22.138841845151266	
212	FAST	24	26	0.25176857017255955	0.0	0	6.626573542208461	
213	FAST	24	27	0.3391937559584829	0.0	0	4.532643319823452	
214	FAST	25	26	0.1896613206239994	0.0	0	7.551500755028814	
215	FAST	25	27	0.2770865064099227	0.0	0	7.653399979790423	
216	FAST	25	29	0.28418422304219243	0.0	0	7.174860246637916	
217	FAST	25	30	0.4521379951502652	0.0	0	4.348517923624689	
218	FAST	26	27	0.08793642018212716	0.0	0	15.806045505162775	
219	FAST	26	29	0.09503412125407436	0.0	0	13.750161596977057	
220	FAST	26	31	0.2001531209344359	0.0	0	5.870803028735055	
221	FAST	27	29	0.009295402123045745	0.0	0	180.07080040333145	
222	FAST	27	30	0.1772491897914411	0.0	0	7.361961246874013	
223	FAST	27	31	0.28774323446876776	0.0	0	5.44677252640078	
224	FAST	28	30	0.15944353607893208	0.0	0	11.279419563603033	
225	FAST	29	30	0.16795380711879848	0.0	0	7.509686850084605	
226	FAST	29	31	0.2954023675373496	0.0	0	5.720254385159038	
227	FAST	31	32	0.09361397729917137	0.0	0	15.828975815419229	
228	FAST	31	33	0.20448155529861253	0.0	0	5.9383948589191125	
229	FAST	32	33	0.11533800808672107	0.0	0	12.3430197065809	
230	FAST	32	34	0.21282922874836685	0.0	0	5.483788871078437	
231	FAST	32	35	0.1856925008734483	0.0	0	7.3359340670013164	
232	FAST	33	34	0.09994297898851423	0.0	0	15.194299433254654	
233	FAST	33	35	0.08939985684434527	0.0	0	18.41569138208532	
234	FAST	33	36	0.23577195177538954	0.0	0	5.949582058940258	
235	FAST	33	43	0.21187265792180676	0.0	0	6.4651269876032895	
236	FAST	33	44	0.23313834384937832	0.0	0	5.513222356428577	
237	FAST	34	35	0.07425086367565223	0.0	3	19.96912925142892	
238	FAST	34	36	0.22119958914834686	0.0	9	5.703911115464486	
239	FAST	34	40	0.21309968660406667	0.0	55	5.277212316564286	
240	FAST	34	41	0.19701331626663482	0.0	4	6.798738879175825	
241	FAST	34	42	0.19652467156864095	0.0	0	9.172956213464865	
242	FAST	34	43	0.11495453171851999	0.0	0	14.171192419418567	
243	FAST	34	44	0.1362202176460916	0.0	0	12.81030341827687	
244	FAST	34	45	0.17083477360173724	0.0	0	10.176139384634997	
245	FAST	34	46	0.1415772009986984	0.0	0	10.152662872950113	
246	FAST	34	47	0.2729031837234328	0.0	0	6.1271146639680785	
247	FAST	34	48	0.30365908701192784	0.0	0	4.858365122079367	
248	FAST	34	49	0.2550983585980977	0.0	0	5.550624216371862	
249	FAST	34	63	0.41350450727089905	0.048	71	4.929119122211628	
250	FAST	35	36	0.15314777123847956	0.0	0	8.733870600814605	
251	FAST	35	37	0.18349454307702828	0.0	569	6.447490488914227	
252	FAST	35	40	0.18010409662424917	0.0	0	7.421773718710323	
253	FAST	35	41	0.1906017709564348	0.0	0	7.633926150930671	
254	FAST	35	42	0.2441990567814982	0.0	0	7.583212258840929	
255	FAST	35	43	0.16262891693137727	0.0	18	7.915963038578442	
256	FAST	35	44	0.18389460285894885	0.0	34	6.838473932569891	
257	FAST	35	45	0.21850915881459448	0.0	514	4.781042655822148	
258	FAST	35	46	0.18925158232147501	0.0	0	6.848635026434197	
259	FAST	36	37	0.03814278128412667	0.0	6	39.12624001802771	
260	FAST	36	38	0.11676273844668511	0.0	1	14.587635908647048	
261	FAST	36	39	0.19725989680743664	0.0	3	7.402523264301357	
262	FAST	36	40	0.1635373363399172	0.0	0	12.900609933006374	
263	FAST	36	41	0.3269651669101407	0.0	0	8.542692968496512	
264	FAST	36	42	0.39092006082427827	0.0	1	5.4529054445764915	
265	FAST	37	38	0.08093381602122546	0.0	2	26.58661823487857	
266	FAST	37	39	0.15061684588073954	0.0	0	10.08260113198693	
267	FAST	37	40	0.14019839693063493	0.0	8	14.45236785800502	
268	FAST	37	41	0.3579232571393046	0.0	16	8.968507492168504	
269	FAST	37	42	0.4218781277129583	0.0	225	4.295907011632621	
270	FAST	38	39	0.08372419808664779	0.0	0	18.747212841975646	
271	FAST	38	40	0.11208962348841593	0.0	0	15.674729392464917	
272	FAST	38	41	0.40779445257479646	0.0	0	8.189202963485055	
273	FAST	38	42	0.46110764581155694	0.0	815	3.489460611969143	
274	FAST	39	40	0.19341849275779302	0.0	75	7.483379426919831	
275	FAST	39	41	0.48912332573425416	0.0	291	4.454794045319858	
276	FAST	40	41	0.2986730228472532	0.0	0	34.47742125230008	
277	FAST	40	42	0.3519861888534493	0.0	0	8.500522749066219	
278	FAST	40	43	0.30170619262486453	0.0	27	5.205644104753066	
279	FAST	41	42	0.25357444285234754	0.0	0	13.499728251483338	
280	FAST	41	43	0.20648708636666077	0.0	107	6.1261493850908435	
281	FAST	41	44	0.22937622353302517	0.0	193	5.432077138034806	
282	FAST	41	46	0.2310540153081182	0.0	0	6.066546759799983	
283	FAST	42	43	0.11780820928584947	0.0	0	13.015681125678256	
284	FAST	42	44	0.13084020112608316	0.0	3	10.403959648048527	
285	FAST	42	45	0.16679591294946913	0.0	1027	6.257669091868923	
286	FAST	42	46	0.1325179929011762	0.0	0	12.24251124274352	
287	FAST	42	47	0.24937123796376515	0.0	2	5.9398764918448785	
288	FAST	42	49	0.20710935144416465	0.0	0	5.663659019092516	
289	FAST	43	44	0.023101644490940768	0.0	0	67.85440079587453	
290	FAST	43	45	0.05771618877634452	0.0	0	25.334815629248343	
291	FAST	43	46	0.0288340089539606	0.0	0	57.0977687948619	
292	FAST	43	47	0.159784610568282	0.0	0	11.771251350428034	
293	FAST	43	48	0.19054051385677703	0.0	0	8.657282306949691	
294	FAST	43	49	0.14197978544294687	0.0	0	11.523416399943924	
295	FAST	43	63	0.3923885515678148	0.048	152	5.363324423086626	
296	FAST	44	45	0.03650977211722949	0.0	0	42.26248788155637	
297	FAST	44	46	0.02575993886862073	0.0	0	67.51620404463985	
298	FAST	44	47	0.14086488833480484	0.0	0	14.798024834998603	
299	FAST	44	48	0.171620779953058	0.0	0	10.95737496600826	
300	FAST	44	49	0.12306006320946969	0.0	0	14.945173215148897	
301	FAST	44	50	0.2795338767258421	0.0	0	5.598300990953137	
302	FAST	44	54	0.4062621031342436	0.0	0	4.536910017368053	
303	FAST	44	63	0.3774616757931424	0.048	229	7.199460185020805	
304	FAST	45	46	0.05900224943214269	0.0	0	29.174820450562084	
305	FAST	45	47	0.11029916330807826	0.0	0	25.5961451937483	
306	FAST	45	48	0.1410550549263314	0.0	0	15.998321769432389	
307	FAST	45	49	0.07388850655518356	0.0	0	22.406632531249503	
308	FAST	45	50	0.2303623317417979	0.0	0	6.836177411942805	
309	FAST	45	52	0.29512067512879453	0.0	0	5.519310762886627	
310	FAST	45	53	0.3237251926661545	0.0	0	5.648241609268172	
311	FAST	45	54	0.3570905581501994	0.0	0	5.767996637240454	
312	FAST	45	56	0.4526480314016355	0.0	0	3.9734085235348435	
313	FAST	45	63	0.3512879165346726	0.048	1530	5.643900149828044	
314	FAST	46	47	0.15177768484110474	0.0	0	12.95461502894202	
315	FAST	46	48	0.1825335725692773	0.0	0	10.242456914044164	
316	FAST	46	49	0.1095157983215043	0.0	0	14.294153832686478	
317	FAST	47	48	0.033308403033401005	0.0	0	49.17225577643289	
318	FAST	47	49	0.04335293354340888	0.0	0	39.98423407613955	
319	FAST	47	50	0.13698732987579948	0.0	0	11.242640201538562	
320	FAST	47	51	0.1911754722673719	0.0	0	6.841569966840022	
321	FAST	47	52	0.21128708019471065	0.0	0	8.58853670834572	
322	FAST	47	53	0.2398915977320707	0.0	0	8.391033767438016	
323	FAST	47	54	0.2732569865565993	0.0	0	8.411700940359896	
324	FAST	47	56	0.3688144364675517	0.0	0	5.211272251100834	
325	FAST	47	63	0.32931771848225994	0.048	2	12.886199626200021	
326	FAST	48	49	0.07429681330803665	0.0	0	30.71999073706053	
327	FAST	48	50	0.10466340899746844	0.0	0	16.156378500163505	
328	FAST	48	51	0.15885155138904086	0.0	0	8.89647591896294	
329	FAST	48	52	0.17896317098662154	0.0	0	10.242059937055885	
330	FAST	48	53	0.2075677001942234	0.0	0	9.604159593288001	
331	FAST	48	54	0.2409330695683489	0.0	0	10.299017734063654	
332	FAST	48	55	0.31065396158262065	0.0	0	4.701105811331252	
333	FAST	48	56	0.33649051558922066	0.0	0	5.80779936919162	
334	FAST	48	63	0.33176830010421277	0.048	0	12.126593832298003	
335	FAST	49	50	0.1566683642287674	0.0	0	10.187072397289791	
336	FAST	49	51	0.1845573986865216	0.0	0	6.756183742923209	
337	FAST	49	52	0.22142669594552217	0.0	0	6.9334634071739245	
338	FAST	49	53	0.25003121348288215	0.0	0	6.368775544076288	
339	FAST	49	54	0.28339660619749146	0.0	0	6.229834831951311	
340	FAST	50	51	0.08115968188268026	0.0	0	21.54485840197614	
341	FAST	50	52	0.07399500529255132	0.0	0	28.310246500809843	
342	FAST	50	53	0.10259952671999197	0.0	0	21.88067223773029	
343	FAST	50	54	0.13596489609411744	0.0	0	14.588749242084187	
344	FAST	50	55	0.20568579977863108	0.0	0	7.041375267722923	
345	FAST	50	56	0.2315223537852311	0.0	0	6.602933139358217	
346	FAST	50	57	0.28310399822269255	0.0	0	4.434082472814887	
347	FAST	51	52	0.0866936794642085	0.0	0	16.554540848874325	
348	FAST	51	53	0.1152981970015685	0.0	0	12.505641090535919	
349	FAST	51	54	0.14866356637569397	0.0	0	9.332272094435348	
350	FAST	51	55	0.21838445838996573	0.0	0	5.457846408437944	
351	FAST	51	56	0.2442210123965657	0.0	0	5.06757863381138	
352	FAST	52	53	0.027119747672974932	0.0	0	49.959276415504135	
353	FAST	52	54	0.06466182659652175	0.0	0	23.682902807783815	
354	FAST	52	55	0.13438272639095475	0.0	0	10.723102174462188	
355	FAST	52	56	0.16021928039755476	0.0	0	9.795968019516112	
356	FAST	52	57	0.2118009365052582	0.0	0	5.978263296974759	
357	FAST	53	54	0.03255763303241363	0.0	0	45.820137123116716	
358	FAST	53	55	0.1392847375834884	0.0	0	13.793147367406227	
359	FAST	53	56	0.12811509072352725	0.0	0	12.21450482015756	
360	FAST	53	57	0.1796967429411501	0.0	0	8.161376403793772	
361	FAST	53	58	0.2558494359154547	0.0	0	4.893393259515664	
362	FAST	53	63	0.337184139804537	0.048	0	11.225572267552003	
363	FAST	54	55	0.09882882488577224	0.0	0	14.764031453791079	
364	FAST	54	56	0.09594506921502285	0.0	0	18.07922235266141	
365	FAST	54	57	0.14752673699296817	0.0	0	9.859176728958287	
366	FAST	54	58	0.2236794182970309	0.0	0	5.922737015885171	
367	FAST	54	59	0.23363279643775064	0.0	0	5.29110248419364	
368	FAST	54	63	0.31193667033525635	0.048	0	17.000063001185424	
369	FAST	55	56	0.10245118238530287	0.0	0	19.30558060686146	
370	FAST	55	57	0.11688081406400345	0.0	0	16.447352834495902	
371	FAST	55	58	0.19303349536806622	0.0	0	8.452013063397887	
372	FAST	55	59	0.15404239253103003	0.0	0	9.545789682509557	
373	FAST	55	60	0.199998124561872	0.0	0	6.5373394342819084	
374	FAST	55	61	0.21647929140213404	0.0	0	5.002821444821863	
375	FAST	56	57	0.051750960196819136	0.0	0	28.14088432297595	
376	FAST	56	58	0.12790363761080126	0.0	0	11.047574642629819	
377	FAST	56	59	0.1378570196416016	0.0	0	9.942071693718152	
378	FAST	56	60	0.1863277627103322	0.0	0	6.543638771465652	
379	FAST	56	61	0.2295672264918869	0.0	0	4.873078782758083	
380	FAST	56	63	0.3399620284812417	0.048	0	10.766010254118449	
381	FAST	56	64	0.38634472259083835	0.048	0	6.563256992998486	
382	FAST	56	65	0.43919115018064	0.048	0	4.4416508768907885	
383	FAST	56	67	0.42103726473208475	0.048	0	4.537352075882563	
384	FAST	57	58	0.07675344979601327	0.0	0	21.32972331158522	
385	FAST	57	59	0.08670683571689426	0.0	0	18.43566439480708	
386	FAST	57	60	0.13517757878562484	0.0	0	11.003358247726634	
387	FAST	57	61	0.17841704256717958	0.0	0	7.634487578531496	
388	FAST	57	63	0.384340773682992	0.048	0	6.81082560512808	
389	FAST	57	64	0.3412958770645092	0.048	0	10.746551907218498	
390	FAST	57	65	0.38984504348251814	0.048	0	6.070270984390212	
391	FAST	57	66	0.42780336506585737	0.048	0	4.189281654029719	
392	FAST	57	67	0.37333280038000694	0.048	0	7.447527220115149	
393	FAST	58	59	0.07200593315564248	0.0	0	27.36560523535176	
394	FAST	58	60	0.08743951295287825	0.0	0	17.969432839688963	
395	FAST	58	61	0.1310579211587018	0.0	0	11.053742225531822	
396	FAST	58	62	0.255370979338627	0.0	0	5.832926566217734	
397	FAST	58	63	0.42867785119451274	0.048	0	4.4763768262411245	
398	FAST	58	64	0.2815888030664809	0.048	0	32.49404292424995	
399	FAST	58	65	0.3403573143357273	0.048	0	11.429748032901651	
400	FAST	58	66	0.39043847436779794	0.048	0	6.600178474440292	
401	FAST	58	67	0.31576294598180515	0.048	0	15.062109407035424	
402	FAST	59	60	0.049577043098683535	0.0	0	29.51713409862507	
403	FAST	59	61	0.09281650299015765	0.0	0	16.314034997358217	
404	FAST	59	62	0.19190307683821625	0.0	0	7.891598677484805	
405	FAST	60	61	0.04366750880351709	0.0	0	39.49232366100694	
406	FAST	60	62	0.16798056309336168	0.0	0	9.838551028114834	
407	FAST	61	62	0.1284738884202208	0.0	0	15.555798560163954	
408	FAST	61	64	0.34189073151411264	0.048	0	10.422649500243491	
409	FAST	61	65	0.27660027650124386	0.048	0	39.49426646814733	
410	FAST	61	66	0.2846057362515169	0.048	0	27.917153368147233	
411	FAST	61	67	0.313713359586781	0.048	0	16.086473905767697	
412	FAST	62	64	0.4213812504185731	0.048	0	4.528534224713725	
413	FAST	62	65	0.3530950978131749	0.048	0	9.46330500689139	
414	FAST	62	66	0.29304974429611425	0.048	0	25.399565282486623	
415	FAST	62	67	0.39218104977363377	0.048	0	6.410347650087937	
416	FAST	64	65	0.3208596406357785	0.048	0	13.386497115816143	
417	FAST	64	66	0.37832092189058875	0.048	0	7.085487902651597	
418	FAST	64	67	0.28711509697401516	0.048	0	28.492137399003948	
419	FAST	65	66	0.30802592284334046	0.048	0	17.268765880950244	
420	FAST	65	67	0.2869529669048198	0.048	0	28.21292169798693	
421	FAST	66	67	0.34723302916346765	0.048	0	9.624898346377242	
422	FAST	68	69	0.31961417983176404	0.048	0	14.947075984015079	
423	FAST	68	70	0.31025070892562745	0.048	0	15.974114155739596	
424	FAST	68	71	0.35282413558903386	0.048	0	9.442386321653542	
425	FAST	68	73	0.3499823949333256	0.048	0	9.61718431275419	
426	FAST	68	74	0.36326856556838494	0.048	0	8.098652969565036	
427	FAST	68	75	0.32293415966345773	0.048	0	14.866452025995926	
428	FAST	68	76	0.3043083788413486	0.048	0	19.165463100451003	
429	FAST	68	77	0.3277074185209801	0.048	0	13.21714492691407	
430	FAST	68	78	0.3537868345681008	0.048	0	8.76426093959874	
431	FAST	69	70	0.35016734253612003	0.048	0	9.578287366937019	
432	FAST	69	71	0.2889421904033205	0.048	0	25.943681494692818	
433	FAST	69	73	0.409725032299345	0.048	0	5.403731933156486	
434	FAST	69	74	0.43146268347934347	0.048	0	4.593191053476844	
435	FAST	69	75	0.3940090006189977	0.048	0	6.247599311294049	
436	FAST	69	76	0.375242522649161	0.048	0	7.402073640666859	
437	FAST	69	77	0.3880713581061336	0.048	0	6.885061987010368	
438	FAST	69	78	0.4118340394161036	0.048	0	5.430899761960643	
439	FAST	70	71	0.36321139206122	0.048	0	7.970507857948274	
440	FAST	70	73	0.39483539525942135	0.048	0	6.298303237153024	
441	FAST	70	74	0.39209968574495196	0.048	0	6.272167618230485	
442	FAST	70	75	0.3479917875872324	0.048	0	10.450287067576767	
443	FAST	70	76	0.3135398879049619	0.048	0	14.977338542319893	
444	FAST	70	77	0.29472060910445375	0.048	0	22.71149907013246	
445	FAST	70	78	0.31277550312885255	0.048	0	17.363656704340176	
446	FAST	71	75	0.4279180643201304	0.048	0	4.410155915488222	
447	FAST	71	76	0.404332513209376	0.048	0	5.999181091166864	
448	FAST	71	77	0.40759504955365466	0.048	0	5.5932154828369445	
449	FAST	71	78	0.4282032219443983	0.048	0	4.728319999301671	
450	FAST	72	73	0.14025606737595317	0.0	0	11.423017582934092	
451	FAST	72	74	0.08725546934826098	0.0	0	16.087264530723004	
452	FAST	72	75	0.06345545813248002	0.0	0	27.09384800552141	
453	FAST	72	76	0.04017865109099696	0.0	0	38.45678627160786	
454	FAST	72	77	0.04570755266690181	0.0	0	31.768752111437127	
455	FAST	72	78	0.06345764046771263	0.0	0	26.349044620742742	
456	FAST	73	74	0.05432577344421043	0.0	0	33.41832025522255	
457	FAST	73	75	0.11529474650005098	0.0	0	22.217055864739805	
458	FAST	73	76	0.1530252220284384	0.0	0	14.00517855997805	
459	FAST	73	77	0.19731463802204155	0.0	0	8.529156211118282	
460	FAST	73	78	0.21506473749309424	0.0	0	7.4831771281526205	
461	FAST	74	75	0.0623156956289603	0.0	0	29.638302829973906	
462	FAST	74	76	0.10004617115734774	0.0	0	15.1869317078895	
463	FAST	74	77	0.14433558326087026	0.0	0	10.946996783535976	
464	FAST	74	78	0.16208567884184233	0.0	0	8.724748509883417	
465	FAST	75	76	0.042285826075788555	0.0	0	37.274841256387035	
466	FAST	75	77	0.087860882596482	0.0	0	16.849031522397098	
467	FAST	75	78	0.10561097428737345	0.0	0	13.488917142293012	
468	FAST	76	77	0.06410468924890102	0.0	0	31.142385869557955	
469	FAST	76	78	0.08185477704971184	0.0	0	20.14272225489275	
470	FAST	77	78	0.02740920468246461	0.0	0	50.94100587922197	
471	FAST	21	79	0.2771185351528572	0.0	391	3.5912455641293097	
472	FAST	19	79	0.3455562598687942	0.0	416	2.970369731065742	
473	FAST	22	79	0.3479817775622122	0.0	181	3.312653191633126	
474	FAST	39	80	0.24312560989631896	0.0	195	4.8767448569822545	
475	FAST	38	80	0.26262061200505016	0.0	423	3.507965167032117	
476	FAST	37	80	0.3480607078335219	0.0	397	2.646346991500554	
477	FAST	39	81	0.24523912340777704	0.0	192	5.381886248580986	
478	FAST	38	81	0.2966966444608578	0.0	397	3.5236009941052555	
479	FAST	37	81	0.3204199620708902	0.0	434	3.092985639236196	
480	FAST	21	82	0.25041607440300945	0.0	357	3.560876866877759	
481	FAST	19	82	0.35530032746983836	0.0	403	3.088884198310034	
482	FAST	22	82	0.33453280357377346	0.0	207	3.41051474546688	
483	FAST	21	83	0.2475117752763826	0.0	497	3.681960505274519	
484	FAST	19	83	0.3488491396044329	0.0	391	3.3329511516145156	
485	FAST	22	83	0.3512490136408773	0.0	206	3.152222394032497	
