id	x	y	type	qual	N	n_links	count	acc	
1	0.5290865972208558	0.08782825570975693	STD	0.28910603072700236	0	18	6	0.961311098355429	
2	0.5301822646847826	0.10720123054485474	STD	0.4733047843714451	2	18	238	0.9566676915666149	
3	0.5333754021576235	0.11316317727647134	STD	0.20422626085896312	0	18	81	0.9215070198475906	
4	0.5228257638719125	0.1527978029111725	STD	0.639038258253827	0	17	439	0.9720736142807326	
5	0.5110057050013014	0.18322738970304364	STD	0.7730904443275364	1	19	881	0.9715004304287264	
6	0.46055093200691144	0.23803676739353677	STD	0.4173321755915631	0	15	16	0.9605244379447422	
7	0.49049816672070146	0.0769888854245772	STD	0.520094152042746	3	16	233	0.9500944143865024	
8	0.5243639373822653	0.14811813155714765	STD	0.8384410099600712	0	18	1173	0.972541879283013	
9	0.4372574223741947	0.2995079543610299	STD	0.09520307354553847	0	16	6	0.9361470285186758	
10	0.41937970228563354	0.33373740205414487	STD	0.6314192576622908	0	15	6	0.9740805238513867	
11	0.4998163145722239	0.3654513890156738	STD	0.5376446987731072	0	15	1	0.9727632109416594	
12	0.515877597084288	0.3934792280858458	STD	0.5881726779317364	0	12	0	0.9698614648669476	
13	0.527761674424959	0.4273044524055435	STD	0.8328667516081885	0	11	0	0.9596219181005603	
14	0.5279485391483765	0.45960239084181165	STD	0.2728638786260176	0	12	1	0.899695312941673	
15	0.5178388115657108	0.47324318956320754	STD	0.6541298862415497	0	12	0	0.9693593600788152	
16	0.4983862803694047	0.5086814241359012	STD	0.2816843419048711	0	11	0	0.951982776219516	
17	0.19045354636733625	0.002995199780724391	STD	0.5696642945076957	15	6	654	0.9715907401127266	
18	0.260845314655781	0.09852695010641736	STD	0.4671166122669612	3	7	124	0.9719449346870711	
19	0.23158108780837086	0.14021317238405023	STD	0.811085953224407	3	11	1793	0.9718926809535585	
20	0.2801200648305022	0.15889412442380177	STD	0.6441815278158096	3	8	177	0.9746706625774177	
21	0.23191891500510464	0.15860984189908572	STD	0.027527332129474003	10	11	943	0.9249847174375962	
22	0.24223756772992455	0.18442460012929646	STD	0.5271827036486691	1	8	429	0.9628645852983674	
23	0.368004880062751	0.2085094845428714	STD	0.9753275088889037	0	17	1656	0.9363464109710197	
24	0.3719839740227433	0.2215652327591495	STD	0.825869046308763	16	17	1140	0.9756828723277116	
25	0.3455553328417463	0.2744769879628167	STD	0.2822977760643346	4	15	242	0.9734531399361066	
26	0.44093575929207557	0.3712978642887976	STD	0.28993837904488795	1	15	2	0.9625399854846239	
27	0.36967671375721445	0.41015518237073767	STD	0.5691108061143761	0	14	0	0.9675833071674547	
28	0.1573274485692997	0.4835700453482871	STD	0.2860237423857557	0	1	0	0.9253562404992258	
29	0.36716528647906305	0.4179604961228007	STD	0.4319355525629809	0	13	0	0.9596606059625674	
30	0.22100419841716157	0.4019146525885682	STD	0.6203206993393111	0	4	0	0.9731879536348733	
31	0.47787268628758284	0.5480021666943438	STD	0.6395688185195925	0	11	0	0.9532184731616501	
32	0.46676331894608003	0.6284350713290916	STD	0.3039784275296318	0	7	2	0.9550548659109012	
33	0.4608416104655608	0.7277137825604496	STD	0.1946623139112842	0	7	5	0.953164358253294	
34	0.4626107695368043	0.8130296791693479	STD	0.8892109034617668	3	15	1583	0.974694580464711	
35	0.41096732927400903	0.7751332799821633	STD	0.4665280864337127	0	12	206	0.9357891125713069	
36	0.28631860993830643	0.7727157794916976	STD	0.8018854296282139	7	9	1337	0.9748183635112008	
37	0.2593266062207844	0.7914395937162324	STD	0.4418358978778114	0	9	766	0.9623793887400114	
38	0.22221233076092273	0.8261440423391756	STD	0.6774670970244874	7	8	867	0.9652674071059596	
39	0.1527652674630883	0.8358499459600879	STD	0.057653786984759314	7	7	541	0.9120535863391654	
40	0.28962421229098206	0.869035900942634	STD	0.008655201593727568	0	9	138	0.8845936012901008	
41	0.3153375768362312	0.8870629299068465	STD	0.5484007832412432	0	11	227	0.9099213945540585	
42	0.38914135655596416	0.9106268739207488	STD	0.16058790077713292	6	13	210	0.9594286912538149	
43	0.48046327153884866	0.8968259831074697	STD	0.3134156018277596	0	13	117	0.9632628071496913	
44	0.49826819224557845	0.9044854921625778	STD	0.7722006676472861	0	14	281	0.962224748229516	
45	0.530170585639569	0.9121028717198222	STD	0.11810424003623043	0	15	72	0.9074425874895017	
46	0.4847793275811146	0.9204492747618408	STD	0.5160192665421743	0	10	28	0.971585860773347	
47	0.5764771347969846	0.9306369200322399	STD	0.11676304261297799	0	15	15	0.9131440215736977	
48	0.6001695919630531	0.9436531031548717	STD	0.6107813604807577	0	15	30	0.9722836286725044	
49	0.5600944622629316	0.9598293649607524	STD	0.8412705879582336	0	13	6	0.9035428666448482	
50	0.676757136993029	0.9547977108106617	STD	0.20523579165410144	0	12	7	0.9219951756311991	
51	0.7136194046106153	0.9998054959685726	STD	0.27097524778711835	0	9	1	0.9142948695647821	
52	0.7111205214921377	0.9245728367440629	STD	0.9938416796688871	0	11	4	0.9130115013082186	
53	0.7026486286056469	0.8985914288740412	STD	0.8290058459592626	0	13	5	0.9256937030251862	
54	0.6841337084613773	0.8734880730081942	STD	0.248799036172485	0	15	8	0.9366273454145558	
55	0.7487391586823343	0.8203755982229649	STD	0.5841385940788801	0	12	1	0.9329911402151946	
56	0.6913128608098928	0.8026145346104842	STD	0.920070501913379	0	18	12	0.9364661595109793	
57	0.7062995413951377	0.7555676817559628	STD	0.8358159920273955	0	15	6	0.9710773165567864	
58	0.6946833467470882	0.6969819624143379	STD	0.04217141962266724	0	14	1	0.8623849140963676	
59	0.7445355675199029	0.6959235961593058	STD	0.9758649592285868	0	8	0	0.9235744498777682	
60	0.7473714992321001	0.650423921638075	STD	0.7833819087762279	0	7	0	0.970510492408954	
61	0.7721569420072685	0.624518859745052	STD	0.17873988251468664	0	11	1	0.9451209574478323	
62	0.8472347325369116	0.5978493123203564	STD	0.48943493028722007	0	8	0	0.899320980053734	
63	0.6209223901931383	0.862215538216282	EXIT	0.6259495832402258	0	11	1960	0.9682587438012816	
64	0.6867054774731324	0.6640745017298447	EXIT	0.3856284621152175	0	8	6	0.9538086030563577	
65	0.7439150209175545	0.6185191430027415	EXIT	0.9494911668821624	0	8	5	0.9189484089355221	
66	0.8022264606500168	0.6031697550197176	EXIT	0.4058278606961141	0	7	0	0.9605818629141668	
67	0.7063966504933027	0.6299630166307487	EXIT	0.34810134208404286	0	8	2	0.9639990276113921	
68	0.6461870198678478	0.09215924135885288	EXIT	0.6152751087942625	0	16	1361	0.9692082686237168	
69	0.6634258961832257	0.1619477070633198	EXIT	0.6871697659415716	0	16	1047	0.974813005844085	
70	0.7037625067289622	0.06778424955955283	EXIT	0.22096965375324795	0	12	10	0.9536782049105564	
71	0.6987624479386872	0.18315924981954215	EXIT	0.5680081036183451	0	13	492	0.9089457067055479	
72	0.6538685441834395	0.0001945040314274314	STD	0.33239157424067645	0	11	0	0.9628943263232369	
73	0.559825411665789	0.03740877169667725	STD	0.7022292626040709	0	16	3	0.9533575203449131	
74	0.576153581988845	0.000263010258388662	STD	0.8510653959911396	0	16	6	0.8880264220857794	
75	0.6133145736295614	0.024517878037257763	STD	0.7934040008182044	0	17	4	0.9699131716049569	
76	0.6463688669273957	0.03557925245900701	STD	0.032138367043816896	0	16	1	0.8682362731732108	
77	0.6875197664588574	0.02368811010106969	STD	0.41212136653564313	0	13	0	0.9352247593982655	
78	0.7032177008976098	0.0027391257024041026	STD	0.7442673950706731	0	11	0	0.8986213888435352	
79	0.0	0.16739974381321332	ENTRY	0.0	0	3	1040	0.8307894301621488	
80	0.0	0.09264704114812372	ENTRY	0.0	1	3	1027	0.8606560733086572	
81	0.0	0.7574325266526842	ENTRY	0.0	0	3	1036	0.8339165581621886	
82	0.0	0.08967710694166908	ENTRY	0.0	1	3	1058	0.85225069782565	
83	0.0	0.8876083456974577	ENTRY	0.0	2	3	1050	0.8293596789696853	
