n_interc	
0	
0	
0	
0	
0	
0	
0	
0	
0	
0	
0	
0	
0	
0	
0	
0	
0	
0	
0	
0	
0	
0	
0	
0	
0	
0	
0	
0	
0	
0	
0	
0	
0	
0	
0	
0	
0	
0	
0	
0	
0	
0	
0	
0	
0	
0	
0	
0	
0	
0	
0	
0	
0	
0	
0	
0	
0	
0	
0	
1	
1	
1	
1	
1	
1	
1	
1	
1	
1	
1	
1	
1	
1	
1	
1	
1	
1	
1	
1	
1	
2	
2	
2	
2	
2	
3	
3	
4	
4	
4	
4	
4	
4	
5	
5	
6	
6	
6	
6	
6	
70	
71	
73	
76	
80	
81	
82	
83	
86	
87	
88	
91	
92	
92	
96	
98	
99	
101	
101	
102	
105	
106	
107	
108	
111	
112	
113	
115	
116	
117	
120	
122	
123	
126	
127	
128	
128	
132	
132	
135	
136	
139	
141	
143	
144	
145	
146	
149	
150	
151	
153	
154	
156	
157	
158	
160	
162	
163	
166	
168	
171	
173	
174	
174	
176	
179	
180	
183	
186	
187	
188	
190	
191	
194	
198	
198	
201	
204	
209	
209	
211	
213	
214	
217	
219	
221	
221	
222	
223	
225	
229	
229	
231	
232	
234	
236	
238	
240	
242	
243	
531	
535	
535	
539	
543	
548	
551	
554	
557	
561	
564	
570	
574	
580	
584	
588	
591	
596	
598	
602	
606	
609	
613	
617	
622	
624	
628	
630	
635	
637	
642	
644	
649	
653	
656	
659	
662	
665	
667	
671	
673	
677	
683	
684	
690	
693	
697	
697	
700	
702	
705	
707	
709	
711	
713	
718	
719	
722	
724	
725	
730	
731	
736	
739	
740	
743	
745	
747	
749	
750	
752	
753	
754	
755	
757	
757	
761	
761	
763	
765	
767	
767	
769	
769	
770	
772	
773	
775	
776	
777	
778	
778	
779	
780	
783	
784	
784	
784	
787	
788	
3274	
3281	
3286	
3290	
3293	
3296	
3302	
3304	
3307	
3314	
3319	
3321	
3323	
3326	
3327	
3334	
3335	
3339	
3341	
3348	
3353	
3357	
3365	
3368	
3368	
3377	
3379	
3384	
3392	
3397	
3399	
3401	
3404	
3408	
3411	
3414	
3417	
3420	
3427	
3431	
3433	
3433	
3437	
3440	
3445	
3449	
3451	
3457	
3461	
3461	
3463	
3468	
3470	
3473	
3473	
3475	
3475	
3477	
3482	
3483	
3484	
3486	
3490	
3493	
3495	
3497	
3501	
3505	
3507	
3509	
3511	
3513	
3515	
3515	
3517	
3519	
3520	
3521	
3524	
3526	
3528	
3529	
3530	
3531	
3532	
3538	
3540	
3543	
3545	
3545	
3546	
3551	
3553	
3555	
3557	
3558	
3564	
3568	
3569	
3572	
3045	
3046	
3049	
3050	
3050	
3050	
3051	
3054	
3055	
3056	
3058	
3060	
3062	
3063	
3063	
3064	
3065	
3066	
3067	
3069	
3074	
3074	
3076	
3078	
3079	
3079	
3081	
3083	
3084	
3084	
3089	
3089	
3092	
3095	
3096	
3097	
3099	
3101	
3103	
3105	
3106	
3107	
3107	
3107	
3112	
3114	
3115	
3116	
3118	
3120	
3122	
3124	
3124	
3128	
3128	
3130	
3133	
3137	
3137	
3139	
3143	
3145	
3147	
3148	
3148	
3148	
3149	
3153	
3155	
3155	
3160	
3160	
3161	
3161	
3162	
3164	
3165	
3165	
3167	
3169	
3170	
3177	
3178	
3178	
3179	
3180	
3181	
3183	
3183	
3184	
3185	
3186	
3187	
3188	
3188	
3188	
3191	
3194	
3195	
3197	
