id	type	l1	l2	friction	risk	count	acc	
1	FAST	1	2	0.02151630826214646	0.0	2	55.95876863695859	
2	FAST	1	3	0.027987052819351734	0.0	0	41.226357266365106	
3	FAST	1	4	0.07302656972007415	0.0	1	14.55434192113635	
4	FAST	1	5	0.10800269310982086	0.0	0	9.627452867142797	
5	FAST	1	6	0.2005826597473596	0.0	1	5.189726942480638	
6	FAST	1	7	0.05791240055316788	0.0	1	25.833703186395184	
7	FAST	1	8	0.06855335822514483	0.0	2	16.93426336113326	
8	FAST	1	68	0.36490858423453987	0.048	2	5.560814114835918	
9	FAST	1	69	0.40115801759656244	0.048	1	3.518653344802745	
10	FAST	1	70	0.423550267947518	0.048	1	3.3767990677709685	
11	FAST	1	71	0.44235053412726005	0.048	1	2.463984522380421	
12	FAST	1	72	0.28733633203502157	0.0	0	4.265536689835128	
13	FAST	1	73	0.1906077266698771	0.0	0	13.489299651973047	
14	FAST	1	74	0.20210142113627694	0.0	0	9.812906378763392	
15	FAST	1	75	0.2630703980821981	0.0	0	6.786774519299346	
16	FAST	1	76	0.3008008736105855	0.0	0	5.479570010683858	
17	FAST	1	77	0.3450902934942693	0.0	0	3.284463249385928	
18	FAST	1	78	0.36284036573475764	0.0	0	2.923639710403645	
19	FAST	2	3	0.007516752227496343	0.0	0	160.0637592919074	
20	FAST	2	4	0.05255626523813813	0.0	6	19.801975717008524	
21	FAST	2	5	0.08753238084772358	0.0	2	11.383817433672931	
22	FAST	2	6	0.18130277439888826	0.0	3	4.80253200333226	
23	FAST	2	7	0.06458409111532147	0.0	0	19.09104888777099	
24	FAST	2	8	0.04808305763328943	0.0	5	23.751097158437386	
25	FAST	2	23	0.24993272053144797	0.0	224	3.336436550801657	
26	FAST	2	68	0.36470401260312413	0.048	44	5.173111173470738	
27	FAST	2	69	0.391780317504476	0.048	159	3.0633969630365603	
28	FAST	2	70	0.4257275325971185	0.048	3	3.0519411053970966	
29	FAST	2	71	0.43263050137245695	0.048	26	2.3742927513868874	
30	FAST	2	72	0.3002858035948819	0.0	0	3.85991773412385	
31	FAST	2	73	0.2035572098999793	0.0	0	11.448487177873837	
32	FAST	2	74	0.21505090436637914	0.0	0	5.960455379676254	
33	FAST	2	75	0.2760198696420584	0.0	0	6.36114202966405	
34	FAST	2	76	0.3137503451704458	0.0	0	4.8116961285245115	
35	FAST	2	77	0.3580397650541296	0.0	0	3.181924995737409	
36	FAST	3	4	0.04596140765847902	0.0	3	24.34309751937308	
37	FAST	3	5	0.08093752715814509	0.0	0	12.841535331880756	
38	FAST	3	6	0.18231210638901338	0.0	3	5.44891082128101	
39	FAST	3	7	0.06852057262560743	0.0	1	17.95498546834951	
40	FAST	3	8	0.04148820394371095	0.0	4	27.251490250925993	
41	FAST	3	23	0.253869190371492	0.0	73	3.414099672300645	
42	FAST	3	68	0.3624783762095865	0.048	31	5.4625554281870725	
43	FAST	3	69	0.3866275625916361	0.048	26	4.35893062883038	
44	FAST	3	70	0.424054534998753	0.048	5	3.2423748349744788	
45	FAST	3	71	0.42731742112785376	0.048	15	3.1238809262278795	
46	FAST	3	72	0.30422229677540974	0.0	0	3.7537279418216376	
47	FAST	3	73	0.20749369141026527	0.0	0	10.282320636066117	
48	FAST	3	74	0.2189873742064232	0.0	1	6.061796523418386	
49	FAST	3	75	0.27995636282258624	0.0	0	6.162166199068177	
50	FAST	3	76	0.3176868383509737	0.0	0	5.291466341008483	
51	FAST	3	77	0.36197625823465746	0.0	0	3.9409049984135684	
52	FAST	4	5	0.03612179881582182	0.0	3	30.296529751436125	
53	FAST	4	6	0.131309053093839	0.0	1	7.61829439953764	
54	FAST	4	7	0.11268187659387058	0.0	2	10.097730965173316	
55	FAST	4	8	0.007503043583361338	0.0	12	225.88225720131288	
56	FAST	4	9	0.19906910328632327	0.0	0	4.079342461184287	
57	FAST	4	23	0.20219244902298494	0.0	335	4.191033470020349	
58	FAST	4	24	0.1883962275027891	0.0	97	4.5200534045916765	
59	FAST	4	68	0.38518730849483807	0.048	123	4.461933149913145	
60	FAST	4	69	0.38862564188147486	0.048	236	3.88173421273355	
61	FAST	4	71	0.42626530464684514	0.048	55	2.812353240505117	
62	FAST	4	73	0.25165497981820595	0.0	1	6.140687444844768	
63	FAST	4	74	0.26314868595484764	0.0	2	4.209055920841246	
64	FAST	4	75	0.32411765123052694	0.0	1	4.6768747319392885	
65	FAST	4	76	0.36184812675891437	0.0	1	3.7277883827556573	
66	FAST	5	6	0.09695465406038882	0.0	3	11.872470833277127	
67	FAST	5	7	0.1480079633072034	0.0	0	6.988669497919797	
68	FAST	5	8	0.04282913807685543	0.0	6	25.749393302463837	
69	FAST	5	9	0.1647147042528731	0.0	4	5.091232403895417	
70	FAST	5	10	0.20580158024837855	0.0	4	3.735156058866221	
71	FAST	5	11	0.315176425388388	0.0	1	3.6903875351775697	
72	FAST	5	23	0.1678380499895348	0.0	495	5.239998069890547	
73	FAST	5	24	0.1540418323594195	0.0	130	5.485337968088539	
74	FAST	5	25	0.21818540685428356	0.0	238	3.619079652208765	
75	FAST	5	68	0.41072317596004826	0.048	401	3.0989886342628905	
76	FAST	5	69	0.4016265693558544	0.048	243	3.469484608306488	
77	FAST	5	71	0.4354848530175842	0.048	231	2.340772877188526	
78	FAST	5	73	0.2869810937621032	0.0	1	4.2190902331562885	
79	FAST	5	74	0.2984747765582611	0.0	0	3.141753849851467	
80	FAST	5	75	0.3594437418339404	0.0	0	2.7555530723450508	
81	FAST	6	7	0.22348282140222536	0.0	0	4.715270237465391	
82	FAST	6	8	0.1367366608602571	0.0	3	7.769594559928934	
83	FAST	6	9	0.07023925303818712	0.0	0	15.107072866197676	
84	FAST	6	10	0.11132612125353132	0.0	1	7.00776031054988	
85	FAST	6	11	0.2207009547232989	0.0	0	5.675677350898433	
86	FAST	6	12	0.25762382228263525	0.0	0	3.631389074160209	
87	FAST	6	23	0.1142018866986697	0.0	17	8.351280201353509	
88	FAST	6	24	0.1001154807239066	0.0	0	9.866650395132881	
89	FAST	6	25	0.16454923189317652	0.0	0	6.3265520223757825	
90	FAST	6	26	0.15947391760864105	0.0	0	5.685151497957565	
91	FAST	7	8	0.10798518774699241	0.0	1	10.40176695208027	
92	FAST	7	23	0.2485729428477388	0.0	159	3.510617966917875	
93	FAST	7	24	0.2631165461086946	0.0	71	3.2841332784913693	
94	FAST	7	68	0.40415430617655823	0.048	63	3.8014845190901654	
95	FAST	7	69	0.4403988038214797	0.048	165	2.062399841976618	
96	FAST	7	72	0.25068690991330783	0.0	0	3.390194896583842	
97	FAST	7	73	0.15395831621840525	0.0	0	11.28181376392011	
98	FAST	7	74	0.16545201068480506	0.0	0	7.2766767945247475	
99	FAST	7	75	0.22642097596048436	0.0	0	5.6530134211096685	
100	FAST	7	76	0.26415145148887176	0.0	0	4.036136758359023	
101	FAST	8	9	0.20593583471103105	0.0	2	4.342582732415502	
102	FAST	8	23	0.20905918044769273	0.0	332	4.22555262938699	
103	FAST	8	24	0.19526296281757746	0.0	826	3.079277494712025	
104	FAST	8	68	0.381788758681206	0.048	721	3.976507863881943	
105	FAST	8	69	0.3874760334580042	0.048	242	3.7270235113911547	
106	FAST	8	71	0.4256121061407696	0.048	186	3.0407904238205807	
107	FAST	8	72	0.34401116178742613	0.0	0	2.9012511314862577	
108	FAST	8	73	0.2472825797627654	0.0	1	6.01706740509374	
109	FAST	8	74	0.25877625866884274	0.0	3	4.343385645491823	
110	FAST	8	75	0.3197452278346027	0.0	3	4.1343267167683795	
111	FAST	8	76	0.3574757033629901	0.0	0	3.590721737218692	
112	FAST	9	10	0.042910483552879006	0.0	0	26.509073601182816	
113	FAST	9	11	0.15228532869288847	0.0	0	9.9334676361462	
114	FAST	9	12	0.18920818458198294	0.0	0	7.008655897568317	
115	FAST	9	13	0.22995744825989792	0.0	0	4.706797664445457	
116	FAST	9	14	0.25331769753086336	0.0	0	3.2038044551834792	
117	FAST	9	15	0.24757465090643752	0.0	0	3.1464323936225798	
118	FAST	9	23	0.17921559053844677	0.0	6	6.677499115322397	
119	FAST	9	24	0.16512918067360308	0.0	0	7.962314760125325	
120	FAST	9	25	0.17977600333395677	0.0	0	8.668803514310023	
121	FAST	9	26	0.09105827990798876	0.0	0	11.962375549037102	
122	FAST	9	27	0.17848346569391205	0.0	0	6.736730035861617	
123	FAST	9	29	0.1855811706559399	0.0	0	5.357360926781462	
124	FAST	10	11	0.10937484514000945	0.0	1	10.067875396153527	
125	FAST	10	12	0.1462977010291039	0.0	0	7.282419176231672	
126	FAST	10	13	0.18704696470701887	0.0	0	4.997194351587591	
127	FAST	10	14	0.21040721786806496	0.0	1	3.8805710678985066	
128	FAST	10	15	0.2046641673535585	0.0	0	3.832050598648607	
129	FAST	10	16	0.20323672949747695	0.0	0	3.2025168962288166	
130	FAST	10	23	0.213153638132304	0.0	4	5.533435408128751	
131	FAST	10	24	0.199016878953885	0.0	0	6.0596319133441	
132	FAST	10	25	0.13705416535107862	0.0	0	9.799043341693551	
133	FAST	10	26	0.04814779635510974	0.0	1	22.03558859073257	
134	FAST	10	27	0.1355729938112749	0.0	0	8.919678928270775	
135	FAST	10	29	0.14267068710306088	0.0	0	8.695311212255392	
136	FAST	11	12	0.0364924262477068	0.0	0	34.119704825108585	
137	FAST	11	13	0.07678160230952209	0.0	0	14.763123556384372	
138	FAST	11	14	0.1121667443368769	0.0	0	9.76099472529214	
139	FAST	11	15	0.13120902745063714	0.0	0	7.861497516012577	
140	FAST	11	16	0.21670056307836655	0.0	0	5.215275600125089	
141	FAST	11	24	0.31300570982660975	0.0	0	2.850944944603614	
142	FAST	11	25	0.2510430001138839	0.0	0	3.5720952236930943	
143	FAST	11	26	0.0629029032998397	0.0	0	16.43772926018549	
144	FAST	11	27	0.15032809297584365	0.0	0	5.985050756202866	
145	FAST	11	29	0.1574258018279521	0.0	0	5.452588124701159	
146	FAST	11	31	0.2612748846871239	0.0	0	3.5412220129831855	
147	FAST	12	13	0.041186765485885346	0.0	0	28.571289022743574	
148	FAST	12	14	0.0765719114033208	0.0	0	14.15042253848973	
149	FAST	12	15	0.09561419451708102	0.0	0	12.10870221220614	
150	FAST	12	16	0.14372326122945295	0.0	0	7.084196310860561	
151	FAST	12	26	0.09403059326424705	0.0	0	11.918920273506007	
152	FAST	12	27	0.1814557907204122	0.0	0	5.271013878981717	
153	FAST	12	29	0.18855348401219818	0.0	0	5.661888842240318	
154	FAST	12	31	0.19481717124778766	0.0	0	4.440086621896326	
155	FAST	13	14	0.035643937421330284	0.0	0	31.6798300737616	
156	FAST	13	15	0.05468622442517113	0.0	0	23.180138993011344	
157	FAST	13	16	0.10279528335738179	0.0	0	10.475164477422076	
158	FAST	13	26	0.13496519205354798	0.0	0	8.747571380723972	
159	FAST	13	27	0.22239038950971318	0.0	0	4.458205997386024	
160	FAST	13	29	0.22948808669157972	0.0	0	4.03731407601336	
161	FAST	13	31	0.15388919337571655	0.0	0	6.624762920520915	
162	FAST	14	15	0.019130319528464904	0.0	0	60.12830612238886	
163	FAST	14	16	0.06723938624083681	0.0	0	17.64312172143566	
164	FAST	14	26	0.1630868027618412	0.0	0	6.155965189888372	
165	FAST	14	27	0.2503014029230186	0.0	0	4.356956646105404	
166	FAST	14	29	0.25739912344536897	0.0	0	3.955112370014557	
167	FAST	14	31	0.1183333001492522	0.0	0	8.692126779628634	
168	FAST	14	32	0.21194727355834295	0.0	1	3.9689584490013785	
169	FAST	15	16	0.048585982817270716	0.0	0	21.559840030192973	
170	FAST	15	26	0.15747477794306555	0.0	0	6.417688566113041	
171	FAST	15	27	0.244689378104243	0.0	0	4.864759763884565	
172	FAST	15	29	0.25178707528610955	0.0	0	4.089614989484836	
173	FAST	15	31	0.09967989283560547	0.0	0	9.231681890853672	
174	FAST	15	32	0.1932938779149381	0.0	0	4.499213806320997	
175	FAST	16	26	0.15613073174541822	0.0	0	5.279406330606694	
176	FAST	16	27	0.24334533190659563	0.0	0	4.424011098983629	
177	FAST	16	29	0.250443052428946	0.0	0	3.8073419202679015	
178	FAST	16	31	0.05291526521902438	0.0	0	21.139967482213443	
179	FAST	16	32	0.14652924640827636	0.0	0	6.809938445702507	
180	FAST	17	18	0.144492633596006	0.0	63	6.373589477416688	
181	FAST	17	19	0.20948451408345695	0.0	499	2.6612592076149806	
182	FAST	17	20	0.22112509410431017	0.0	96	3.4313866896439817	
183	FAST	17	21	0.2301959607734761	0.0	3	3.1257082618931125	
184	FAST	18	19	0.06547912086633792	0.0	45	16.1485866302133	
185	FAST	18	20	0.07711971255743301	0.0	0	14.64438297367574	
186	FAST	18	21	0.08619056366627643	0.0	1	11.835416312099449	
187	FAST	18	22	0.11826343430116347	0.0	16	9.098500769358436	
188	FAST	18	23	0.2031332533527576	0.0	88	4.289467804420816	
189	FAST	18	24	0.21725088889480668	0.0	32	4.267805535422195	
190	FAST	19	20	0.0557718564567446	0.0	56	15.098063239186713	
191	FAST	19	21	0.020826386902350846	0.0	68	41.94136684719432	
192	FAST	19	22	0.052899253647157266	0.0	115	17.972360128683714	
193	FAST	19	23	0.18178540114214978	0.0	570	3.6308328618151915	
194	FAST	19	24	0.19590302501395698	0.0	735	2.8966399054875587	
195	FAST	19	25	0.25918542512951476	0.0	184	3.1156749136185047	
196	FAST	20	21	0.051960300995763854	0.0	0	18.564924260220295	
197	FAST	20	22	0.057609725049702395	0.0	24	19.928274064956454	
198	FAST	20	23	0.12831906321120456	0.0	166	8.385900835076466	
199	FAST	20	24	0.14243669875325368	0.0	9	7.267688027095554	
200	FAST	20	25	0.20571908719856957	0.0	0	6.295267726578206	
201	FAST	21	22	0.03241731782414188	0.0	21	32.74168202775042	
202	FAST	21	23	0.177942145414127	0.0	687	3.3798062350328326	
203	FAST	21	24	0.1920597848462567	0.0	244	3.789543672408941	
204	FAST	21	25	0.25534216940149196	0.0	2	3.4726285992626655	
205	FAST	22	23	0.18354915202889183	0.0	152	6.0351783546629845	
206	FAST	22	24	0.19766678757094094	0.0	118	5.2987930857495185	
207	FAST	22	25	0.2609491876864987	0.0	56	4.462480990488828	
208	FAST	23	24	0.014785710209034767	0.0	5	70.15660157895057	
209	FAST	23	25	0.07806810643451191	0.0	1	13.098355582894103	
210	FAST	23	26	0.26582657077857297	0.0	2	3.463419208062207	
211	FAST	24	25	0.06401010971857911	0.0	0	15.578755144830073	
212	FAST	24	26	0.25176857017255955	0.0	0	4.233664423715145	
213	FAST	24	27	0.3391937559584829	0.0	0	3.544032953238365	
214	FAST	25	26	0.1896613206239994	0.0	0	5.223363959286133	
215	FAST	25	27	0.2770865064099227	0.0	0	4.283046247856063	
216	FAST	25	29	0.28418422304219243	0.0	0	4.978717977369745	
217	FAST	25	30	0.4521379951502652	0.0	0	2.648631566430739	
218	FAST	26	27	0.08793642018212716	0.0	0	11.418103303090353	
219	FAST	26	29	0.09503412125407436	0.0	0	10.547982068027146	
220	FAST	26	31	0.2001531209344359	0.0	0	3.82947051392063	
221	FAST	27	29	0.009295402123045745	0.0	0	133.25313919216603	
222	FAST	27	30	0.1772491897914411	0.0	0	4.899399939534797	
223	FAST	27	31	0.28774323446876776	0.0	0	3.867363597485175	
224	FAST	28	30	0.15944353607893208	0.0	0	7.883364961364025	
225	FAST	29	30	0.16795380711879848	0.0	0	4.967011871398957	
226	FAST	29	31	0.2954023675373496	0.0	0	3.840218489698517	
227	FAST	31	32	0.09361397729917137	0.0	0	11.335512754987997	
228	FAST	31	33	0.20448155529861253	0.0	0	4.229366994988049	
229	FAST	32	33	0.11533800808672107	0.0	0	8.84796236421548	
230	FAST	32	34	0.21282922874836685	0.0	0	3.6075964406228236	
231	FAST	32	35	0.1856925008734483	0.0	3	4.835091275039848	
232	FAST	33	34	0.09994297898851423	0.0	1	10.085666731983999	
233	FAST	33	35	0.08939985684434527	0.0	5	12.555668839351119	
234	FAST	33	36	0.23577195177538954	0.0	0	3.5245229406792173	
235	FAST	33	43	0.21187265792180676	0.0	0	4.5052648244271465	
236	FAST	33	44	0.23313834384937832	0.0	4	3.2429227470836963	
237	FAST	34	35	0.07425086367565223	0.0	36	15.741400897111061	
238	FAST	34	36	0.22119958914834686	0.0	1330	2.988704430532137	
239	FAST	34	40	0.21309968660406667	0.0	65	3.9481092706138696	
240	FAST	34	41	0.19701331626663482	0.0	77	4.5154763474637605	
241	FAST	34	42	0.19652467156864095	0.0	65	6.402471853428483	
242	FAST	34	43	0.11495453171851999	0.0	4	11.269256938544277	
243	FAST	34	44	0.1362202176460916	0.0	1	8.009117714725912	
244	FAST	34	45	0.17083477360173724	0.0	1	6.340387010056736	
245	FAST	34	46	0.1415772009986984	0.0	6	7.694623308897397	
246	FAST	34	47	0.2729031837234328	0.0	0	4.167108533725099	
247	FAST	34	48	0.30365908701192784	0.0	0	3.1321862316282467	
248	FAST	34	49	0.2550983585980977	0.0	0	3.695678868895612	
249	FAST	34	63	0.41350450727089905	0.048	1579	1.907457798211476	
250	FAST	35	36	0.15314777123847956	0.0	10	6.614152944502913	
251	FAST	35	37	0.18349454307702828	0.0	206	4.063963454395843	
252	FAST	35	40	0.18010409662424917	0.0	6	4.95141099733218	
253	FAST	35	41	0.1906017709564348	0.0	8	5.654860588602238	
254	FAST	35	42	0.2441990567814982	0.0	4	5.046529886088995	
255	FAST	35	43	0.16262891693137727	0.0	24	6.03077845468488	
256	FAST	35	44	0.18389460285894885	0.0	44	4.78761850961702	
257	FAST	35	45	0.21850915881459448	0.0	52	4.071509797774251	
258	FAST	35	46	0.18925158232147501	0.0	15	4.9303419811252285	
259	FAST	36	37	0.03814278128412667	0.0	98	25.08834691003325	
260	FAST	36	38	0.11676273844668511	0.0	753	7.7584373835028835	
261	FAST	36	39	0.19725989680743664	0.0	472	3.6568334743381543	
262	FAST	36	40	0.1635373363399172	0.0	2	8.283939993417833	
263	FAST	36	41	0.3269651669101407	0.0	3	6.152370619833029	
264	FAST	36	42	0.39092006082427827	0.0	0	3.6221386921550325	
265	FAST	37	38	0.08093381602122546	0.0	57	15.084397542280682	
266	FAST	37	39	0.15061684588073954	0.0	24	5.730028656525879	
267	FAST	37	40	0.14019839693063493	0.0	84	9.284663508782035	
268	FAST	37	41	0.3579232571393046	0.0	106	4.8255545459149936	
269	FAST	37	42	0.4218781277129583	0.0	188	2.4153547809111724	
270	FAST	38	39	0.08372419808664779	0.0	0	10.66089875260993	
271	FAST	38	40	0.11208962348841593	0.0	34	8.93606235895682	
272	FAST	38	41	0.40779445257479646	0.0	76	4.313463558678003	
273	FAST	38	42	0.46110764581155694	0.0	2	2.3708629636938716	
274	FAST	39	40	0.19341849275779302	0.0	20	4.659789345085554	
275	FAST	39	41	0.48912332573425416	0.0	42	2.8045832270508533	
276	FAST	40	41	0.2986730228472532	0.0	7	24.670812055200194	
277	FAST	40	42	0.3519861888534493	0.0	7	5.984340718930706	
278	FAST	40	43	0.30170619262486453	0.0	51	2.781353011038026	
279	FAST	41	42	0.25357444285234754	0.0	8	9.534429543220654	
280	FAST	41	43	0.20648708636666077	0.0	36	4.433843467054563	
281	FAST	41	44	0.22937622353302517	0.0	81	4.01621948247098	
282	FAST	41	46	0.2310540153081182	0.0	11	4.298136157880898	
283	FAST	42	43	0.11780820928584947	0.0	0	10.282349882550617	
284	FAST	42	44	0.13084020112608316	0.0	138	6.950774732125468	
285	FAST	42	45	0.16679591294946913	0.0	1	5.081592875776925	
286	FAST	42	46	0.1325179929011762	0.0	1	8.755870740561694	
287	FAST	42	47	0.24937123796376515	0.0	0	3.541721699937938	
288	FAST	42	49	0.20710935144416465	0.0	0	4.329841773578198	
289	FAST	43	44	0.023101644490940768	0.0	12	52.48061631582644	
290	FAST	43	45	0.05771618877634452	0.0	8	18.768085073931307	
291	FAST	43	46	0.0288340089539606	0.0	3	41.19628489420912	
292	FAST	43	47	0.159784610568282	0.0	6	8.360055075273165	
293	FAST	43	48	0.19054051385677703	0.0	7	6.316678027058724	
294	FAST	43	49	0.14197978544294687	0.0	4	8.12118357225597	
295	FAST	43	63	0.3923885515678148	0.048	79	4.011548758027427	
296	FAST	44	45	0.03650977211722949	0.0	8	31.537674817337432	
297	FAST	44	46	0.02575993886862073	0.0	3	48.59372910274376	
298	FAST	44	47	0.14086488833480484	0.0	4	11.199380074337306	
299	FAST	44	48	0.171620779953058	0.0	7	7.135508590249822	
300	FAST	44	49	0.12306006320946969	0.0	1	10.519665058995725	
301	FAST	44	50	0.2795338767258421	0.0	3	3.2601784827392737	
302	FAST	44	54	0.4062621031342436	0.0	6	2.803063011562778	
303	FAST	44	63	0.3774616757931424	0.048	250	3.864379879211297	
304	FAST	45	46	0.05900224943214269	0.0	6	20.725765924752793	
305	FAST	45	47	0.11029916330807826	0.0	3	17.892019801999666	
306	FAST	45	48	0.1410550549263314	0.0	3	11.711404187350922	
307	FAST	45	49	0.07388850655518356	0.0	2	18.433813563515898	
308	FAST	45	50	0.2303623317417979	0.0	2	4.3861296759416435	
309	FAST	45	52	0.29512067512879453	0.0	1	3.5480444918803826	
310	FAST	45	53	0.3237251926661545	0.0	2	3.4676912316156576	
311	FAST	45	54	0.3570905581501994	0.0	1	3.785940886227714	
312	FAST	45	56	0.4526480314016355	0.0	5	2.472335177409217	
313	FAST	45	63	0.3512879165346726	0.048	50	5.436636375760545	
314	FAST	46	47	0.15177768484110474	0.0	0	8.274578130141318	
315	FAST	46	48	0.1825335725692773	0.0	11	6.886795981880679	
316	FAST	46	49	0.1095157983215043	0.0	0	10.34970804397051	
317	FAST	47	48	0.033308403033401005	0.0	2	38.4496962958052	
318	FAST	47	49	0.04335293354340888	0.0	0	26.806497592892846	
319	FAST	47	50	0.13698732987579948	0.0	0	7.978021532829385	
320	FAST	47	51	0.1911754722673719	0.0	0	5.410075942956397	
321	FAST	47	52	0.21128708019471065	0.0	0	4.99321278699437	
322	FAST	47	53	0.2398915977320707	0.0	1	5.309752361206279	
323	FAST	47	54	0.2732569865565993	0.0	1	5.960946671457458	
324	FAST	47	56	0.3688144364675517	0.0	0	3.4116866185572814	
325	FAST	47	63	0.32931771848225994	0.048	13	7.950326391371086	
326	FAST	48	49	0.07429681330803665	0.0	1	24.59419241026813	
327	FAST	48	50	0.10466340899746844	0.0	0	11.845991116097148	
328	FAST	48	51	0.15885155138904086	0.0	0	6.14443485971409	
329	FAST	48	52	0.17896317098662154	0.0	0	7.023785649795294	
330	FAST	48	53	0.2075677001942234	0.0	0	6.553597083038818	
331	FAST	48	54	0.2409330695683489	0.0	0	6.527668550099685	
332	FAST	48	55	0.31065396158262065	0.0	0	3.3466945275549578	
333	FAST	48	56	0.33649051558922066	0.0	0	3.2117620483972384	
334	FAST	48	63	0.33176830010421277	0.048	29	8.494233161183864	
335	FAST	49	50	0.1566683642287674	0.0	2	7.261539015285029	
336	FAST	49	51	0.1845573986865216	0.0	0	4.751169036212045	
337	FAST	49	52	0.22142669594552217	0.0	1	4.460758221835495	
338	FAST	49	53	0.25003121348288215	0.0	1	4.54724376953341	
339	FAST	49	54	0.28339660619749146	0.0	0	4.404481399179928	
340	FAST	50	51	0.08115968188268026	0.0	1	17.437926248388525	
341	FAST	50	52	0.07399500529255132	0.0	1	22.823633454417212	
342	FAST	50	53	0.10259952671999197	0.0	0	14.961067604789411	
343	FAST	50	54	0.13596489609411744	0.0	0	10.781397810277698	
344	FAST	50	55	0.20568579977863108	0.0	1	4.577073845382504	
345	FAST	50	56	0.2315223537852311	0.0	3	4.516941326315308	
346	FAST	50	57	0.28310399822269255	0.0	1	2.8680120928838386	
347	FAST	51	52	0.0866936794642085	0.0	1	12.399432794261976	
348	FAST	51	53	0.1152981970015685	0.0	0	8.550900681034362	
349	FAST	51	54	0.14866356637569397	0.0	0	5.858941081407071	
350	FAST	51	55	0.21838445838996573	0.0	0	3.763630436835294	
351	FAST	51	56	0.2442210123965657	0.0	0	2.8011016919283622	
352	FAST	52	53	0.027119747672974932	0.0	1	39.09916891526175	
353	FAST	52	54	0.06466182659652175	0.0	0	16.71531277674963	
354	FAST	52	55	0.13438272639095475	0.0	0	7.273703216667454	
355	FAST	52	56	0.16021928039755476	0.0	1	6.400487141734489	
356	FAST	52	57	0.2118009365052582	0.0	2	4.45030955919271	
357	FAST	53	54	0.03255763303241363	0.0	1	32.60283082333281	
358	FAST	53	55	0.1392847375834884	0.0	0	8.305620035329298	
359	FAST	53	56	0.12811509072352725	0.0	0	9.011337161121396	
360	FAST	53	57	0.1796967429411501	0.0	0	5.5443018554547026	
361	FAST	53	58	0.2558494359154547	0.0	1	2.997639988050926	
362	FAST	53	63	0.337184139804537	0.048	3	7.310502778970095	
363	FAST	54	55	0.09882882488577224	0.0	0	11.483023145138056	
364	FAST	54	56	0.09594506921502285	0.0	2	13.314936173594003	
365	FAST	54	57	0.14752673699296817	0.0	2	6.336200597884155	
366	FAST	54	58	0.2236794182970309	0.0	0	3.9859902312310056	
367	FAST	54	59	0.23363279643775064	0.0	0	3.7287437145712152	
368	FAST	54	63	0.31193667033525635	0.048	3	10.19300553704808	
369	FAST	55	56	0.10245118238530287	0.0	1	14.717713993950314	
370	FAST	55	57	0.11688081406400345	0.0	0	11.147734648322324	
371	FAST	55	58	0.19303349536806622	0.0	0	6.371822078566377	
372	FAST	55	59	0.15404239253103003	0.0	0	5.9625726886268176	
373	FAST	55	60	0.199998124561872	0.0	0	4.353442057671452	
374	FAST	55	61	0.21647929140213404	0.0	0	3.600823878111431	
375	FAST	56	57	0.051750960196819136	0.0	1	21.14357013764425	
376	FAST	56	58	0.12790363761080126	0.0	0	8.514313144772737	
377	FAST	56	59	0.1378570196416016	0.0	0	6.9774855069442925	
378	FAST	56	60	0.1863277627103322	0.0	0	4.494792489666486	
379	FAST	56	61	0.2295672264918869	0.0	1	3.1992450072557768	
380	FAST	56	63	0.3399620284812417	0.048	1	6.529935231504839	
381	FAST	56	64	0.38634472259083835	0.048	4	3.6281790452666276	
382	FAST	56	65	0.43919115018064	0.048	3	2.3934415842136807	
383	FAST	56	67	0.42103726473208475	0.048	2	2.8655803070512795	
384	FAST	57	58	0.07675344979601327	0.0	0	16.06526262511758	
385	FAST	57	59	0.08670683571689426	0.0	0	12.410232033589446	
386	FAST	57	60	0.13517757878562484	0.0	0	7.204815843075027	
387	FAST	57	61	0.17841704256717958	0.0	0	4.89518552977368	
388	FAST	57	63	0.384340773682992	0.048	3	3.432130451029938	
389	FAST	57	64	0.3412958770645092	0.048	1	6.352819084108194	
390	FAST	57	65	0.38984504348251814	0.048	2	3.340964054875983	
391	FAST	57	66	0.42780336506585737	0.048	0	2.732096613151015	
392	FAST	57	67	0.37333280038000694	0.048	0	4.266761563919839	
393	FAST	58	59	0.07200593315564248	0.0	0	20.128110523221626	
394	FAST	58	60	0.08743951295287825	0.0	0	13.395741193838893	
395	FAST	58	61	0.1310579211587018	0.0	0	8.630543274777214	
396	FAST	58	62	0.255370979338627	0.0	0	3.3194604292662255	
397	FAST	58	63	0.42867785119451274	0.048	1	2.409894359591598	
398	FAST	58	64	0.2815888030664809	0.048	0	23.471313300214046	
399	FAST	58	65	0.3403573143357273	0.048	0	6.595450247957868	
400	FAST	58	66	0.39043847436779794	0.048	0	3.754262756714645	
401	FAST	58	67	0.31576294598180515	0.048	0	10.13032804165475	
402	FAST	59	60	0.049577043098683535	0.0	0	22.66870230121217	
403	FAST	59	61	0.09281650299015765	0.0	0	11.211233666196563	
404	FAST	59	62	0.19190307683821625	0.0	0	5.306036559264698	
405	FAST	60	61	0.04366750880351709	0.0	0	27.105019991827827	
406	FAST	60	62	0.16798056309336168	0.0	0	7.999581648857001	
407	FAST	61	62	0.1284738884202208	0.0	0	11.642492430160907	
408	FAST	61	64	0.34189073151411264	0.048	1	6.915244993178656	
409	FAST	61	65	0.27660027650124386	0.048	0	28.485534664010494	
410	FAST	61	66	0.2846057362515169	0.048	0	19.16700035300314	
411	FAST	61	67	0.313713359586781	0.048	0	9.656063754660142	
412	FAST	62	64	0.4213812504185731	0.048	0	3.0729398138797004	
413	FAST	62	65	0.3530950978131749	0.048	0	6.317204814109243	
414	FAST	62	66	0.29304974429611425	0.048	0	16.61302005778288	
415	FAST	62	67	0.39218104977363377	0.048	0	3.756607066519371	
416	FAST	64	65	0.3208596406357785	0.048	0	10.554435377376926	
417	FAST	64	66	0.37832092189058875	0.048	0	4.395081276726669	
418	FAST	64	67	0.28711509697401516	0.048	0	19.315113432429946	
419	FAST	65	66	0.30802592284334046	0.048	0	13.499072091474325	
420	FAST	65	67	0.2869529669048198	0.048	0	21.167605052539578	
421	FAST	66	67	0.34723302916346765	0.048	0	6.293167680616023	
422	FAST	68	69	0.31961417983176404	0.048	0	10.220205591233897	
423	FAST	68	70	0.31025070892562745	0.048	0	10.131739323007931	
424	FAST	68	71	0.35282413558903386	0.048	0	5.680838981430596	
425	FAST	68	73	0.3499823949333256	0.048	2	6.258133968675732	
426	FAST	68	74	0.36326856556838494	0.048	3	5.689796827148494	
427	FAST	68	75	0.32293415966345773	0.048	4	9.823554494347293	
428	FAST	68	76	0.3043083788413486	0.048	0	11.52338234526576	
429	FAST	68	77	0.3277074185209801	0.048	0	8.377635611285548	
430	FAST	68	78	0.3537868345681008	0.048	0	5.798329812086998	
431	FAST	69	70	0.35016734253612003	0.048	0	7.031744893119941	
432	FAST	69	71	0.2889421904033205	0.048	0	18.127461579579556	
433	FAST	69	73	0.409725032299345	0.048	1	2.8752580685375304	
434	FAST	69	74	0.43146268347934347	0.048	1	2.5180081232970712	
435	FAST	69	75	0.3940090006189977	0.048	0	4.428338186106357	
436	FAST	69	76	0.375242522649161	0.048	0	4.268465331556761	
437	FAST	69	77	0.3880713581061336	0.048	0	3.813311792613496	
438	FAST	69	78	0.4118340394161036	0.048	0	3.802597089708164	
439	FAST	70	71	0.36321139206122	0.048	0	5.535847227602503	
440	FAST	70	73	0.39483539525942135	0.048	0	3.348722198253462	
441	FAST	70	74	0.39209968574495196	0.048	2	3.877051654086512	
442	FAST	70	75	0.3479917875872324	0.048	0	6.676163680089698	
443	FAST	70	76	0.3135398879049619	0.048	0	9.677835457223372	
444	FAST	70	77	0.29472060910445375	0.048	0	16.08698191928151	
445	FAST	70	78	0.31277550312885255	0.048	0	10.892026506419075	
446	FAST	71	75	0.4279180643201304	0.048	0	2.717239175556532	
447	FAST	71	76	0.404332513209376	0.048	1	2.9462414028592954	
448	FAST	71	77	0.40759504955365466	0.048	0	3.5410320332769802	
449	FAST	71	78	0.4282032219443983	0.048	0	2.7916299730378813	
450	FAST	72	73	0.14025606737595317	0.0	0	8.390540683796598	
451	FAST	72	74	0.08725546934826098	0.0	0	11.256804381798679	
452	FAST	72	75	0.06345545813248002	0.0	0	21.650346798771896	
453	FAST	72	76	0.04017865109099696	0.0	0	28.85058868351263	
454	FAST	72	77	0.04570755266690181	0.0	0	23.8075049506777	
455	FAST	72	78	0.06345764046771263	0.0	0	20.337472177504548	
456	FAST	73	74	0.05432577344421043	0.0	0	24.56536284851432	
457	FAST	73	75	0.11529474650005098	0.0	0	16.06566828979223	
458	FAST	73	76	0.1530252220284384	0.0	0	9.850406801437702	
459	FAST	73	77	0.19731463802204155	0.0	0	5.8741156793255325	
460	FAST	73	78	0.21506473749309424	0.0	0	5.495946873865288	
461	FAST	74	75	0.0623156956289603	0.0	0	21.246554043050097	
462	FAST	74	76	0.10004617115734774	0.0	0	10.922850664595778	
463	FAST	74	77	0.14433558326087026	0.0	0	7.478455050337327	
464	FAST	74	78	0.16208567884184233	0.0	0	6.79554682933672	
465	FAST	75	76	0.042285826075788555	0.0	0	28.295100747213297	
466	FAST	75	77	0.087860882596482	0.0	0	13.064765086816005	
467	FAST	75	78	0.10561097428737345	0.0	0	10.65458969720683	
468	FAST	76	77	0.06410468924890102	0.0	0	22.593015600146472	
469	FAST	76	78	0.08185477704971184	0.0	0	13.422863529265978	
470	FAST	77	78	0.02740920468246461	0.0	0	43.57855535815912	
471	FAST	21	79	0.31123510765183	0.0	260	1.5939856637815024	
472	FAST	19	79	0.2516082051627421	0.0	441	1.9490137699158931	
473	FAST	22	79	0.26244097495508584	0.0	356	1.5804105930672656	
474	FAST	17	80	0.22802323606993977	0.0	333	1.9171450541232415	
475	FAST	19	80	0.29624211632494724	0.0	424	1.3022134101805836	
476	FAST	21	80	0.25329396452931513	0.0	280	1.3292139088908648	
477	FAST	39	81	0.23778343663447052	0.0	274	2.6675939703059828	
478	FAST	38	81	0.292093537961809	0.0	398	1.635476953096987	
479	FAST	37	81	0.2706063906517601	0.0	370	1.46429106301125	
480	FAST	17	82	0.31218198783866136	0.0	304	1.5312944056593965	
481	FAST	19	82	0.30264963712685283	0.0	448	1.4120456930942495	
482	FAST	21	82	0.25455404843644863	0.0	317	1.7527373001457693	
483	FAST	39	83	0.1837456982452193	0.0	247	3.409818669591506	
484	FAST	38	83	0.2487982021924713	0.0	408	1.5934338316138832	
485	FAST	37	83	0.34220299269551957	0.0	402	1.1405479149834405	
