n_interc	
0	
0	
0	
0	
0	
0	
0	
0	
0	
0	
0	
0	
0	
0	
0	
0	
0	
0	
0	
0	
0	
0	
0	
0	
0	
0	
0	
0	
0	
0	
0	
0	
0	
0	
0	
0	
0	
0	
0	
0	
0	
0	
0	
0	
0	
0	
0	
0	
0	
0	
0	
0	
0	
0	
0	
0	
0	
0	
0	
0	
0	
0	
1	
1	
1	
1	
1	
1	
1	
1	
1	
1	
1	
2	
2	
2	
2	
3	
3	
3	
3	
3	
3	
3	
3	
4	
4	
5	
5	
5	
5	
6	
6	
6	
6	
6	
6	
7	
7	
7	
62	
63	
64	
67	
70	
72	
74	
77	
78	
80	
81	
82	
83	
86	
87	
89	
91	
92	
94	
95	
97	
99	
100	
101	
103	
104	
108	
108	
110	
113	
116	
117	
119	
121	
121	
124	
126	
128	
129	
131	
133	
137	
138	
140	
141	
143	
145	
148	
149	
150	
151	
153	
155	
157	
158	
160	
162	
164	
165	
167	
168	
169	
171	
173	
175	
177	
179	
181	
182	
183	
185	
187	
188	
190	
192	
193	
194	
196	
200	
201	
204	
205	
206	
207	
209	
211	
213	
215	
216	
218	
219	
221	
223	
226	
228	
228	
230	
232	
234	
235	
512	
515	
520	
524	
529	
532	
536	
540	
544	
548	
551	
554	
559	
560	
565	
571	
576	
578	
582	
586	
590	
594	
597	
605	
610	
613	
616	
622	
626	
630	
633	
637	
640	
643	
646	
651	
656	
657	
661	
665	
669	
672	
676	
678	
683	
686	
689	
693	
696	
700	
703	
706	
708	
712	
714	
716	
718	
723	
725	
728	
731	
733	
736	
738	
740	
742	
743	
744	
744	
746	
749	
749	
752	
754	
755	
757	
758	
760	
763	
764	
766	
767	
769	
771	
771	
772	
775	
776	
778	
778	
780	
782	
783	
784	
785	
786	
786	
787	
789	
790	
3275	
3280	
3282	
3287	
3293	
3297	
3299	
3301	
3304	
3304	
3311	
3311	
3317	
3319	
3325	
3326	
3330	
3333	
3335	
3342	
3343	
3346	
3353	
3360	
3361	
3367	
3373	
3378	
3381	
3385	
3388	
3392	
3395	
3398	
3399	
3403	
3408	
3409	
3414	
3419	
3423	
3423	
3430	
3431	
3436	
3440	
3446	
3448	
3454	
3458	
3459	
3461	
3464	
3468	
3471	
3474	
3475	
3479	
3479	
3481	
3488	
3491	
3494	
3500	
3503	
3507	
3509	
3515	
3517	
3517	
3519	
3522	
3523	
3525	
3527	
3528	
3530	
3532	
3535	
3538	
3542	
3545	
3547	
3547	
3549	
3551	
3555	
3557	
3558	
3559	
3561	
3562	
3564	
3568	
3568	
3570	
3574	
3575	
3579	
3581	
3051	
3055	
3056	
3057	
3060	
3060	
3060	
3061	
3062	
3062	
3065	
3066	
3067	
3069	
3072	
3073	
3074	
3075	
3075	
3076	
3076	
3078	
3079	
3081	
3084	
3085	
3087	
3088	
3090	
3091	
3092	
3094	
3097	
3099	
3101	
3103	
3104	
3106	
3106	
3109	
3112	
3113	
3115	
3116	
3120	
3121	
3124	
3125	
3130	
3132	
3133	
3136	
3137	
3139	
3139	
3142	
3144	
3146	
3148	
3150	
3150	
3151	
3152	
3155	
3157	
3158	
3159	
3160	
3161	
3162	
3164	
3166	
3168	
3171	
3173	
3173	
3174	
3174	
3175	
3175	
3178	
3179	
3182	
3182	
3182	
3183	
3186	
3186	
3187	
3187	
3187	
3188	
3190	
3195	
3196	
3199	
3202	
3202	
3204	
3206	
