id	type	l1	l2	friction	risk	count	acc	
1	FAST	1	2	0.02151630826214646	0.0	0	71.76211674947571	
2	FAST	1	3	0.027987052819351734	0.0	0	56.19116275103937	
3	FAST	1	4	0.07302656972007415	0.0	0	20.497380389232525	
4	FAST	1	5	0.10800269310982086	0.0	0	12.857001992937859	
5	FAST	1	6	0.2005826597473596	0.0	0	6.7029940146139255	
6	FAST	1	7	0.05791240055316788	0.0	0	34.97944214518455	
7	FAST	1	8	0.06855335822514483	0.0	0	22.0369010386481	
8	FAST	1	68	0.36490858423453987	0.048	0	7.92700617033633	
9	FAST	1	69	0.40115801759656244	0.048	0	5.661918783049503	
10	FAST	1	70	0.423550267947518	0.048	0	5.005907102175616	
11	FAST	1	71	0.44235053412726005	0.048	0	4.0499163689616235	
12	FAST	1	72	0.28733633203502157	0.0	0	6.7397528954644725	
13	FAST	1	73	0.1906077266698771	0.0	0	20.572921546887525	
14	FAST	1	74	0.20210142113627694	0.0	0	11.96845576561157	
15	FAST	1	75	0.2630703980821981	0.0	0	10.468355885717857	
16	FAST	1	76	0.3008008736105855	0.0	0	8.465092946650191	
17	FAST	1	77	0.3450902934942693	0.0	0	5.378398358899062	
18	FAST	1	78	0.36284036573475764	0.0	0	4.829395962094424	
19	FAST	2	3	0.007516752227496343	0.0	0	218.07141284580024	
20	FAST	2	4	0.05255626523813813	0.0	0	30.572473210297368	
21	FAST	2	5	0.08753238084772358	0.0	0	16.365844209553728	
22	FAST	2	6	0.18130277439888826	0.0	0	7.554073039466322	
23	FAST	2	7	0.06458409111532147	0.0	0	27.40555642741122	
24	FAST	2	8	0.04808305763328943	0.0	0	31.8873315571078	
25	FAST	2	23	0.24993272053144797	0.0	0	5.465748374881346	
26	FAST	2	68	0.36470401260312413	0.048	0	8.381992573436417	
27	FAST	2	69	0.391780317504476	0.048	0	6.908697471274958	
28	FAST	2	70	0.4257275325971185	0.048	0	4.998660811237421	
29	FAST	2	71	0.43263050137245695	0.048	0	4.454803986358327	
30	FAST	2	72	0.3002858035948819	0.0	0	6.202606783325362	
31	FAST	2	73	0.2035572098999793	0.0	0	15.622373804028625	
32	FAST	2	74	0.21505090436637914	0.0	0	9.666746665802206	
33	FAST	2	75	0.2760198696420584	0.0	0	8.926569684771602	
34	FAST	2	76	0.3137503451704458	0.0	0	7.760802439731711	
35	FAST	2	77	0.3580397650541296	0.0	0	5.671310183108204	
36	FAST	3	4	0.04596140765847902	0.0	0	34.17762065763026	
37	FAST	3	5	0.08093752715814509	0.0	0	17.791843316711255	
38	FAST	3	6	0.18231210638901338	0.0	0	7.9405431314779005	
39	FAST	3	7	0.06852057262560743	0.0	0	24.922594931366945	
40	FAST	3	8	0.04148820394371095	0.0	0	37.77439512328741	
41	FAST	3	23	0.253869190371492	0.0	0	5.526906079174818	
42	FAST	3	68	0.3624783762095865	0.048	0	9.244335740907314	
43	FAST	3	69	0.3866275625916361	0.048	0	7.24669597882857	
44	FAST	3	70	0.424054534998753	0.048	0	4.851119532803677	
45	FAST	3	71	0.42731742112785376	0.048	0	4.9179900183402125	
46	FAST	3	72	0.30422229677540974	0.0	0	6.3130075295095365	
47	FAST	3	73	0.20749369141026527	0.0	0	14.72460943682708	
48	FAST	3	74	0.2189873742064232	0.0	0	9.783113104620735	
49	FAST	3	75	0.27995636282258624	0.0	0	8.812713362541722	
50	FAST	3	76	0.3176868383509737	0.0	0	7.670967303072105	
51	FAST	3	77	0.36197625823465746	0.0	0	4.882700410506344	
52	FAST	4	5	0.03612179881582182	0.0	0	43.12253255274873	
53	FAST	4	6	0.131309053093839	0.0	0	11.741187668031221	
54	FAST	4	7	0.11268187659387058	0.0	0	15.45129062665281	
55	FAST	4	8	0.007503043583361338	0.0	0	290.64056535113247	
56	FAST	4	9	0.19906910328632327	0.0	0	6.753356261301814	
57	FAST	4	23	0.20219244902298494	0.0	0	6.761096232919883	
58	FAST	4	24	0.1883962275027891	0.0	0	6.619788625529964	
59	FAST	4	68	0.38518730849483807	0.048	0	6.9124358499709455	
60	FAST	4	69	0.38862564188147486	0.048	0	6.778055930545288	
61	FAST	4	71	0.42626530464684514	0.048	0	4.581601573793587	
62	FAST	4	73	0.25165497981820595	0.0	0	8.834865128112003	
63	FAST	4	74	0.26314868595484764	0.0	0	6.302613889975637	
64	FAST	4	75	0.32411765123052694	0.0	0	6.572275686947513	
65	FAST	4	76	0.36184812675891437	0.0	0	5.271807657973465	
66	FAST	5	6	0.09695465406038882	0.0	0	17.124338177704182	
67	FAST	5	7	0.1480079633072034	0.0	0	11.19633970153314	
68	FAST	5	8	0.04282913807685543	0.0	0	36.921624716302	
69	FAST	5	9	0.1647147042528731	0.0	319	8.25269875559697	
70	FAST	5	10	0.20580158024837855	0.0	15	6.146327647011762	
71	FAST	5	11	0.315176425388388	0.0	1	5.620015275811471	
72	FAST	5	23	0.1678380499895348	0.0	2	7.871033588779607	
73	FAST	5	24	0.1540418323594195	0.0	9	7.712376910221585	
74	FAST	5	25	0.21818540685428356	0.0	1907	2.8250898155313866	
75	FAST	5	68	0.41072317596004826	0.048	181	5.263995477334184	
76	FAST	5	69	0.4016265693558544	0.048	37	5.756182128987822	
77	FAST	5	71	0.4354848530175842	0.048	2028	2.023683404511527	
78	FAST	5	73	0.2869810937621032	0.0	0	6.823313057018846	
79	FAST	5	74	0.2984747765582611	0.0	0	4.8037837744994105	
80	FAST	5	75	0.3594437418339404	0.0	0	4.9551976808312475	
81	FAST	6	7	0.22348282140222536	0.0	0	6.375131264979365	
82	FAST	6	8	0.1367366608602571	0.0	0	11.205437274548824	
83	FAST	6	9	0.07023925303818712	0.0	0	19.396503169763083	
84	FAST	6	10	0.11132612125353132	0.0	0	12.24303370001178	
85	FAST	6	11	0.2207009547232989	0.0	0	8.379472171450741	
86	FAST	6	12	0.25762382228263525	0.0	0	6.280769538320447	
87	FAST	6	23	0.1142018866986697	0.0	0	12.155462349733234	
88	FAST	6	24	0.1001154807239066	0.0	0	13.727831950890499	
89	FAST	6	25	0.16454923189317652	0.0	0	9.543421393963202	
90	FAST	6	26	0.15947391760864105	0.0	0	8.271450171120557	
91	FAST	7	8	0.10798518774699241	0.0	0	16.55931017098271	
92	FAST	7	23	0.2485729428477388	0.0	0	5.787701821142497	
93	FAST	7	24	0.2631165461086946	0.0	0	5.4530526398636265	
94	FAST	7	68	0.40415430617655823	0.048	0	5.764665857141714	
95	FAST	7	69	0.4403988038214797	0.048	0	4.171311668580415	
96	FAST	7	72	0.25068690991330783	0.0	0	5.840903015307279	
97	FAST	7	73	0.15395831621840525	0.0	0	14.66142850147661	
98	FAST	7	74	0.16545201068480506	0.0	0	10.483845793916231	
99	FAST	7	75	0.22642097596048436	0.0	0	8.358967787732844	
100	FAST	7	76	0.26415145148887176	0.0	0	5.982540925456891	
101	FAST	8	9	0.20593583471103105	0.0	244	5.55888489593977	
102	FAST	8	23	0.20905918044769273	0.0	1	6.769188494613601	
103	FAST	8	24	0.19526296281757746	0.0	7	6.786184248663073	
104	FAST	8	68	0.381788758681206	0.048	162	6.5202313995840875	
105	FAST	8	69	0.3874760334580042	0.048	19	6.328378337534159	
106	FAST	8	71	0.4256121061407696	0.048	71	4.714395338631134	
107	FAST	8	72	0.34401116178742613	0.0	0	4.688063788037401	
108	FAST	8	73	0.2472825797627654	0.0	0	9.35413908484308	
109	FAST	8	74	0.25877625866884274	0.0	0	6.9174275220344885	
110	FAST	8	75	0.3197452278346027	0.0	0	6.634578886474115	
111	FAST	8	76	0.3574757033629901	0.0	0	5.350651255819636	
112	FAST	9	10	0.042910483552879006	0.0	0	36.85162449787391	
113	FAST	9	11	0.15228532869288847	0.0	0	13.756294689217054	
114	FAST	9	12	0.18920818458198294	0.0	0	9.239956608694051	
115	FAST	9	13	0.22995744825989792	0.0	0	6.819807133335854	
116	FAST	9	14	0.25331769753086336	0.0	0	5.437356171544752	
117	FAST	9	15	0.24757465090643752	0.0	0	5.59368343906155	
118	FAST	9	23	0.17921559053844677	0.0	0	10.094183447334384	
119	FAST	9	24	0.16512918067360308	0.0	0	12.134683448418206	
120	FAST	9	25	0.17977600333395677	0.0	0	12.457755548939764	
121	FAST	9	26	0.09105827990798876	0.0	0	18.311531861649556	
122	FAST	9	27	0.17848346569391205	0.0	0	8.805623730993366	
123	FAST	9	29	0.1855811706559399	0.0	564	6.97672512018865	
124	FAST	10	11	0.10937484514000945	0.0	0	14.236874262329888	
125	FAST	10	12	0.1462977010291039	0.0	0	10.627832602941337	
126	FAST	10	13	0.18704696470701887	0.0	0	8.57156161321159	
127	FAST	10	14	0.21040721786806496	0.0	0	6.7237735038302775	
128	FAST	10	15	0.2046641673535585	0.0	0	6.450070359377732	
129	FAST	10	16	0.20323672949747695	0.0	0	5.426666091058737	
130	FAST	10	23	0.213153638132304	0.0	0	8.910674455329303	
131	FAST	10	24	0.199016878953885	0.0	0	9.9152909275146	
132	FAST	10	25	0.13705416535107862	0.0	0	12.91705748333463	
133	FAST	10	26	0.04814779635510974	0.0	0	32.25886599063035	
134	FAST	10	27	0.1355729938112749	0.0	1	14.190240202797632	
135	FAST	10	29	0.14267068710306088	0.0	14	12.50084833129063	
136	FAST	11	12	0.0364924262477068	0.0	0	40.56694879912715	
137	FAST	11	13	0.07678160230952209	0.0	0	19.831374960061268	
138	FAST	11	14	0.1121667443368769	0.0	0	12.905941073064804	
139	FAST	11	15	0.13120902745063714	0.0	0	11.102978663452593	
140	FAST	11	16	0.21670056307836655	0.0	0	7.926803624115806	
141	FAST	11	24	0.31300570982660975	0.0	0	5.2406995637543945	
142	FAST	11	25	0.2510430001138839	0.0	0	5.975223087298555	
143	FAST	11	26	0.0629029032998397	0.0	0	22.584119211001152	
144	FAST	11	27	0.15032809297584365	0.0	0	8.472505533240394	
145	FAST	11	29	0.1574258018279521	0.0	1	8.333937873722103	
146	FAST	11	31	0.2612748846871239	0.0	0	5.692218046136594	
147	FAST	12	13	0.041186765485885346	0.0	0	38.26203765640349	
148	FAST	12	14	0.0765719114033208	0.0	0	18.956242888546868	
149	FAST	12	15	0.09561419451708102	0.0	0	16.049270587862324	
150	FAST	12	16	0.14372326122945295	0.0	0	10.391903132038905	
151	FAST	12	26	0.09403059326424705	0.0	0	16.661491510048617	
152	FAST	12	27	0.1814557907204122	0.0	0	7.532471587668502	
153	FAST	12	29	0.18855348401219818	0.0	0	7.459957221642717	
154	FAST	12	31	0.19481717124778766	0.0	0	6.7083042883814965	
155	FAST	13	14	0.035643937421330284	0.0	0	39.569949774768546	
156	FAST	13	15	0.05468622442517113	0.0	0	29.522048255215395	
157	FAST	13	16	0.10279528335738179	0.0	0	14.738212079319338	
158	FAST	13	26	0.13496519205354798	0.0	0	12.210371539694506	
159	FAST	13	27	0.22239038950971318	0.0	0	7.09809076957626	
160	FAST	13	29	0.22948808669157972	0.0	0	6.789147163670926	
161	FAST	13	31	0.15388919337571655	0.0	0	9.006794029299474	
162	FAST	14	15	0.019130319528464904	0.0	0	83.78586481359663	
163	FAST	14	16	0.06723938624083681	0.0	0	23.250840093053004	
164	FAST	14	26	0.1630868027618412	0.0	0	10.11122980318381	
165	FAST	14	27	0.2503014029230186	0.0	0	6.417577705212848	
166	FAST	14	29	0.25739912344536897	0.0	0	6.0252459343049685	
167	FAST	14	31	0.1183333001492522	0.0	0	12.152686122348452	
168	FAST	14	32	0.21194727355834295	0.0	0	6.257171345982361	
169	FAST	15	16	0.048585982817270716	0.0	0	33.35623597926386	
170	FAST	15	26	0.15747477794306555	0.0	0	9.072986367421795	
171	FAST	15	27	0.244689378104243	0.0	0	6.598016729330373	
172	FAST	15	29	0.25178707528610955	0.0	0	6.761801671066224	
173	FAST	15	31	0.09967989283560547	0.0	0	15.385806960490104	
174	FAST	15	32	0.1932938779149381	0.0	0	6.8237011694810965	
175	FAST	16	26	0.15613073174541822	0.0	0	7.692870265484916	
176	FAST	16	27	0.24334533190659563	0.0	0	6.687200353757829	
177	FAST	16	29	0.250443052428946	0.0	0	6.43113885929839	
178	FAST	16	31	0.05291526521902438	0.0	0	30.35828548184519	
179	FAST	16	32	0.14652924640827636	0.0	0	9.813855951191073	
180	FAST	17	18	0.144492633596006	0.0	0	10.03245273312074	
181	FAST	17	19	0.20948451408345695	0.0	0	7.66025062338419	
182	FAST	17	20	0.22112509410431017	0.0	0	5.956142014566213	
183	FAST	17	21	0.2301959607734761	0.0	0	6.862461138715874	
184	FAST	18	19	0.06547912086633792	0.0	0	27.037908719718864	
185	FAST	18	20	0.07711971255743301	0.0	0	21.78454977671664	
186	FAST	18	21	0.08619056366627643	0.0	0	18.067891947747544	
187	FAST	18	22	0.11826343430116347	0.0	0	14.987761638752353	
188	FAST	18	23	0.2031332533527576	0.0	0	6.978607388024262	
189	FAST	18	24	0.21725088889480668	0.0	0	6.354454014740142	
190	FAST	19	20	0.0557718564567446	0.0	0	25.82036393390423	
191	FAST	19	21	0.020826386902350846	0.0	0	79.65401608434388	
192	FAST	19	22	0.052899253647157266	0.0	0	29.28324576135416	
193	FAST	19	23	0.18178540114214978	0.0	0	7.2491724136045725	
194	FAST	19	24	0.19590302501395698	0.0	0	7.101608076587615	
195	FAST	19	25	0.25918542512951476	0.0	0	6.049608084041464	
196	FAST	20	21	0.051960300995763854	0.0	0	26.903044867777762	
197	FAST	20	22	0.057609725049702395	0.0	0	30.339752043463903	
198	FAST	20	23	0.12831906321120456	0.0	0	12.101688078264221	
199	FAST	20	24	0.14243669875325368	0.0	0	11.279142307071663	
200	FAST	20	25	0.20571908719856957	0.0	0	8.267718813939775	
201	FAST	21	22	0.03241731782414188	0.0	0	51.49252660969368	
202	FAST	21	23	0.177942145414127	0.0	0	8.066161001751647	
203	FAST	21	24	0.1920597848462567	0.0	0	7.536508261618312	
204	FAST	21	25	0.25534216940149196	0.0	0	6.4952035691818475	
205	FAST	22	23	0.18354915202889183	0.0	3	9.128736748382023	
206	FAST	22	24	0.19766678757094094	0.0	16	8.97910416436788	
207	FAST	22	25	0.2609491876864987	0.0	614	7.025414438960195	
208	FAST	23	24	0.014785710209034767	0.0	0	102.03549551415664	
209	FAST	23	25	0.07806810643451191	0.0	0	19.923320600449593	
210	FAST	23	26	0.26582657077857297	0.0	0	5.89424452982844	
211	FAST	24	25	0.06401010971857911	0.0	0	22.737095718362	
212	FAST	24	26	0.25176857017255955	0.0	0	6.60865361926775	
213	FAST	24	27	0.3391937559584829	0.0	0	5.0645746407779235	
214	FAST	25	26	0.1896613206239994	0.0	0	8.668708870414115	
215	FAST	25	27	0.2770865064099227	0.0	0	7.351947704252283	
216	FAST	25	29	0.28418422304219243	0.0	27	7.264506964247729	
217	FAST	25	30	0.4521379951502652	0.0	1272	3.4642375733973685	
218	FAST	26	27	0.08793642018212716	0.0	0	16.473773057301866	
219	FAST	26	29	0.09503412125407436	0.0	0	14.429028888175255	
220	FAST	26	31	0.2001531209344359	0.0	0	5.970173930133044	
221	FAST	27	29	0.009295402123045745	0.0	0	187.25129498838015	
222	FAST	27	30	0.1772491897914411	0.0	1	7.7426442722784685	
223	FAST	27	31	0.28774323446876776	0.0	0	5.926999336462496	
224	FAST	28	30	0.15944353607893208	0.0	98	11.252217762057443	
225	FAST	29	30	0.16795380711879848	0.0	0	7.552830336413115	
226	FAST	29	31	0.2954023675373496	0.0	0	5.73019522155549	
227	FAST	31	32	0.09361397729917137	0.0	0	15.355191107334116	
228	FAST	31	33	0.20448155529861253	0.0	0	5.890741196140669	
229	FAST	32	33	0.11533800808672107	0.0	0	12.88838281307032	
230	FAST	32	34	0.21282922874836685	0.0	0	5.263137055467142	
231	FAST	32	35	0.1856925008734483	0.0	0	7.404695842004507	
232	FAST	33	34	0.09994297898851423	0.0	0	15.694962533459636	
233	FAST	33	35	0.08939985684434527	0.0	0	19.27182548662202	
234	FAST	33	36	0.23577195177538954	0.0	0	5.604362482222307	
235	FAST	33	43	0.21187265792180676	0.0	0	6.2758006631937935	
236	FAST	33	44	0.23313834384937832	0.0	0	5.749742123968359	
237	FAST	34	35	0.07425086367565223	0.0	0	20.444325388739664	
238	FAST	34	36	0.22119958914834686	0.0	0	6.015238520560698	
239	FAST	34	40	0.21309968660406667	0.0	3	6.065052256032297	
240	FAST	34	41	0.19701331626663482	0.0	0	6.736169144448479	
241	FAST	34	42	0.19652467156864095	0.0	0	9.733165905475376	
242	FAST	34	43	0.11495453171851999	0.0	0	14.972410729145686	
243	FAST	34	44	0.1362202176460916	0.0	0	12.558244685882364	
244	FAST	34	45	0.17083477360173724	0.0	0	10.357173256177164	
245	FAST	34	46	0.1415772009986984	0.0	0	11.02035938818611	
246	FAST	34	47	0.2729031837234328	0.0	0	6.275787105343366	
247	FAST	34	48	0.30365908701192784	0.0	0	5.310006031142168	
248	FAST	34	49	0.2550983585980977	0.0	0	5.860743937776906	
249	FAST	34	63	0.41350450727089905	0.048	3	5.646315908232664	
250	FAST	35	36	0.15314777123847956	0.0	0	9.80874094500518	
251	FAST	35	37	0.18349454307702828	0.0	8	6.93893497718566	
252	FAST	35	40	0.18010409662424917	0.0	0	7.2903274751947595	
253	FAST	35	41	0.1906017709564348	0.0	0	7.130415825431471	
254	FAST	35	42	0.2441990567814982	0.0	0	7.99654393467097	
255	FAST	35	43	0.16262891693137727	0.0	8	8.338684905442074	
256	FAST	35	44	0.18389460285894885	0.0	0	7.5437096006239805	
257	FAST	35	45	0.21850915881459448	0.0	0	5.794148523266499	
258	FAST	35	46	0.18925158232147501	0.0	0	6.469699810613823	
259	FAST	36	37	0.03814278128412667	0.0	0	40.212914608221695	
260	FAST	36	38	0.11676273844668511	0.0	0	15.33708234460667	
261	FAST	36	39	0.19725989680743664	0.0	0	6.800108303498383	
262	FAST	36	40	0.1635373363399172	0.0	0	12.565437371813092	
263	FAST	36	41	0.3269651669101407	0.0	0	8.882298756595555	
264	FAST	36	42	0.39092006082427827	0.0	0	5.194294206310822	
265	FAST	37	38	0.08093381602122546	0.0	0	25.641521073945068	
266	FAST	37	39	0.15061684588073954	0.0	0	10.346082415519685	
267	FAST	37	40	0.14019839693063493	0.0	933	12.959205313146388	
268	FAST	37	41	0.3579232571393046	0.0	5	9.142686979995883	
269	FAST	37	42	0.4218781277129583	0.0	0	5.030476201736845	
270	FAST	38	39	0.08372419808664779	0.0	0	18.676193571407865	
271	FAST	38	40	0.11208962348841593	0.0	297	15.061487964800346	
272	FAST	38	41	0.40779445257479646	0.0	6	8.74279772823306	
273	FAST	38	42	0.46110764581155694	0.0	0	4.681358258463118	
274	FAST	39	40	0.19341849275779302	0.0	1274	5.930566809815648	
275	FAST	39	41	0.48912332573425416	0.0	30	4.88320220915209	
276	FAST	40	41	0.2986730228472532	0.0	0	37.647165424915045	
277	FAST	40	42	0.3519861888534493	0.0	0	9.627807265663693	
278	FAST	40	43	0.30170619262486453	0.0	2496	2.46997936903173	
279	FAST	41	42	0.25357444285234754	0.0	0	14.645096363834785	
280	FAST	41	43	0.20648708636666077	0.0	39	6.381434168318174	
281	FAST	41	44	0.22937622353302517	0.0	2	5.8083628302793855	
282	FAST	41	46	0.2310540153081182	0.0	0	6.20732192043331	
283	FAST	42	43	0.11780820928584947	0.0	0	13.776800017717221	
284	FAST	42	44	0.13084020112608316	0.0	0	11.43647526543005	
285	FAST	42	45	0.16679591294946913	0.0	0	8.312558865297648	
286	FAST	42	46	0.1325179929011762	0.0	0	12.841304743911467	
287	FAST	42	47	0.24937123796376515	0.0	0	5.7182238797032925	
288	FAST	42	49	0.20710935144416465	0.0	0	6.06213706288547	
289	FAST	43	44	0.023101644490940768	0.0	0	73.80585605652391	
290	FAST	43	45	0.05771618877634452	0.0	0	25.503994305891474	
291	FAST	43	46	0.0288340089539606	0.0	0	59.49550900311751	
292	FAST	43	47	0.159784610568282	0.0	0	12.038988446322325	
293	FAST	43	48	0.19054051385677703	0.0	0	8.762146071473671	
294	FAST	43	49	0.14197978544294687	0.0	0	12.708024760486055	
295	FAST	43	63	0.3923885515678148	0.048	2534	2.0408876277360104	
296	FAST	44	45	0.03650977211722949	0.0	0	41.56426030897054	
297	FAST	44	46	0.02575993886862073	0.0	0	68.05395322235525	
298	FAST	44	47	0.14086488833480484	0.0	0	15.024230042451133	
299	FAST	44	48	0.171620779953058	0.0	0	11.370418721554229	
300	FAST	44	49	0.12306006320946969	0.0	0	15.42569002120711	
301	FAST	44	50	0.2795338767258421	0.0	0	6.004345482946378	
302	FAST	44	54	0.4062621031342436	0.0	0	5.106021156864417	
303	FAST	44	63	0.3774616757931424	0.048	2	6.758078180643293	
304	FAST	45	46	0.05900224943214269	0.0	0	29.83080533873665	
305	FAST	45	47	0.11029916330807826	0.0	0	26.93507995035059	
306	FAST	45	48	0.1410550549263314	0.0	0	17.01741963098907	
307	FAST	45	49	0.07388850655518356	0.0	0	24.628668013409623	
308	FAST	45	50	0.2303623317417979	0.0	0	7.43645456057021	
309	FAST	45	52	0.29512067512879453	0.0	0	5.877985493714235	
310	FAST	45	53	0.3237251926661545	0.0	0	5.498480370523677	
311	FAST	45	54	0.3570905581501994	0.0	0	6.421322087397759	
312	FAST	45	56	0.4526480314016355	0.0	0	4.821746842491594	
313	FAST	45	63	0.3512879165346726	0.048	0	8.976432577877688	
314	FAST	46	47	0.15177768484110474	0.0	0	13.740507390444947	
315	FAST	46	48	0.1825335725692773	0.0	0	9.484017056808852	
316	FAST	46	49	0.1095157983215043	0.0	0	14.066028718362604	
317	FAST	47	48	0.033308403033401005	0.0	0	54.81022877721897	
318	FAST	47	49	0.04335293354340888	0.0	0	43.31932832493587	
319	FAST	47	50	0.13698732987579948	0.0	0	12.8925190443051	
320	FAST	47	51	0.1911754722673719	0.0	0	7.3563380641767795	
321	FAST	47	52	0.21128708019471065	0.0	0	8.56095965856269	
322	FAST	47	53	0.2398915977320707	0.0	0	8.719012405384111	
323	FAST	47	54	0.2732569865565993	0.0	0	8.471391127349424	
324	FAST	47	56	0.3688144364675517	0.0	0	5.2722442618233085	
325	FAST	47	63	0.32931771848225994	0.048	0	12.196575597893187	
326	FAST	48	49	0.07429681330803665	0.0	0	30.625712139561347	
327	FAST	48	50	0.10466340899746844	0.0	0	16.732163482104976	
328	FAST	48	51	0.15885155138904086	0.0	0	9.842556082829077	
329	FAST	48	52	0.17896317098662154	0.0	0	10.547212701386995	
330	FAST	48	53	0.2075677001942234	0.0	0	10.074586930829641	
331	FAST	48	54	0.2409330695683489	0.0	0	10.455997660284668	
332	FAST	48	55	0.31065396158262065	0.0	0	4.853889151127975	
333	FAST	48	56	0.33649051558922066	0.0	0	5.774939027562191	
334	FAST	48	63	0.33176830010421277	0.048	0	12.336975015032918	
335	FAST	49	50	0.1566683642287674	0.0	0	10.28391562589912	
336	FAST	49	51	0.1845573986865216	0.0	0	6.975782342347678	
337	FAST	49	52	0.22142669594552217	0.0	0	6.686601908021529	
338	FAST	49	53	0.25003121348288215	0.0	0	6.825111083455703	
339	FAST	49	54	0.28339660619749146	0.0	0	6.954316193998063	
340	FAST	50	51	0.08115968188268026	0.0	0	22.738472315445748	
341	FAST	50	52	0.07399500529255132	0.0	0	29.337571823882154	
342	FAST	50	53	0.10259952671999197	0.0	0	21.456361501301355	
343	FAST	50	54	0.13596489609411744	0.0	0	14.956765106695784	
344	FAST	50	55	0.20568579977863108	0.0	0	7.580504316843682	
345	FAST	50	56	0.2315223537852311	0.0	0	7.058954398969386	
346	FAST	50	57	0.28310399822269255	0.0	0	4.561532712544763	
347	FAST	51	52	0.0866936794642085	0.0	0	17.19811112448014	
348	FAST	51	53	0.1152981970015685	0.0	0	12.465836226573915	
349	FAST	51	54	0.14866356637569397	0.0	0	9.41656888379225	
350	FAST	51	55	0.21838445838996573	0.0	0	5.695749253914684	
351	FAST	51	56	0.2442210123965657	0.0	0	5.474250863511385	
352	FAST	52	53	0.027119747672974932	0.0	0	50.376955741250725	
353	FAST	52	54	0.06466182659652175	0.0	0	23.159335311587	
354	FAST	52	55	0.13438272639095475	0.0	0	10.480712096685238	
355	FAST	52	56	0.16021928039755476	0.0	0	9.668628140235223	
356	FAST	52	57	0.2118009365052582	0.0	0	6.305165026867399	
357	FAST	53	54	0.03255763303241363	0.0	0	45.36072188085879	
358	FAST	53	55	0.1392847375834884	0.0	0	12.800830258462746	
359	FAST	53	56	0.12811509072352725	0.0	0	12.7433954036116	
360	FAST	53	57	0.1796967429411501	0.0	0	8.271357303545807	
361	FAST	53	58	0.2558494359154547	0.0	0	5.304475704390092	
362	FAST	53	63	0.337184139804537	0.048	0	11.392877237372826	
363	FAST	54	55	0.09882882488577224	0.0	0	14.466942692441341	
364	FAST	54	56	0.09594506921502285	0.0	0	19.135971288760572	
365	FAST	54	57	0.14752673699296817	0.0	0	10.222658856573375	
366	FAST	54	58	0.2236794182970309	0.0	0	6.119722884539101	
367	FAST	54	59	0.23363279643775064	0.0	0	5.794429238627508	
368	FAST	54	63	0.31193667033525635	0.048	0	16.75783694155926	
369	FAST	55	56	0.10245118238530287	0.0	0	22.7971760661469	
370	FAST	55	57	0.11688081406400345	0.0	0	16.510357088943962	
371	FAST	55	58	0.19303349536806622	0.0	0	8.767676518703114	
372	FAST	55	59	0.15404239253103003	0.0	0	9.69120527747545	
373	FAST	55	60	0.199998124561872	0.0	0	6.373223039022584	
374	FAST	55	61	0.21647929140213404	0.0	0	5.676503789172593	
375	FAST	56	57	0.051750960196819136	0.0	0	28.368090108715485	
376	FAST	56	58	0.12790363761080126	0.0	0	11.592827128492836	
377	FAST	56	59	0.1378570196416016	0.0	0	10.278262563038949	
378	FAST	56	60	0.1863277627103322	0.0	0	6.715054384845883	
379	FAST	56	61	0.2295672264918869	0.0	0	5.197323622212857	
380	FAST	56	63	0.3399620284812417	0.048	0	11.71507295400158	
381	FAST	56	64	0.38634472259083835	0.048	0	6.4044165678545095	
382	FAST	56	65	0.43919115018064	0.048	0	4.055881931965083	
383	FAST	56	67	0.42103726473208475	0.048	0	4.761315372049193	
384	FAST	57	58	0.07675344979601327	0.0	0	22.57203850747534	
385	FAST	57	59	0.08670683571689426	0.0	0	17.7060172046892	
386	FAST	57	60	0.13517757878562484	0.0	0	11.12526854356289	
387	FAST	57	61	0.17841704256717958	0.0	0	7.980400420442021	
388	FAST	57	63	0.384340773682992	0.048	0	6.68638861717181	
389	FAST	57	64	0.3412958770645092	0.048	0	10.19405377729319	
390	FAST	57	65	0.38984504348251814	0.048	0	6.083255578328422	
391	FAST	57	66	0.42780336506585737	0.048	0	5.171308868261373	
392	FAST	57	67	0.37333280038000694	0.048	0	8.126731173459547	
393	FAST	58	59	0.07200593315564248	0.0	0	27.82531522556266	
394	FAST	58	60	0.08743951295287825	0.0	0	18.460214844186	
395	FAST	58	61	0.1310579211587018	0.0	0	11.329710624662082	
396	FAST	58	62	0.255370979338627	0.0	0	5.8327590369414075	
397	FAST	58	63	0.42867785119451274	0.048	0	4.609322789843422	
398	FAST	58	64	0.2815888030664809	0.048	0	32.47250950058094	
399	FAST	58	65	0.3403573143357273	0.048	0	11.055216209458164	
400	FAST	58	66	0.39043847436779794	0.048	0	6.452919411177975	
401	FAST	58	67	0.31576294598180515	0.048	0	15.20228925151932	
402	FAST	59	60	0.049577043098683535	0.0	0	29.81342371225835	
403	FAST	59	61	0.09281650299015765	0.0	0	17.577600125606025	
404	FAST	59	62	0.19190307683821625	0.0	0	8.555101955440838	
405	FAST	60	61	0.04366750880351709	0.0	0	39.09252252752631	
406	FAST	60	62	0.16798056309336168	0.0	0	10.369505356642957	
407	FAST	61	62	0.1284738884202208	0.0	0	15.611240683808036	
408	FAST	61	64	0.34189073151411264	0.048	0	10.374564418798334	
409	FAST	61	65	0.27660027650124386	0.048	0	41.790930258484	
410	FAST	61	66	0.2846057362515169	0.048	0	29.844855832185807	
411	FAST	61	67	0.313713359586781	0.048	0	16.198290417636304	
412	FAST	62	64	0.4213812504185731	0.048	0	4.746760764518544	
413	FAST	62	65	0.3530950978131749	0.048	0	9.146191600689033	
414	FAST	62	66	0.29304974429611425	0.048	0	24.570821255525882	
415	FAST	62	67	0.39218104977363377	0.048	0	6.32160305799922	
416	FAST	64	65	0.3208596406357785	0.048	0	14.241961508422452	
417	FAST	64	66	0.37832092189058875	0.048	0	6.93731009193324	
418	FAST	64	67	0.28711509697401516	0.048	0	27.627344031154816	
419	FAST	65	66	0.30802592284334046	0.048	0	17.36192550860464	
420	FAST	65	67	0.2869529669048198	0.048	0	28.023396784704524	
421	FAST	66	67	0.34723302916346765	0.048	0	10.046007390140737	
422	FAST	68	69	0.31961417983176404	0.048	0	14.578557582930792	
423	FAST	68	70	0.31025070892562745	0.048	0	17.532735955297973	
424	FAST	68	71	0.35282413558903386	0.048	0	8.972959313825935	
425	FAST	68	73	0.3499823949333256	0.048	0	10.199013353388981	
426	FAST	68	74	0.36326856556838494	0.048	0	7.917965365906519	
427	FAST	68	75	0.32293415966345773	0.048	0	13.832395307380722	
428	FAST	68	76	0.3043083788413486	0.048	0	20.233054825775575	
429	FAST	68	77	0.3277074185209801	0.048	0	12.896075558734122	
430	FAST	68	78	0.3537868345681008	0.048	0	9.414235819555936	
431	FAST	69	70	0.35016734253612003	0.048	0	10.321675110826778	
432	FAST	69	71	0.2889421904033205	0.048	0	27.26111940330492	
433	FAST	69	73	0.409725032299345	0.048	0	5.692753299076061	
434	FAST	69	74	0.43146268347934347	0.048	0	4.606525731319235	
435	FAST	69	75	0.3940090006189977	0.048	0	6.18464004539595	
436	FAST	69	76	0.375242522649161	0.048	0	7.087891860771464	
437	FAST	69	77	0.3880713581061336	0.048	0	6.950295821442327	
438	FAST	69	78	0.4118340394161036	0.048	0	5.429182061642966	
439	FAST	70	71	0.36321139206122	0.048	0	8.65479958491159	
440	FAST	70	73	0.39483539525942135	0.048	0	6.138140618383165	
441	FAST	70	74	0.39209968574495196	0.048	0	6.052444895640129	
442	FAST	70	75	0.3479917875872324	0.048	0	9.699251832842148	
443	FAST	70	76	0.3135398879049619	0.048	0	15.934672452008174	
444	FAST	70	77	0.29472060910445375	0.048	0	23.8116940608675	
445	FAST	70	78	0.31277550312885255	0.048	0	17.386006892762293	
446	FAST	71	75	0.4279180643201304	0.048	0	4.897492194717525	
447	FAST	71	76	0.404332513209376	0.048	0	5.765474292179697	
448	FAST	71	77	0.40759504955365466	0.048	0	6.028597957851056	
449	FAST	71	78	0.4282032219443983	0.048	0	4.477768645814736	
450	FAST	72	73	0.14025606737595317	0.0	0	12.392540486808356	
451	FAST	72	74	0.08725546934826098	0.0	0	16.107185911634257	
452	FAST	72	75	0.06345545813248002	0.0	0	27.78817772742851	
453	FAST	72	76	0.04017865109099696	0.0	0	38.74042760472103	
454	FAST	72	77	0.04570755266690181	0.0	0	34.39392626516159	
455	FAST	72	78	0.06345764046771263	0.0	0	28.05054795764608	
456	FAST	73	74	0.05432577344421043	0.0	0	34.028266927749236	
457	FAST	73	75	0.11529474650005098	0.0	0	24.435629455516505	
458	FAST	73	76	0.1530252220284384	0.0	0	15.003865783920979	
459	FAST	73	77	0.19731463802204155	0.0	0	9.487706514736763	
460	FAST	73	78	0.21506473749309424	0.0	0	7.661522530444581	
461	FAST	74	75	0.0623156956289603	0.0	0	30.22995200828946	
462	FAST	74	76	0.10004617115734774	0.0	0	16.525683413472237	
463	FAST	74	77	0.14433558326087026	0.0	0	11.144485991883776	
464	FAST	74	78	0.16208567884184233	0.0	0	9.320854815542956	
465	FAST	75	76	0.042285826075788555	0.0	0	38.68984413645863	
466	FAST	75	77	0.087860882596482	0.0	0	16.57164154936151	
467	FAST	75	78	0.10561097428737345	0.0	0	13.720658230584968	
468	FAST	76	77	0.06410468924890102	0.0	0	32.06750063215308	
469	FAST	76	78	0.08185477704971184	0.0	0	20.685090269663185	
470	FAST	77	78	0.02740920468246461	0.0	0	50.93032311224231	
471	FAST	28	79	0.23493445904454718	0.0	29	5.902743835239797	
472	FAST	30	79	0.2710487578591585	0.0	311	4.01408360446529	
473	FAST	22	79	0.478706004455669	0.0	648	1.5836505926141358	
474	FAST	39	80	0.193447833796791	0.0	404	6.323073607259356	
475	FAST	38	80	0.23957100996221634	0.0	166	4.249411875911724	
476	FAST	37	80	0.33178781057270923	0.0	471	2.9651101312700257	
477	FAST	28	81	0.16188717170008557	0.0	40	6.743768263437625	
478	FAST	30	81	0.3114288760674765	0.0	367	3.6962971044652457	
479	FAST	29	81	0.4549877568226339	0.0	614	1.3803069125175742	
480	FAST	39	82	0.2642471712210198	0.0	424	4.38166871994682	
481	FAST	38	82	0.32732941087170037	0.0	143	3.3992372078835857	
482	FAST	37	82	0.28366183238201764	0.0	485	2.9029898011411372	
483	FAST	28	83	0.17957339714984139	0.0	33	6.989456489865394	
484	FAST	30	83	0.26722758409078584	0.0	526	3.4996437539805245	
485	FAST	39	83	0.40112048186427	0.0	493	1.6731735438355904	
