n_interc	
0	
0	
0	
0	
0	
0	
0	
0	
0	
0	
0	
0	
0	
0	
0	
0	
0	
0	
0	
0	
0	
0	
0	
0	
0	
0	
0	
0	
0	
0	
0	
0	
0	
0	
0	
0	
0	
0	
0	
0	
0	
0	
0	
0	
0	
0	
0	
0	
0	
0	
0	
0	
1	
1	
1	
1	
1	
1	
1	
1	
1	
1	
1	
2	
2	
2	
2	
2	
2	
2	
2	
3	
3	
3	
3	
3	
3	
3	
4	
4	
4	
4	
4	
4	
4	
5	
5	
5	
5	
5	
5	
5	
6	
6	
6	
6	
6	
6	
6	
6	
72	
73	
74	
76	
77	
78	
81	
84	
85	
88	
89	
90	
92	
94	
95	
96	
98	
101	
102	
104	
105	
106	
108	
111	
113	
116	
117	
120	
122	
125	
127	
128	
130	
132	
133	
135	
136	
139	
140	
142	
144	
145	
148	
149	
152	
153	
154	
156	
158	
160	
163	
164	
166	
168	
170	
172	
173	
175	
177	
180	
181	
183	
184	
186	
188	
189	
191	
192	
193	
194	
197	
199	
200	
202	
205	
207	
209	
211	
212	
214	
214	
217	
219	
220	
223	
225	
226	
227	
228	
230	
234	
235	
238	
239	
242	
244	
246	
248	
250	
252	
546	
547	
550	
553	
556	
559	
561	
564	
568	
572	
577	
580	
584	
588	
592	
595	
601	
603	
607	
611	
615	
618	
624	
626	
631	
634	
639	
643	
646	
651	
655	
658	
663	
666	
669	
674	
678	
680	
683	
686	
691	
693	
696	
700	
703	
706	
708	
712	
713	
718	
723	
723	
726	
728	
729	
732	
733	
736	
739	
741	
743	
745	
746	
748	
750	
751	
753	
756	
756	
759	
761	
762	
764	
765	
766	
767	
768	
770	
771	
771	
772	
773	
775	
776	
777	
777	
778	
778	
779	
780	
782	
783	
785	
786	
787	
787	
788	
789	
791	
791	
3282	
3287	
3288	
3293	
3297	
3303	
3306	
3308	
3314	
3318	
3323	
3329	
3333	
3335	
3339	
3342	
3345	
3348	
3355	
3359	
3362	
3365	
3371	
3372	
3378	
3384	
3389	
3393	
3397	
3403	
3408	
3413	
3416	
3420	
3424	
3426	
3431	
3436	
3439	
3443	
3446	
3450	
3453	
3458	
3459	
3461	
3463	
3468	
3472	
3473	
3476	
3478	
3480	
3483	
3485	
3490	
3491	
3493	
3494	
3499	
3500	
3500	
3507	
3508	
3511	
3512	
3512	
3516	
3520	
3523	
3525	
3528	
3529	
3531	
3532	
3534	
3538	
3539	
3540	
3543	
3544	
3546	
3548	
3549	
3551	
3554	
3554	
3557	
3559	
3562	
3562	
3563	
3564	
3565	
3568	
3569	
3570	
3571	
3571	
3573	
3046	
3049	
3051	
3052	
3053	
3055	
3056	
3060	
3062	
3064	
3065	
3069	
3070	
3072	
3073	
3075	
3076	
3078	
3078	
3079	
3081	
3084	
3085	
3086	
3088	
3091	
3093	
3094	
3099	
3099	
3101	
3103	
3105	
3105	
3106	
3107	
3110	
3111	
3114	
3116	
3116	
3117	
3118	
3119	
3119	
3120	
3121	
3123	
3125	
3129	
3132	
3132	
3135	
3136	
3136	
3138	
3139	
3140	
3142	
3143	
3144	
3144	
3146	
3146	
3148	
3150	
3150	
3150	
3152	
3152	
3153	
3155	
3157	
3159	
3162	
3162	
3163	
3164	
3168	
3168	
3168	
3169	
3172	
3173	
3173	
3174	
3175	
3177	
3178	
3181	
3182	
3183	
3186	
3186	
3186	
3188	
3188	
3190	
3194	
3195	
