n_interc	
0	
0	
0	
0	
0	
0	
0	
0	
0	
0	
0	
0	
0	
0	
0	
0	
0	
0	
0	
0	
0	
0	
0	
0	
0	
0	
0	
0	
0	
0	
0	
0	
0	
0	
0	
0	
0	
0	
0	
0	
0	
0	
0	
0	
0	
0	
0	
0	
0	
0	
0	
0	
0	
0	
0	
0	
1	
1	
1	
1	
1	
1	
1	
1	
1	
1	
1	
1	
1	
1	
1	
1	
1	
1	
1	
1	
1	
1	
2	
2	
2	
2	
2	
2	
2	
2	
2	
2	
2	
2	
3	
5	
5	
5	
5	
5	
5	
5	
5	
6	
60	
62	
64	
64	
68	
69	
72	
72	
74	
75	
77	
79	
80	
82	
86	
88	
89	
89	
92	
94	
96	
96	
98	
101	
104	
105	
107	
109	
110	
114	
116	
116	
118	
118	
121	
123	
124	
127	
129	
130	
132	
134	
135	
136	
137	
138	
141	
141	
144	
147	
149	
149	
152	
152	
155	
157	
160	
162	
163	
164	
165	
169	
170	
172	
174	
176	
177	
178	
180	
183	
185	
186	
188	
189	
191	
193	
195	
198	
199	
200	
201	
203	
204	
206	
207	
208	
211	
212	
215	
215	
216	
218	
221	
223	
223	
225	
226	
229	
231	
232	
510	
513	
516	
521	
523	
527	
533	
538	
542	
545	
550	
552	
555	
560	
564	
569	
572	
575	
579	
585	
587	
591	
595	
598	
601	
606	
611	
615	
620	
623	
626	
627	
633	
638	
642	
646	
648	
653	
655	
657	
660	
660	
664	
667	
669	
672	
675	
678	
682	
685	
686	
690	
693	
697	
700	
702	
704	
706	
709	
710	
713	
716	
717	
719	
719	
722	
723	
725	
728	
730	
732	
734	
736	
738	
740	
741	
743	
745	
747	
749	
751	
753	
754	
755	
757	
761	
762	
764	
764	
768	
769	
771	
772	
772	
774	
774	
776	
777	
779	
779	
3225	
3234	
3239	
3241	
3247	
3256	
3260	
3266	
3270	
3273	
3277	
3282	
3284	
3287	
3291	
3296	
3300	
3302	
3307	
3310	
3315	
3322	
3323	
3326	
3332	
3336	
3339	
3346	
3351	
3355	
3360	
3366	
3369	
3372	
3375	
3381	
3384	
3391	
3393	
3396	
3400	
3403	
3404	
3410	
3413	
3415	
3418	
3422	
3425	
3431	
3433	
3436	
3437	
3443	
3448	
3451	
3452	
3454	
3456	
3457	
3460	
3463	
3465	
3468	
3471	
3476	
3476	
3477	
3478	
3479	
3482	
3483	
3487	
3489	
3492	
3496	
3498	
3503	
3504	
3504	
3511	
3512	
3514	
3517	
3519	
3523	
3526	
3531	
3533	
3538	
3542	
3545	
3545	
3547	
3550	
3551	
3553	
3557	
3559	
3560	
3034	
3035	
3039	
3041	
3042	
3045	
3047	
3048	
3048	
3051	
3052	
3052	
3056	
3057	
3062	
3063	
3063	
3064	
3068	
3071	
3072	
3074	
3074	
3074	
3077	
3077	
3078	
3080	
3083	
3084	
3085	
3087	
3089	
3090	
3090	
3092	
3097	
3100	
3105	
3109	
3109	
3110	
3114	
3116	
3116	
3116	
3117	
3119	
3121	
3125	
3126	
3127	
3128	
3128	
3129	
3130	
3131	
3133	
3135	
3139	
3141	
3145	
3145	
3146	
3147	
3149	
3150	
3152	
3154	
3155	
3157	
3159	
3161	
3165	
3166	
3166	
3169	
3171	
3172	
3172	
3174	
3174	
3178	
3180	
3180	
3181	
3183	
3187	
3187	
3189	
3190	
3191	
3193	
3195	
3197	
3199	
3199	
3200	
3200	
3201	
