id	type	l1	l2	friction	risk	count	acc	
1	FAST	1	2	0.02151630826214646	0.0	0	69.07013558186834	
2	FAST	1	3	0.027987052819351734	0.0	0	50.79845436835995	
3	FAST	1	4	0.07302656972007415	0.0	0	18.35958478658922	
4	FAST	1	5	0.10800269310982086	0.0	0	11.673608225455535	
5	FAST	1	6	0.2005826597473596	0.0	0	6.272022796453195	
6	FAST	1	7	0.05791240055316788	0.0	0	31.016800266090897	
7	FAST	1	8	0.06855335822514483	0.0	0	20.362440274077493	
8	FAST	1	68	0.36490858423453987	0.048	0	7.3371645358127475	
9	FAST	1	69	0.40115801759656244	0.048	0	5.449176336854888	
10	FAST	1	70	0.423550267947518	0.048	0	4.407070727277715	
11	FAST	1	71	0.44235053412726005	0.048	0	3.3763355714453422	
12	FAST	1	72	0.28733633203502157	0.0	0	5.8385598570494395	
13	FAST	1	73	0.1906077266698771	0.0	0	18.603237095926865	
14	FAST	1	74	0.20210142113627694	0.0	0	9.978862194546908	
15	FAST	1	75	0.2630703980821981	0.0	0	9.511620780162401	
16	FAST	1	76	0.3008008736105855	0.0	0	7.500800704145691	
17	FAST	1	77	0.3450902934942693	0.0	0	5.172731343427254	
18	FAST	1	78	0.36284036573475764	0.0	0	5.6407447806762265	
19	FAST	2	3	0.007516752227496343	0.0	0	207.5555974225411	
20	FAST	2	4	0.05255626523813813	0.0	0	27.929280834122874	
21	FAST	2	5	0.08753238084772358	0.0	0	14.720564961256262	
22	FAST	2	6	0.18130277439888826	0.0	0	6.929382613148541	
23	FAST	2	7	0.06458409111532147	0.0	0	24.294538390574356	
24	FAST	2	8	0.04808305763328943	0.0	0	31.23183415757861	
25	FAST	2	23	0.24993272053144797	0.0	426	4.50964786416294	
26	FAST	2	68	0.36470401260312413	0.048	22	7.688143321878245	
27	FAST	2	69	0.391780317504476	0.048	128	5.530579635909832	
28	FAST	2	70	0.4257275325971185	0.048	2	4.457205683278236	
29	FAST	2	71	0.43263050137245695	0.048	274	3.732649624736199	
30	FAST	2	72	0.3002858035948819	0.0	0	5.840469269542307	
31	FAST	2	73	0.2035572098999793	0.0	0	14.570051805367074	
32	FAST	2	74	0.21505090436637914	0.0	0	8.563920917665452	
33	FAST	2	75	0.2760198696420584	0.0	0	8.007617013390776	
34	FAST	2	76	0.3137503451704458	0.0	0	7.086024188348195	
35	FAST	2	77	0.3580397650541296	0.0	0	5.00338183931475	
36	FAST	3	4	0.04596140765847902	0.0	0	31.9711564154053	
37	FAST	3	5	0.08093752715814509	0.0	0	16.512048659994626	
38	FAST	3	6	0.18231210638901338	0.0	0	6.772255246967403	
39	FAST	3	7	0.06852057262560743	0.0	0	22.927125282740977	
40	FAST	3	8	0.04148820394371095	0.0	0	36.18905115099514	
41	FAST	3	23	0.253869190371492	0.0	378	4.386756817515709	
42	FAST	3	68	0.3624783762095865	0.048	15	7.786445628405968	
43	FAST	3	69	0.3866275625916361	0.048	46	6.190751342734441	
44	FAST	3	70	0.424054534998753	0.048	0	4.069409759508252	
45	FAST	3	71	0.42731742112785376	0.048	317	3.823922586223282	
46	FAST	3	72	0.30422229677540974	0.0	0	5.502955475068189	
47	FAST	3	73	0.20749369141026527	0.0	0	13.87983144294922	
48	FAST	3	74	0.2189873742064232	0.0	0	9.042103278937782	
49	FAST	3	75	0.27995636282258624	0.0	0	7.948271309295372	
50	FAST	3	76	0.3176868383509737	0.0	0	6.596113949180294	
51	FAST	3	77	0.36197625823465746	0.0	0	4.7832675935055144	
52	FAST	4	5	0.03612179881582182	0.0	0	38.55692042617594	
53	FAST	4	6	0.131309053093839	0.0	0	10.744983516910745	
54	FAST	4	7	0.11268187659387058	0.0	0	14.30226373882226	
55	FAST	4	8	0.007503043583361338	0.0	0	269.38928375199043	
56	FAST	4	9	0.19906910328632327	0.0	8	5.748822966698918	
57	FAST	4	23	0.20219244902298494	0.0	1	5.988625096716635	
58	FAST	4	24	0.1883962275027891	0.0	4	5.930107410315389	
59	FAST	4	68	0.38518730849483807	0.048	1	6.621213084069846	
60	FAST	4	69	0.38862564188147486	0.048	3	5.87448941778284	
61	FAST	4	71	0.42626530464684514	0.048	9	4.133315877555456	
62	FAST	4	73	0.25165497981820595	0.0	0	8.509485516030184	
63	FAST	4	74	0.26314868595484764	0.0	0	6.004082149558527	
64	FAST	4	75	0.32411765123052694	0.0	0	5.727342473916732	
65	FAST	4	76	0.36184812675891437	0.0	0	5.0559351855056125	
66	FAST	5	6	0.09695465406038882	0.0	0	16.208189777698028	
67	FAST	5	7	0.1480079633072034	0.0	0	10.63968855190052	
68	FAST	5	8	0.04282913807685543	0.0	0	37.14976134041568	
69	FAST	5	9	0.1647147042528731	0.0	15	7.457240287370415	
70	FAST	5	10	0.20580158024837855	0.0	6	5.691569255886756	
71	FAST	5	11	0.315176425388388	0.0	6	4.346344853384415	
72	FAST	5	23	0.1678380499895348	0.0	11	7.189056666185754	
73	FAST	5	24	0.1540418323594195	0.0	8	7.917258092596047	
74	FAST	5	25	0.21818540685428356	0.0	1416	3.151340430303035	
75	FAST	5	68	0.41072317596004826	0.048	27	4.583197182901669	
76	FAST	5	69	0.4016265693558544	0.048	333	4.38725669272521	
77	FAST	5	71	0.4354848530175842	0.048	1090	2.6304997512543213	
78	FAST	5	73	0.2869810937621032	0.0	0	5.949299234149593	
79	FAST	5	74	0.2984747765582611	0.0	0	4.400183387210513	
80	FAST	5	75	0.3594437418339404	0.0	0	4.2700735485161	
81	FAST	6	7	0.22348282140222536	0.0	0	5.972483977183659	
82	FAST	6	8	0.1367366608602571	0.0	0	10.076664164994755	
83	FAST	6	9	0.07023925303818712	0.0	0	18.007891111835743	
84	FAST	6	10	0.11132612125353132	0.0	0	11.368184080247646	
85	FAST	6	11	0.2207009547232989	0.0	0	7.30546581889687	
86	FAST	6	12	0.25762382228263525	0.0	0	6.164498063866306	
87	FAST	6	23	0.1142018866986697	0.0	0	12.310687808019965	
88	FAST	6	24	0.1001154807239066	0.0	0	13.244715662928316	
89	FAST	6	25	0.16454923189317652	0.0	0	8.859988530063191	
90	FAST	6	26	0.15947391760864105	0.0	0	8.030243965980244	
91	FAST	7	8	0.10798518774699241	0.0	0	15.301431596703832	
92	FAST	7	23	0.2485729428477388	0.0	0	5.088490281613479	
93	FAST	7	24	0.2631165461086946	0.0	0	5.035085515919091	
94	FAST	7	68	0.40415430617655823	0.048	0	5.26273762959752	
95	FAST	7	69	0.4403988038214797	0.048	0	3.890304528613722	
96	FAST	7	72	0.25068690991330783	0.0	0	5.143397885809496	
97	FAST	7	73	0.15395831621840525	0.0	0	14.896247233065088	
98	FAST	7	74	0.16545201068480506	0.0	0	9.028100992196565	
99	FAST	7	75	0.22642097596048436	0.0	0	7.266977322910323	
100	FAST	7	76	0.26415145148887176	0.0	0	6.081875449660465	
101	FAST	8	9	0.20593583471103105	0.0	85	5.3451909448122255	
102	FAST	8	23	0.20905918044769273	0.0	11	5.8289059213402945	
103	FAST	8	24	0.19526296281757746	0.0	57	5.773522463941048	
104	FAST	8	68	0.381788758681206	0.048	5	6.37080867471132	
105	FAST	8	69	0.3874760334580042	0.048	26	5.917438851409033	
106	FAST	8	71	0.4256121061407696	0.048	122	3.732131361296407	
107	FAST	8	72	0.34401116178742613	0.0	0	4.359421666879999	
108	FAST	8	73	0.2472825797627654	0.0	0	8.360128703939617	
109	FAST	8	74	0.25877625866884274	0.0	0	6.208540679981608	
110	FAST	8	75	0.3197452278346027	0.0	0	5.933744573026193	
111	FAST	8	76	0.3574757033629901	0.0	0	4.872044676509368	
112	FAST	9	10	0.042910483552879006	0.0	0	34.2878728867339	
113	FAST	9	11	0.15228532869288847	0.0	0	12.599597175278618	
114	FAST	9	12	0.18920818458198294	0.0	0	8.426180880360063	
115	FAST	9	13	0.22995744825989792	0.0	0	6.4120623217011845	
116	FAST	9	14	0.25331769753086336	0.0	0	5.006543233292316	
117	FAST	9	15	0.24757465090643752	0.0	0	4.664074167401237	
118	FAST	9	23	0.17921559053844677	0.0	0	9.008078058671845	
119	FAST	9	24	0.16512918067360308	0.0	0	10.829200849226698	
120	FAST	9	25	0.17977600333395677	0.0	0	11.072586057206262	
121	FAST	9	26	0.09105827990798876	0.0	0	17.082241503984605	
122	FAST	9	27	0.17848346569391205	0.0	0	8.35495585281395	
123	FAST	9	29	0.1855811706559399	0.0	108	7.533370892555075	
124	FAST	10	11	0.10937484514000945	0.0	0	14.052080743388629	
125	FAST	10	12	0.1462977010291039	0.0	0	10.05006319155224	
126	FAST	10	13	0.18704696470701887	0.0	0	7.269953184424463	
127	FAST	10	14	0.21040721786806496	0.0	0	5.857932483643196	
128	FAST	10	15	0.2046641673535585	0.0	0	5.879286362790682	
129	FAST	10	16	0.20323672949747695	0.0	0	4.896644242774135	
130	FAST	10	23	0.213153638132304	0.0	0	7.64930450896753	
131	FAST	10	24	0.199016878953885	0.0	0	8.592079637229997	
132	FAST	10	25	0.13705416535107862	0.0	0	12.455596873056376	
133	FAST	10	26	0.04814779635510974	0.0	0	28.75812186611691	
134	FAST	10	27	0.1355729938112749	0.0	0	12.348915581099371	
135	FAST	10	29	0.14267068710306088	0.0	6	11.080326045260735	
136	FAST	11	12	0.0364924262477068	0.0	0	41.00759908201833	
137	FAST	11	13	0.07678160230952209	0.0	0	18.120700063463964	
138	FAST	11	14	0.1121667443368769	0.0	0	11.68237251161543	
139	FAST	11	15	0.13120902745063714	0.0	0	10.642722707876066	
140	FAST	11	16	0.21670056307836655	0.0	0	6.501925664542549	
141	FAST	11	24	0.31300570982660975	0.0	0	4.448350851812837	
142	FAST	11	25	0.2510430001138839	0.0	0	5.5245223441260345	
143	FAST	11	26	0.0629029032998397	0.0	0	20.96398781774523	
144	FAST	11	27	0.15032809297584365	0.0	0	7.844948428322417	
145	FAST	11	29	0.1574258018279521	0.0	6	7.317602476443978	
146	FAST	11	31	0.2612748846871239	0.0	0	5.00521591295749	
147	FAST	12	13	0.041186765485885346	0.0	0	37.06353525812367	
148	FAST	12	14	0.0765719114033208	0.0	0	17.791307263203972	
149	FAST	12	15	0.09561419451708102	0.0	0	16.042771954515604	
150	FAST	12	16	0.14372326122945295	0.0	0	9.991826931428028	
151	FAST	12	26	0.09403059326424705	0.0	0	15.830434966950692	
152	FAST	12	27	0.1814557907204122	0.0	0	6.9900007630046685	
153	FAST	12	29	0.18855348401219818	0.0	0	6.779899696613381	
154	FAST	12	31	0.19481717124778766	0.0	0	6.526543296015539	
155	FAST	13	14	0.035643937421330284	0.0	0	38.53973505637298	
156	FAST	13	15	0.05468622442517113	0.0	0	26.892701077863858	
157	FAST	13	16	0.10279528335738179	0.0	0	13.569361876259766	
158	FAST	13	26	0.13496519205354798	0.0	0	10.87849031730399	
159	FAST	13	27	0.22239038950971318	0.0	0	6.054102449712052	
160	FAST	13	29	0.22948808669157972	0.0	0	6.534999641038439	
161	FAST	13	31	0.15388919337571655	0.0	0	8.44800600789089	
162	FAST	14	15	0.019130319528464904	0.0	0	76.8871949556998	
163	FAST	14	16	0.06723938624083681	0.0	0	21.036882568353025	
164	FAST	14	26	0.1630868027618412	0.0	0	8.790388157631801	
165	FAST	14	27	0.2503014029230186	0.0	0	5.734791701381014	
166	FAST	14	29	0.25739912344536897	0.0	0	5.718974236866075	
167	FAST	14	31	0.1183333001492522	0.0	0	11.202941221543654	
168	FAST	14	32	0.21194727355834295	0.0	0	5.297423387213836	
169	FAST	15	16	0.048585982817270716	0.0	0	31.38078568354002	
170	FAST	15	26	0.15747477794306555	0.0	0	8.265091133028504	
171	FAST	15	27	0.244689378104243	0.0	0	6.184542013727539	
172	FAST	15	29	0.25178707528610955	0.0	0	5.324252087385045	
173	FAST	15	31	0.09967989283560547	0.0	0	14.170746019634288	
174	FAST	15	32	0.1932938779149381	0.0	0	6.336927324380651	
175	FAST	16	26	0.15613073174541822	0.0	0	6.553429672104688	
176	FAST	16	27	0.24334533190659563	0.0	0	5.639137990380004	
177	FAST	16	29	0.250443052428946	0.0	0	6.0816172198144045	
178	FAST	16	31	0.05291526521902438	0.0	0	28.455302290406877	
179	FAST	16	32	0.14652924640827636	0.0	0	8.921510071398227	
180	FAST	17	18	0.144492633596006	0.0	0	9.614622306235896	
181	FAST	17	19	0.20948451408345695	0.0	0	7.473502587538109	
182	FAST	17	20	0.22112509410431017	0.0	0	5.38387105642517	
183	FAST	17	21	0.2301959607734761	0.0	0	6.040351660165508	
184	FAST	18	19	0.06547912086633792	0.0	0	23.788710982765558	
185	FAST	18	20	0.07711971255743301	0.0	0	19.530577853478988	
186	FAST	18	21	0.08619056366627643	0.0	0	17.977982477670746	
187	FAST	18	22	0.11826343430116347	0.0	0	13.092094773489153	
188	FAST	18	23	0.2031332533527576	0.0	0	6.478952837857235	
189	FAST	18	24	0.21725088889480668	0.0	0	6.251416691605862	
190	FAST	19	20	0.0557718564567446	0.0	0	23.538564652738117	
191	FAST	19	21	0.020826386902350846	0.0	0	70.95267295771225	
192	FAST	19	22	0.052899253647157266	0.0	0	28.459538682037337	
193	FAST	19	23	0.18178540114214978	0.0	234	6.025633485653254	
194	FAST	19	24	0.19590302501395698	0.0	3	5.838490370574331	
195	FAST	19	25	0.25918542512951476	0.0	41	5.243551772470525	
196	FAST	20	21	0.051960300995763854	0.0	0	27.61528860363138	
197	FAST	20	22	0.057609725049702395	0.0	0	26.599425488668274	
198	FAST	20	23	0.12831906321120456	0.0	0	11.214016780868786	
199	FAST	20	24	0.14243669875325368	0.0	0	9.856731956555002	
200	FAST	20	25	0.20571908719856957	0.0	0	7.628980351547051	
201	FAST	21	22	0.03241731782414188	0.0	0	45.5453003849186	
202	FAST	21	23	0.177942145414127	0.0	135	6.857320951490232	
203	FAST	21	24	0.1920597848462567	0.0	30	6.407262450459181	
204	FAST	21	25	0.25534216940149196	0.0	42	5.800869601894207	
205	FAST	22	23	0.18354915202889183	0.0	459	7.634113625556554	
206	FAST	22	24	0.19766678757094094	0.0	36	7.4026630879049815	
207	FAST	22	25	0.2609491876864987	0.0	46	6.900049361232118	
208	FAST	23	24	0.014785710209034767	0.0	0	98.1769296769949	
209	FAST	23	25	0.07806810643451191	0.0	0	17.620343135574302	
210	FAST	23	26	0.26582657077857297	0.0	0	5.224950145079971	
211	FAST	24	25	0.06401010971857911	0.0	0	21.364297351265776	
212	FAST	24	26	0.25176857017255955	0.0	0	5.711123676560163	
213	FAST	24	27	0.3391937559584829	0.0	0	4.282668992564	
214	FAST	25	26	0.1896613206239994	0.0	0	7.7402219964254755	
215	FAST	25	27	0.2770865064099227	0.0	0	7.129517414764464	
216	FAST	25	29	0.28418422304219243	0.0	621	5.410064031069444	
217	FAST	25	30	0.4521379951502652	0.0	676	3.409543718342169	
218	FAST	26	27	0.08793642018212716	0.0	0	14.33747235562614	
219	FAST	26	29	0.09503412125407436	0.0	0	13.452423361174755	
220	FAST	26	31	0.2001531209344359	0.0	0	5.380846347227809	
221	FAST	27	29	0.009295402123045745	0.0	0	162.9259084531224	
222	FAST	27	30	0.1772491897914411	0.0	0	6.608430024955791	
223	FAST	27	31	0.28774323446876776	0.0	0	5.3735075877248235	
224	FAST	28	30	0.15944353607893208	0.0	124	10.70873804516358	
225	FAST	29	30	0.16795380711879848	0.0	0	7.4987647582804815	
226	FAST	29	31	0.2954023675373496	0.0	0	4.983032489760894	
227	FAST	31	32	0.09361397729917137	0.0	0	14.96826037901796	
228	FAST	31	33	0.20448155529861253	0.0	0	5.5396514207316905	
229	FAST	32	33	0.11533800808672107	0.0	0	11.205133457249762	
230	FAST	32	34	0.21282922874836685	0.0	0	5.327496941279033	
231	FAST	32	35	0.1856925008734483	0.0	0	6.333222958382847	
232	FAST	33	34	0.09994297898851423	0.0	0	14.033510737258025	
233	FAST	33	35	0.08939985684434527	0.0	0	17.780797851551863	
234	FAST	33	36	0.23577195177538954	0.0	0	5.262981310814442	
235	FAST	33	43	0.21187265792180676	0.0	0	5.870233189286919	
236	FAST	33	44	0.23313834384937832	0.0	0	5.2915309985763646	
237	FAST	34	35	0.07425086367565223	0.0	4	18.782236252201113	
238	FAST	34	36	0.22119958914834686	0.0	47	5.233255353877761	
239	FAST	34	40	0.21309968660406667	0.0	27	5.3070496150720725	
240	FAST	34	41	0.19701331626663482	0.0	35	5.992412720314895	
241	FAST	34	42	0.19652467156864095	0.0	1	8.636731253124909	
242	FAST	34	43	0.11495453171851999	0.0	0	13.820954384432026	
243	FAST	34	44	0.1362202176460916	0.0	0	11.26106237685066	
244	FAST	34	45	0.17083477360173724	0.0	0	9.33800339060638	
245	FAST	34	46	0.1415772009986984	0.0	0	10.674023582925928	
246	FAST	34	47	0.2729031837234328	0.0	0	5.643385697114884	
247	FAST	34	48	0.30365908701192784	0.0	0	4.782055831589111	
248	FAST	34	49	0.2550983585980977	0.0	0	5.31288323412549	
249	FAST	34	63	0.41350450727089905	0.048	114	4.843893404074831	
250	FAST	35	36	0.15314777123847956	0.0	0	8.54742499819336	
251	FAST	35	37	0.18349454307702828	0.0	15	6.9382762254132455	
252	FAST	35	40	0.18010409662424917	0.0	0	6.908461949056161	
253	FAST	35	41	0.1906017709564348	0.0	0	7.094213988899758	
254	FAST	35	42	0.2441990567814982	0.0	0	7.283001578232963	
255	FAST	35	43	0.16262891693137727	0.0	0	7.556753467439892	
256	FAST	35	44	0.18389460285894885	0.0	10	6.705741384943949	
257	FAST	35	45	0.21850915881459448	0.0	1	5.367858328769759	
258	FAST	35	46	0.18925158232147501	0.0	0	6.350330741597257	
259	FAST	36	37	0.03814278128412667	0.0	2	37.91563469450021	
260	FAST	36	38	0.11676273844668511	0.0	44	13.248290526804237	
261	FAST	36	39	0.19725989680743664	0.0	2	6.735576722116793	
262	FAST	36	40	0.1635373363399172	0.0	0	12.021562603014011	
263	FAST	36	41	0.3269651669101407	0.0	0	7.946049139352081	
264	FAST	36	42	0.39092006082427827	0.0	0	4.892617481627196	
265	FAST	37	38	0.08093381602122546	0.0	2	23.708443443059753	
266	FAST	37	39	0.15061684588073954	0.0	0	9.119018158625895	
267	FAST	37	40	0.14019839693063493	0.0	1	13.810982394826052	
268	FAST	37	41	0.3579232571393046	0.0	233	7.296462819532006	
269	FAST	37	42	0.4218781277129583	0.0	0	4.446913504986449	
270	FAST	38	39	0.08372419808664779	0.0	1	16.51112428342631	
271	FAST	38	40	0.11208962348841593	0.0	34	15.137982703639228	
272	FAST	38	41	0.40779445257479646	0.0	561	7.066348412717746	
273	FAST	38	42	0.46110764581155694	0.0	67	3.929991922023114	
274	FAST	39	40	0.19341849275779302	0.0	0	7.272877933117408	
275	FAST	39	41	0.48912332573425416	0.0	1678	2.3246496142321256	
276	FAST	40	41	0.2986730228472532	0.0	0	32.54245666775957	
277	FAST	40	42	0.3519861888534493	0.0	0	8.51425300673659	
278	FAST	40	43	0.30170619262486453	0.0	8	4.530624078950349	
279	FAST	41	42	0.25357444285234754	0.0	0	13.22278011703642	
280	FAST	41	43	0.20648708636666077	0.0	5	6.146417081668324	
281	FAST	41	44	0.22937622353302517	0.0	2415	2.1106483264265337	
282	FAST	41	46	0.2310540153081182	0.0	0	5.46370140115403	
283	FAST	42	43	0.11780820928584947	0.0	0	13.14673359129983	
284	FAST	42	44	0.13084020112608316	0.0	64	10.220328677032862	
285	FAST	42	45	0.16679591294946913	0.0	1	7.5391874678988975	
286	FAST	42	46	0.1325179929011762	0.0	0	12.766330378739987	
287	FAST	42	47	0.24937123796376515	0.0	0	5.069369958946229	
288	FAST	42	49	0.20710935144416465	0.0	0	5.678829686152119	
289	FAST	43	44	0.023101644490940768	0.0	0	70.65724826148156	
290	FAST	43	45	0.05771618877634452	0.0	0	24.26728179306173	
291	FAST	43	46	0.0288340089539606	0.0	0	53.91849746824225	
292	FAST	43	47	0.159784610568282	0.0	0	10.708138396132172	
293	FAST	43	48	0.19054051385677703	0.0	0	8.253909225889899	
294	FAST	43	49	0.14197978544294687	0.0	0	10.87036615798577	
295	FAST	43	63	0.3923885515678148	0.048	13	5.6371830910608	
296	FAST	44	45	0.03650977211722949	0.0	0	41.12908060506953	
297	FAST	44	46	0.02575993886862073	0.0	0	63.67514317715855	
298	FAST	44	47	0.14086488833480484	0.0	0	14.439365301894265	
299	FAST	44	48	0.171620779953058	0.0	0	10.250862533342456	
300	FAST	44	49	0.12306006320946969	0.0	0	14.10967728147539	
301	FAST	44	50	0.2795338767258421	0.0	0	4.684392710497539	
302	FAST	44	54	0.4062621031342436	0.0	0	4.2918996473987185	
303	FAST	44	63	0.3774616757931424	0.048	2481	2.221110298345616	
304	FAST	45	46	0.05900224943214269	0.0	0	28.11195834934655	
305	FAST	45	47	0.11029916330807826	0.0	0	24.43821918479598	
306	FAST	45	48	0.1410550549263314	0.0	0	14.968270990980795	
307	FAST	45	49	0.07388850655518356	0.0	0	22.52288039929699	
308	FAST	45	50	0.2303623317417979	0.0	0	6.5771238495585855	
309	FAST	45	52	0.29512067512879453	0.0	0	4.894310816417967	
310	FAST	45	53	0.3237251926661545	0.0	0	4.672816818587058	
311	FAST	45	54	0.3570905581501994	0.0	0	5.782689936523096	
312	FAST	45	56	0.4526480314016355	0.0	0	3.7605901424010693	
313	FAST	45	63	0.3512879165346726	0.048	2	8.800165549443722	
314	FAST	46	47	0.15177768484110474	0.0	0	11.731717774974841	
315	FAST	46	48	0.1825335725692773	0.0	0	9.186461631268198	
316	FAST	46	49	0.1095157983215043	0.0	0	13.450367606394973	
317	FAST	47	48	0.033308403033401005	0.0	0	47.664383409021305	
318	FAST	47	49	0.04335293354340888	0.0	0	39.99209887535783	
319	FAST	47	50	0.13698732987579948	0.0	0	10.43667591566387	
320	FAST	47	51	0.1911754722673719	0.0	0	6.9256561060290345	
321	FAST	47	52	0.21128708019471065	0.0	0	7.317545234217174	
322	FAST	47	53	0.2398915977320707	0.0	0	7.4002199389144465	
323	FAST	47	54	0.2732569865565993	0.0	0	7.835677199493844	
324	FAST	47	56	0.3688144364675517	0.0	0	4.796705021435762	
325	FAST	47	63	0.32931771848225994	0.048	0	11.221228249940904	
326	FAST	48	49	0.07429681330803665	0.0	0	28.912751469686366	
327	FAST	48	50	0.10466340899746844	0.0	0	15.121024700580104	
328	FAST	48	51	0.15885155138904086	0.0	0	8.204484823407904	
329	FAST	48	52	0.17896317098662154	0.0	0	9.331649821398125	
330	FAST	48	53	0.2075677001942234	0.0	0	9.71845481229448	
331	FAST	48	54	0.2409330695683489	0.0	0	9.18241215166616	
332	FAST	48	55	0.31065396158262065	0.0	0	4.688832207154116	
333	FAST	48	56	0.33649051558922066	0.0	0	4.986020448596167	
334	FAST	48	63	0.33176830010421277	0.048	0	10.182389891934514	
335	FAST	49	50	0.1566683642287674	0.0	0	9.484510224551785	
336	FAST	49	51	0.1845573986865216	0.0	0	6.268755328191726	
337	FAST	49	52	0.22142669594552217	0.0	0	6.642625144819599	
338	FAST	49	53	0.25003121348288215	0.0	0	5.949891887900562	
339	FAST	49	54	0.28339660619749146	0.0	0	6.119553209295976	
340	FAST	50	51	0.08115968188268026	0.0	0	20.59552468690144	
341	FAST	50	52	0.07399500529255132	0.0	0	26.146623707682963	
342	FAST	50	53	0.10259952671999197	0.0	0	19.954169680194987	
343	FAST	50	54	0.13596489609411744	0.0	0	14.744467562827255	
344	FAST	50	55	0.20568579977863108	0.0	0	6.738357014831401	
345	FAST	50	56	0.2315223537852311	0.0	0	6.5206953554382165	
346	FAST	50	57	0.28310399822269255	0.0	0	4.2155278580206295	
347	FAST	51	52	0.0866936794642085	0.0	0	15.926444913082522	
348	FAST	51	53	0.1152981970015685	0.0	0	10.861043000768534	
349	FAST	51	54	0.14866356637569397	0.0	0	8.737867047376138	
350	FAST	51	55	0.21838445838996573	0.0	0	5.453626503773766	
351	FAST	51	56	0.2442210123965657	0.0	0	4.475733376875124	
352	FAST	52	53	0.027119747672974932	0.0	0	46.241383682738395	
353	FAST	52	54	0.06466182659652175	0.0	0	21.704848364720917	
354	FAST	52	55	0.13438272639095475	0.0	0	9.840896444160148	
355	FAST	52	56	0.16021928039755476	0.0	0	8.961190517162636	
356	FAST	52	57	0.2118009365052582	0.0	0	5.906392857085863	
357	FAST	53	54	0.03255763303241363	0.0	0	40.93730428664936	
358	FAST	53	55	0.1392847375834884	0.0	0	13.91245387084748	
359	FAST	53	56	0.12811509072352725	0.0	0	12.011666416514588	
360	FAST	53	57	0.1796967429411501	0.0	0	7.636176791779042	
361	FAST	53	58	0.2558494359154547	0.0	0	4.527602190518571	
362	FAST	53	63	0.337184139804537	0.048	0	11.006414795974797	
363	FAST	54	55	0.09882882488577224	0.0	0	13.96817782535494	
364	FAST	54	56	0.09594506921502285	0.0	0	16.274886375294056	
365	FAST	54	57	0.14752673699296817	0.0	0	9.041559463693893	
366	FAST	54	58	0.2236794182970309	0.0	0	5.609554802829585	
367	FAST	54	59	0.23363279643775064	0.0	0	5.121238228299742	
368	FAST	54	63	0.31193667033525635	0.048	0	15.726440870369531	
369	FAST	55	56	0.10245118238530287	0.0	0	20.968606599992466	
370	FAST	55	57	0.11688081406400345	0.0	0	14.861907207768578	
371	FAST	55	58	0.19303349536806622	0.0	0	7.630330395866238	
372	FAST	55	59	0.15404239253103003	0.0	0	9.097667284511596	
373	FAST	55	60	0.199998124561872	0.0	0	5.854957706538259	
374	FAST	55	61	0.21647929140213404	0.0	0	5.1153478551876175	
375	FAST	56	57	0.051750960196819136	0.0	0	25.893758641608425	
376	FAST	56	58	0.12790363761080126	0.0	0	10.884736406168876	
377	FAST	56	59	0.1378570196416016	0.0	0	8.648311429968466	
378	FAST	56	60	0.1863277627103322	0.0	0	6.498984631899105	
379	FAST	56	61	0.2295672264918869	0.0	0	4.6404771062014225	
380	FAST	56	63	0.3399620284812417	0.048	0	10.057186620462545	
381	FAST	56	64	0.38634472259083835	0.048	0	6.067425650087813	
382	FAST	56	65	0.43919115018064	0.048	0	3.8165216043847634	
383	FAST	56	67	0.42103726473208475	0.048	0	4.237669386026689	
384	FAST	57	58	0.07675344979601327	0.0	0	21.193965294704086	
385	FAST	57	59	0.08670683571689426	0.0	0	16.558832779179568	
386	FAST	57	60	0.13517757878562484	0.0	0	10.316687200585166	
387	FAST	57	61	0.17841704256717958	0.0	0	7.56587707923735	
388	FAST	57	63	0.384340773682992	0.048	0	6.428100355574224	
389	FAST	57	64	0.3412958770645092	0.048	0	9.83917961827068	
390	FAST	57	65	0.38984504348251814	0.048	0	6.156953898520448	
391	FAST	57	66	0.42780336506585737	0.048	0	4.313346774575562	
392	FAST	57	67	0.37333280038000694	0.048	0	6.512104332882025	
393	FAST	58	59	0.07200593315564248	0.0	0	25.10899155378391	
394	FAST	58	60	0.08743951295287825	0.0	0	17.730492852591347	
395	FAST	58	61	0.1310579211587018	0.0	0	10.789778952397514	
396	FAST	58	62	0.255370979338627	0.0	0	5.025710311756433	
397	FAST	58	63	0.42867785119451274	0.048	0	4.276978217968801	
398	FAST	58	64	0.2815888030664809	0.048	0	32.55657122800336	
399	FAST	58	65	0.3403573143357273	0.048	0	10.147714661592918	
400	FAST	58	66	0.39043847436779794	0.048	0	5.629471339951049	
401	FAST	58	67	0.31576294598180515	0.048	0	14.909706065477733	
402	FAST	59	60	0.049577043098683535	0.0	0	28.157120914970903	
403	FAST	59	61	0.09281650299015765	0.0	0	15.670864311309897	
404	FAST	59	62	0.19190307683821625	0.0	0	6.847884272773869	
405	FAST	60	61	0.04366750880351709	0.0	0	35.38435831283393	
406	FAST	60	62	0.16798056309336168	0.0	0	9.593498540480175	
407	FAST	61	62	0.1284738884202208	0.0	0	14.472434054805365	
408	FAST	61	64	0.34189073151411264	0.048	0	9.735910437130219	
409	FAST	61	65	0.27660027650124386	0.048	0	35.72201279930717	
410	FAST	61	66	0.2846057362515169	0.048	0	28.495913775936415	
411	FAST	61	67	0.313713359586781	0.048	0	14.952329124189584	
412	FAST	62	64	0.4213812504185731	0.048	0	4.375550292394224	
413	FAST	62	65	0.3530950978131749	0.048	0	8.62722604053557	
414	FAST	62	66	0.29304974429611425	0.048	0	23.19675962454276	
415	FAST	62	67	0.39218104977363377	0.048	0	5.789551109021123	
416	FAST	64	65	0.3208596406357785	0.048	0	13.5596354127651	
417	FAST	64	66	0.37832092189058875	0.048	0	6.393871387563929	
418	FAST	64	67	0.28711509697401516	0.048	0	26.20916743771847	
419	FAST	65	66	0.30802592284334046	0.048	0	16.949089810068912	
420	FAST	65	67	0.2869529669048198	0.048	0	26.853791434242755	
421	FAST	66	67	0.34723302916346765	0.048	0	9.536875980952109	
422	FAST	68	69	0.31961417983176404	0.048	0	13.421551033486066	
423	FAST	68	70	0.31025070892562745	0.048	0	16.037997000886744	
424	FAST	68	71	0.35282413558903386	0.048	0	8.539665548768902	
425	FAST	68	73	0.3499823949333256	0.048	0	9.086636434870583	
426	FAST	68	74	0.36326856556838494	0.048	0	7.345182851912781	
427	FAST	68	75	0.32293415966345773	0.048	0	12.462332743780255	
428	FAST	68	76	0.3043083788413486	0.048	0	16.931656110921512	
429	FAST	68	77	0.3277074185209801	0.048	0	11.04563836073456	
430	FAST	68	78	0.3537868345681008	0.048	0	7.827158637349061	
431	FAST	69	70	0.35016734253612003	0.048	0	8.722197085396768	
432	FAST	69	71	0.2889421904033205	0.048	0	25.39545470802256	
433	FAST	69	73	0.409725032299345	0.048	0	4.7650185130049785	
434	FAST	69	74	0.43146268347934347	0.048	0	4.01014679239594	
435	FAST	69	75	0.3940090006189977	0.048	0	5.640308464286556	
436	FAST	69	76	0.375242522649161	0.048	0	6.213162994844909	
437	FAST	69	77	0.3880713581061336	0.048	0	5.458127326294474	
438	FAST	69	78	0.4118340394161036	0.048	0	4.676138244863658	
439	FAST	70	71	0.36321139206122	0.048	0	7.639862860735825	
440	FAST	70	73	0.39483539525942135	0.048	0	5.318672409272158	
441	FAST	70	74	0.39209968574495196	0.048	0	5.22772912965604	
442	FAST	70	75	0.3479917875872324	0.048	0	9.150125086895327	
443	FAST	70	76	0.3135398879049619	0.048	0	15.454176769564553	
444	FAST	70	77	0.29472060910445375	0.048	0	21.915261653166016	
445	FAST	70	78	0.31277550312885255	0.048	0	15.182961890652612	
446	FAST	71	75	0.4279180643201304	0.048	0	3.8544827905514585	
447	FAST	71	76	0.404332513209376	0.048	0	5.1956152297458	
448	FAST	71	77	0.40759504955365466	0.048	0	5.2811214129436115	
449	FAST	71	78	0.4282032219443983	0.048	0	4.192537569056719	
450	FAST	72	73	0.14025606737595317	0.0	0	10.721031384072903	
451	FAST	72	74	0.08725546934826098	0.0	0	15.13727933807174	
452	FAST	72	75	0.06345545813248002	0.0	0	26.678783281022298	
453	FAST	72	76	0.04017865109099696	0.0	0	33.88332114074471	
454	FAST	72	77	0.04570755266690181	0.0	0	30.809583110263766	
455	FAST	72	78	0.06345764046771263	0.0	0	24.44305643922479	
456	FAST	73	74	0.05432577344421043	0.0	0	30.85237414907427	
457	FAST	73	75	0.11529474650005098	0.0	0	20.097345676534246	
458	FAST	73	76	0.1530252220284384	0.0	0	13.734608635224204	
459	FAST	73	77	0.19731463802204155	0.0	0	8.129220950942676	
460	FAST	73	78	0.21506473749309424	0.0	0	6.677659806610237	
461	FAST	74	75	0.0623156956289603	0.0	0	28.56945422106078	
462	FAST	74	76	0.10004617115734774	0.0	0	15.326150611748611	
463	FAST	74	77	0.14433558326087026	0.0	0	10.084123244705083	
464	FAST	74	78	0.16208567884184233	0.0	0	8.7884153946438	
465	FAST	75	76	0.042285826075788555	0.0	0	37.31166376584727	
466	FAST	75	77	0.087860882596482	0.0	0	15.740047373879303	
467	FAST	75	78	0.10561097428737345	0.0	0	12.446774824393625	
468	FAST	76	77	0.06410468924890102	0.0	0	29.66075143030504	
469	FAST	76	78	0.08185477704971184	0.0	0	18.409598585055743	
470	FAST	77	78	0.02740920468246461	0.0	0	48.40012916714798	
471	FAST	28	79	0.18189511763356866	0.0	42	5.81156417536102	
472	FAST	30	79	0.31147509836298853	0.0	239	3.1098316747328276	
473	FAST	29	79	0.4857280651718879	0.0	751	1.072547097414737	
474	FAST	21	80	0.3190295311349862	0.0	211	2.9459162651603448	
475	FAST	19	80	0.3075269914650366	0.0	288	2.854169424535702	
476	FAST	22	80	0.2978416196886007	0.0	547	2.854003808783089	
477	FAST	39	81	0.1992536235700529	0.0	480	5.8147905137909435	
478	FAST	38	81	0.283461336175894	0.0	309	3.268748281456313	
479	FAST	37	81	0.28382850631575857	0.0	252	2.639454264471026	
480	FAST	39	82	0.3002070085377951	0.0	587	3.095527507804866	
481	FAST	28	82	0.27166154182053426	0.0	77	3.420839670432684	
482	FAST	38	82	0.4124895828684959	0.0	403	2.1041015439546285	
483	FAST	28	83	0.18914160119750323	0.0	56	5.101937826688475	
484	FAST	30	83	0.37016961965278194	0.0	330	2.189243610757785	
485	FAST	39	83	0.3716147591310597	0.0	648	2.0855804282621144	
