n_interc	
0	
0	
0	
0	
0	
0	
0	
0	
0	
0	
0	
0	
0	
0	
0	
0	
0	
0	
0	
0	
0	
0	
0	
0	
0	
0	
0	
0	
0	
0	
0	
0	
0	
0	
0	
0	
0	
0	
0	
0	
0	
0	
0	
0	
0	
0	
0	
0	
0	
0	
0	
0	
0	
0	
0	
0	
1	
1	
1	
1	
1	
1	
1	
1	
1	
1	
1	
1	
1	
1	
1	
1	
1	
1	
1	
1	
2	
2	
2	
2	
3	
3	
3	
3	
3	
3	
3	
3	
3	
3	
3	
4	
4	
4	
5	
5	
5	
5	
6	
7	
68	
72	
74	
75	
75	
79	
79	
80	
83	
85	
88	
89	
93	
94	
95	
97	
97	
98	
100	
103	
103	
107	
107	
109	
111	
114	
115	
116	
119	
120	
124	
124	
125	
126	
129	
130	
132	
133	
136	
136	
136	
138	
138	
141	
142	
144	
147	
148	
148	
149	
152	
155	
157	
158	
160	
161	
164	
165	
167	
168	
170	
172	
174	
178	
180	
181	
181	
182	
187	
188	
188	
190	
194	
197	
198	
199	
200	
201	
204	
204	
206	
210	
210	
212	
213	
215	
217	
219	
220	
222	
223	
225	
226	
228	
230	
232	
234	
237	
238	
241	
526	
529	
533	
538	
543	
545	
546	
550	
553	
558	
561	
566	
571	
577	
581	
584	
588	
592	
592	
597	
603	
605	
608	
613	
619	
624	
626	
629	
635	
639	
641	
646	
651	
652	
656	
657	
661	
662	
671	
674	
676	
680	
681	
684	
690	
694	
694	
698	
700	
703	
707	
710	
712	
714	
717	
719	
722	
725	
728	
734	
734	
736	
736	
738	
739	
742	
744	
746	
749	
750	
750	
751	
754	
756	
758	
760	
762	
762	
763	
764	
764	
766	
766	
769	
769	
771	
773	
773	
774	
774	
776	
777	
777	
778	
779	
782	
782	
783	
783	
785	
3259	
3264	
3270	
3275	
3278	
3280	
3284	
3288	
3291	
3296	
3301	
3303	
3305	
3307	
3309	
3311	
3316	
3323	
3327	
3329	
3331	
3336	
3338	
3343	
3349	
3351	
3357	
3362	
3365	
3371	
3372	
3376	
3378	
3382	
3385	
3391	
3397	
3403	
3405	
3406	
3409	
3411	
3413	
3415	
3420	
3424	
3433	
3436	
3442	
3444	
3447	
3448	
3449	
3451	
3455	
3457	
3460	
3461	
3463	
3472	
3474	
3475	
3477	
3480	
3481	
3483	
3483	
3484	
3489	
3491	
3492	
3494	
3498	
3502	
3502	
3505	
3506	
3509	
3511	
3516	
3516	
3517	
3519	
3523	
3529	
3532	
3534	
3536	
3539	
3541	
3545	
3546	
3546	
3549	
3549	
3552	
3554	
3557	
3559	
3559	
3033	
3033	
3035	
3036	
3041	
3042	
3043	
3044	
3044	
3045	
3045	
3047	
3048	
3049	
3050	
3052	
3053	
3054	
3057	
3059	
3059	
3060	
3063	
3064	
3066	
3067	
3068	
3069	
3070	
3070	
3071	
3072	
3073	
3074	
3075	
3075	
3076	
3077	
3079	
3081	
3083	
3084	
3086	
3089	
3094	
3095	
3098	
3098	
3099	
3101	
3101	
3103	
3105	
3107	
3107	
3110	
3111	
3114	
3115	
3117	
3118	
3120	
3122	
3123	
3123	
3125	
3127	
3129	
3131	
3133	
3133	
3135	
3136	
3137	
3140	
3140	
3142	
3144	
3145	
3145	
3147	
3148	
3148	
3150	
3150	
3153	
3155	
3155	
3155	
3156	
3160	
3163	
3164	
3168	
3168	
3171	
3172	
3172	
3173	
3176	
