n_interc	
0	
0	
0	
0	
0	
0	
0	
0	
0	
0	
0	
0	
0	
0	
0	
0	
0	
0	
0	
0	
0	
0	
0	
0	
0	
0	
0	
0	
0	
0	
0	
0	
0	
0	
0	
0	
0	
0	
0	
0	
0	
0	
0	
0	
0	
0	
0	
0	
0	
0	
0	
0	
0	
0	
0	
0	
0	
1	
1	
1	
1	
1	
1	
1	
1	
1	
1	
1	
1	
1	
1	
1	
1	
2	
2	
2	
2	
2	
2	
2	
2	
2	
2	
2	
4	
4	
4	
4	
4	
4	
4	
4	
4	
5	
5	
5	
5	
5	
5	
5	
62	
65	
66	
66	
68	
71	
72	
74	
75	
75	
77	
81	
83	
83	
85	
86	
86	
88	
91	
94	
95	
98	
99	
100	
102	
104	
106	
109	
110	
111	
113	
116	
118	
119	
121	
123	
126	
128	
129	
131	
132	
134	
135	
137	
138	
140	
142	
143	
144	
145	
148	
149	
153	
153	
156	
157	
159	
161	
163	
164	
166	
167	
169	
171	
173	
174	
176	
179	
180	
182	
183	
184	
186	
189	
190	
192	
194	
197	
198	
199	
200	
201	
203	
204	
207	
209	
210	
212	
214	
217	
219	
221	
222	
224	
226	
228	
230	
232	
234	
236	
512	
515	
519	
522	
526	
528	
531	
535	
539	
542	
545	
548	
554	
557	
561	
565	
568	
571	
578	
580	
583	
588	
591	
595	
600	
604	
609	
612	
617	
620	
622	
626	
630	
634	
636	
641	
647	
651	
655	
659	
662	
664	
668	
670	
673	
677	
680	
682	
685	
686	
689	
692	
695	
698	
701	
703	
706	
708	
711	
716	
718	
721	
722	
726	
727	
729	
729	
732	
735	
737	
739	
741	
743	
744	
745	
748	
749	
751	
752	
753	
754	
755	
755	
756	
758	
759	
760	
760	
762	
763	
764	
765	
766	
768	
768	
768	
770	
771	
773	
774	
3210	
3212	
3219	
3224	
3224	
3229	
3234	
3236	
3237	
3239	
3241	
3243	
3247	
3254	
3256	
3264	
3268	
3270	
3274	
3282	
3284	
3288	
3290	
3297	
3299	
3304	
3308	
3310	
3314	
3318	
3319	
3323	
3326	
3329	
3336	
3341	
3347	
3352	
3354	
3356	
3360	
3363	
3367	
3371	
3373	
3379	
3382	
3390	
3394	
3396	
3397	
3401	
3406	
3410	
3415	
3421	
3427	
3427	
3428	
3431	
3433	
3436	
3439	
3444	
3445	
3448	
3453	
3454	
3457	
3458	
3460	
3461	
3462	
3465	
3467	
3469	
3471	
3474	
3475	
3475	
3478	
3478	
3483	
3489	
3493	
3495	
3499	
3500	
3502	
3504	
3505	
3507	
3509	
3510	
3512	
3517	
3519	
3521	
3523	
3524	
3001	
3002	
3003	
3004	
3005	
3007	
3008	
3009	
3009	
3012	
3012	
3014	
3015	
3016	
3019	
3020	
3022	
3023	
3026	
3029	
3030	
3032	
3035	
3038	
3040	
3042	
3044	
3045	
3048	
3051	
3054	
3054	
3056	
3058	
3060	
3062	
3064	
3065	
3065	
3067	
3070	
3070	
3073	
3075	
3077	
3079	
3081	
3082	
3084	
3085	
3088	
3088	
3088	
3089	
3091	
3094	
3095	
3095	
3096	
3097	
3098	
3100	
3102	
3104	
3105	
3106	
3109	
3112	
3114	
3116	
3119	
3121	
3122	
3125	
3127	
3128	
3134	
3134	
3134	
3135	
3136	
3138	
3138	
3140	
3141	
3144	
3144	
3145	
3145	
3148	
3148	
3150	
3153	
3156	
3158	
3158	
3158	
3161	
3162	
3164	
