n_interc	
0	
0	
0	
0	
0	
0	
0	
0	
0	
0	
0	
0	
0	
0	
0	
0	
0	
0	
0	
0	
0	
0	
0	
0	
0	
0	
0	
0	
0	
0	
0	
0	
0	
0	
0	
0	
0	
0	
0	
0	
0	
0	
0	
0	
0	
0	
0	
0	
0	
0	
0	
0	
0	
0	
0	
0	
0	
0	
0	
0	
0	
0	
0	
0	
0	
1	
1	
2	
2	
2	
2	
2	
2	
2	
2	
2	
2	
2	
2	
2	
3	
3	
4	
4	
4	
4	
4	
4	
4	
5	
5	
5	
5	
5	
5	
5	
5	
5	
5	
5	
61	
64	
65	
66	
68	
68	
72	
73	
75	
77	
78	
78	
80	
82	
85	
86	
87	
89	
92	
93	
94	
97	
98	
102	
103	
105	
106	
107	
110	
113	
114	
116	
117	
118	
120	
122	
123	
125	
127	
129	
131	
133	
134	
136	
138	
140	
142	
146	
146	
150	
151	
154	
154	
155	
157	
159	
161	
164	
166	
168	
170	
172	
173	
174	
176	
178	
180	
181	
183	
184	
186	
187	
189	
191	
192	
194	
195	
197	
199	
202	
203	
204	
206	
209	
211	
211	
213	
216	
217	
218	
220	
221	
223	
225	
227	
228	
230	
231	
233	
235	
517	
522	
526	
530	
535	
539	
543	
546	
550	
553	
556	
560	
562	
566	
570	
575	
578	
582	
585	
591	
594	
599	
602	
605	
610	
614	
617	
619	
622	
626	
630	
633	
637	
641	
644	
648	
652	
654	
658	
660	
664	
666	
672	
675	
680	
683	
685	
688	
691	
692	
695	
696	
698	
701	
702	
706	
709	
710	
712	
714	
716	
718	
721	
721	
724	
725	
726	
728	
729	
730	
732	
733	
734	
735	
737	
738	
740	
740	
741	
743	
744	
747	
748	
749	
750	
751	
754	
754	
754	
754	
756	
758	
758	
759	
759	
760	
761	
761	
762	
765	
3172	
3179	
3183	
3187	
3193	
3197	
3198	
3203	
3212	
3215	
3217	
3222	
3230	
3234	
3242	
3250	
3252	
3254	
3260	
3265	
3267	
3271	
3274	
3280	
3285	
3286	
3290	
3295	
3298	
3301	
3308	
3313	
3316	
3318	
3321	
3326	
3328	
3329	
3336	
3337	
3339	
3340	
3341	
3345	
3349	
3352	
3359	
3360	
3362	
3364	
3367	
3368	
3370	
3374	
3377	
3378	
3379	
3383	
3386	
3388	
3390	
3392	
3395	
3397	
3399	
3399	
3401	
3406	
3408	
3413	
3415	
3415	
3418	
3418	
3421	
3423	
3425	
3427	
3428	
3430	
3433	
3434	
3438	
3441	
3442	
3443	
3444	
3447	
3450	
3453	
3454	
3458	
3458	
3459	
3460	
3463	
3469	
3471	
3471	
3472	
2960	
2961	
2964	
2966	
2969	
2971	
2974	
2977	
2977	
2980	
2981	
2985	
2987	
2988	
2989	
2990	
2991	
2992	
2992	
2997	
2998	
3000	
3002	
3003	
3005	
3006	
3010	
3012	
3014	
3014	
3017	
3019	
3022	
3024	
3025	
3025	
3030	
3033	
3035	
3036	
3037	
3042	
3045	
3046	
3049	
3050	
3053	
3055	
3056	
3059	
3059	
3061	
3063	
3065	
3068	
3070	
3073	
3073	
3074	
3076	
3076	
3077	
3079	
3079	
3080	
3084	
3086	
3088	
3091	
3092	
3093	
3095	
3098	
3098	
3101	
3104	
3106	
3110	
3112	
3113	
3113	
3116	
3117	
3120	
3120	
3123	
3124	
3126	
3127	
3130	
3131	
3134	
3134	
3134	
3137	
3139	
3139	
3141	
3142	
3144	
