n_interc	
0	
0	
0	
0	
0	
0	
0	
0	
0	
0	
0	
0	
0	
0	
0	
0	
0	
0	
0	
0	
0	
0	
0	
0	
0	
0	
0	
0	
0	
0	
0	
0	
0	
0	
0	
0	
0	
0	
0	
0	
0	
0	
0	
0	
0	
0	
0	
0	
0	
0	
0	
0	
0	
0	
0	
0	
0	
0	
0	
0	
0	
0	
0	
1	
1	
1	
1	
1	
1	
1	
1	
1	
1	
1	
1	
1	
1	
2	
2	
2	
2	
2	
2	
2	
3	
3	
5	
5	
5	
5	
5	
5	
6	
6	
6	
6	
6	
6	
6	
7	
61	
62	
64	
66	
68	
72	
73	
74	
75	
78	
80	
81	
82	
84	
86	
87	
89	
90	
93	
95	
98	
99	
101	
102	
104	
105	
106	
108	
109	
111	
113	
114	
117	
117	
118	
121	
124	
125	
126	
129	
130	
132	
134	
137	
139	
140	
141	
143	
145	
147	
148	
151	
153	
155	
156	
157	
159	
160	
163	
165	
167	
169	
170	
172	
173	
174	
177	
178	
180	
182	
183	
185	
187	
189	
190	
191	
195	
196	
197	
200	
202	
203	
206	
207	
209	
210	
212	
213	
215	
217	
219	
220	
222	
223	
225	
227	
228	
230	
231	
233	
511	
514	
519	
521	
525	
530	
535	
539	
542	
545	
549	
553	
557	
561	
566	
570	
575	
578	
582	
584	
589	
593	
595	
596	
600	
604	
608	
610	
615	
618	
623	
626	
631	
635	
638	
641	
645	
647	
652	
655	
658	
660	
664	
668	
671	
676	
679	
682	
685	
688	
692	
696	
697	
699	
702	
705	
709	
712	
714	
717	
719	
721	
724	
728	
730	
732	
734	
737	
739	
742	
745	
746	
748	
750	
752	
754	
756	
758	
760	
760	
761	
762	
764	
765	
766	
767	
769	
770	
773	
774	
776	
778	
779	
779	
780	
782	
783	
784	
786	
788	
3269	
3272	
3277	
3282	
3286	
3290	
3295	
3301	
3305	
3309	
3314	
3317	
3323	
3330	
3334	
3338	
3343	
3348	
3352	
3359	
3362	
3364	
3368	
3372	
3374	
3376	
3384	
3391	
3396	
3401	
3407	
3408	
3411	
3414	
3417	
3421	
3427	
3429	
3432	
3434	
3437	
3440	
3444	
3447	
3452	
3456	
3460	
3465	
3468	
3470	
3473	
3475	
3482	
3484	
3485	
3487	
3493	
3496	
3500	
3502	
3506	
3511	
3514	
3514	
3517	
3520	
3525	
3529	
3533	
3534	
3537	
3541	
3544	
3547	
3548	
3550	
3551	
3554	
3558	
3560	
3561	
3566	
3570	
3575	
3576	
3577	
3580	
3581	
3584	
3587	
3588	
3594	
3595	
3596	
3597	
3598	
3598	
3600	
3604	
3606	
3073	
3075	
3076	
3077	
3080	
3080	
3082	
3082	
3083	
3084	
3086	
3090	
3090	
3092	
3096	
3099	
3103	
3104	
3105	
3109	
3110	
3112	
3115	
3116	
3117	
3119	
3119	
3121	
3123	
3124	
3125	
3126	
3127	
3129	
3129	
3130	
3132	
3132	
3133	
3134	
3135	
3137	
3137	
3139	
3140	
3143	
3144	
3147	
3149	
3150	
3151	
3152	
3153	
3153	
3154	
3155	
3157	
3158	
3160	
3161	
3162	
3164	
3166	
3167	
3169	
3170	
3172	
3172	
3174	
3174	
3176	
3178	
3179	
3182	
3183	
3184	
3185	
3186	
3188	
3190	
3190	
3192	
3193	
3194	
3197	
3199	
3200	
3202	
3203	
3205	
3207	
3209	
3209	
3210	
3212	
3214	
3217	
3217	
3218	
3219	
