n_interc	
0	
0	
0	
0	
0	
0	
0	
0	
0	
0	
0	
0	
0	
0	
0	
0	
0	
0	
0	
0	
0	
0	
0	
0	
0	
0	
0	
0	
0	
0	
0	
0	
0	
0	
0	
0	
0	
0	
0	
0	
0	
0	
0	
0	
0	
0	
0	
0	
0	
0	
0	
0	
0	
0	
0	
0	
0	
0	
0	
0	
0	
0	
0	
0	
0	
0	
0	
1	
1	
1	
1	
1	
2	
2	
2	
2	
2	
2	
2	
3	
3	
3	
3	
3	
4	
4	
4	
5	
5	
5	
5	
5	
5	
5	
5	
5	
5	
5	
6	
6	
58	
59	
64	
64	
65	
66	
66	
69	
71	
72	
74	
75	
76	
78	
79	
81	
82	
83	
87	
87	
87	
91	
94	
95	
96	
99	
102	
102	
103	
105	
106	
108	
110	
114	
115	
116	
119	
120	
121	
122	
124	
127	
130	
130	
133	
135	
136	
137	
139	
142	
144	
145	
146	
148	
152	
153	
155	
156	
157	
158	
159	
163	
164	
166	
167	
169	
171	
174	
174	
177	
179	
181	
182	
183	
184	
185	
187	
191	
192	
193	
195	
197	
198	
200	
201	
206	
208	
208	
211	
211	
212	
214	
218	
219	
222	
224	
225	
225	
227	
231	
502	
506	
512	
518	
519	
523	
525	
530	
536	
540	
545	
547	
551	
554	
557	
562	
564	
570	
572	
576	
581	
584	
588	
591	
597	
599	
605	
607	
611	
614	
616	
619	
626	
628	
632	
636	
642	
647	
651	
655	
658	
661	
663	
667	
670	
671	
675	
681	
683	
684	
690	
692	
695	
697	
699	
702	
704	
707	
709	
711	
714	
716	
718	
720	
724	
726	
728	
728	
730	
731	
735	
737	
738	
738	
739	
742	
744	
745	
747	
747	
749	
752	
754	
755	
759	
760	
761	
763	
764	
765	
766	
768	
770	
771	
772	
773	
774	
774	
776	
777	
3228	
3236	
3244	
3250	
3256	
3261	
3264	
3273	
3276	
3281	
3285	
3290	
3296	
3303	
3308	
3312	
3318	
3323	
3328	
3329	
3333	
3339	
3342	
3344	
3352	
3353	
3356	
3361	
3368	
3373	
3378	
3382	
3385	
3390	
3395	
3398	
3404	
3408	
3411	
3416	
3421	
3422	
3424	
3433	
3436	
3438	
3441	
3445	
3449	
3453	
3456	
3459	
3461	
3463	
3466	
3467	
3474	
3478	
3481	
3484	
3487	
3488	
3493	
3498	
3498	
3501	
3503	
3506	
3507	
3510	
3510	
3513	
3515	
3517	
3521	
3524	
3527	
3530	
3535	
3535	
3538	
3542	
3544	
3549	
3550	
3554	
3556	
3559	
3564	
3566	
3569	
3569	
3573	
3576	
3581	
3584	
3588	
3589	
3591	
3592	
3061	
3061	
3063	
3065	
3068	
3071	
3073	
3075	
3075	
3077	
3079	
3080	
3080	
3081	
3082	
3084	
3085	
3086	
3089	
3091	
3094	
3097	
3099	
3101	
3101	
3103	
3105	
3105	
3106	
3106	
3108	
3110	
3115	
3115	
3115	
3117	
3119	
3119	
3120	
3121	
3122	
3124	
3127	
3129	
3132	
3132	
3135	
3137	
3139	
3139	
3141	
3143	
3149	
3149	
3149	
3151	
3154	
3154	
3155	
3160	
3160	
3163	
3164	
3166	
3168	
3168	
3169	
3170	
3171	
3172	
3173	
3175	
3177	
3179	
3180	
3180	
3183	
3185	
3186	
3190	
3191	
3192	
3192	
3196	
3197	
3199	
3201	
3202	
3202	
3203	
3206	
3207	
3208	
3208	
3212	
3214	
3216	
3219	
3219	
3219	
