n_interc	
0	
0	
0	
0	
0	
0	
0	
0	
0	
0	
0	
0	
0	
0	
0	
0	
0	
0	
0	
0	
0	
0	
0	
0	
0	
0	
0	
0	
0	
0	
0	
0	
0	
0	
0	
0	
0	
0	
0	
0	
0	
0	
0	
0	
0	
0	
0	
0	
0	
0	
0	
0	
0	
0	
0	
1	
1	
1	
1	
1	
1	
1	
1	
1	
1	
1	
1	
2	
2	
2	
2	
2	
2	
2	
2	
2	
3	
4	
4	
4	
4	
4	
4	
5	
5	
5	
5	
5	
5	
5	
5	
5	
6	
6	
6	
6	
6	
6	
6	
7	
72	
75	
76	
78	
81	
82	
83	
85	
86	
89	
90	
93	
93	
96	
97	
98	
99	
100	
101	
103	
105	
107	
109	
111	
113	
116	
118	
119	
121	
122	
125	
126	
127	
128	
130	
132	
133	
136	
138	
139	
141	
142	
143	
145	
148	
149	
150	
152	
153	
155	
157	
158	
160	
161	
163	
164	
165	
167	
168	
170	
171	
174	
175	
177	
180	
182	
183	
187	
188	
190	
191	
192	
194	
197	
198	
200	
201	
203	
205	
206	
208	
209	
210	
213	
215	
217	
219	
221	
222	
223	
225	
228	
229	
230	
233	
235	
236	
238	
239	
241	
529	
531	
535	
538	
542	
546	
550	
553	
557	
561	
566	
568	
572	
576	
580	
583	
590	
594	
598	
601	
606	
608	
613	
615	
621	
624	
630	
634	
637	
639	
645	
648	
652	
654	
659	
663	
667	
670	
674	
679	
681	
686	
690	
692	
696	
698	
700	
705	
708	
709	
712	
716	
718	
720	
722	
723	
724	
726	
727	
730	
732	
735	
737	
739	
741	
743	
745	
746	
746	
750	
751	
754	
755	
756	
757	
759	
759	
760	
762	
763	
763	
765	
766	
767	
769	
769	
770	
772	
773	
774	
777	
778	
779	
782	
782	
783	
784	
785	
787	
788	
3276	
3282	
3292	
3298	
3299	
3301	
3303	
3305	
3310	
3313	
3316	
3323	
3328	
3334	
3335	
3340	
3345	
3348	
3350	
3352	
3356	
3358	
3361	
3363	
3367	
3371	
3378	
3378	
3382	
3385	
3390	
3392	
3395	
3401	
3404	
3406	
3411	
3416	
3420	
3425	
3427	
3434	
3440	
3443	
3448	
3451	
3456	
3465	
3467	
3470	
3471	
3476	
3480	
3481	
3487	
3490	
3491	
3493	
3499	
3502	
3504	
3508	
3513	
3518	
3521	
3525	
3526	
3528	
3532	
3535	
3536	
3537	
3542	
3543	
3544	
3546	
3551	
3555	
3555	
3557	
3557	
3559	
3562	
3564	
3568	
3571	
3574	
3575	
3577	
3579	
3579	
3581	
3582	
3585	
3586	
3588	
3588	
3589	
3591	
3593	
3057	
3059	
3062	
3064	
3064	
3065	
3068	
3069	
3071	
3073	
3078	
3080	
3080	
3082	
3083	
3084	
3086	
3089	
3092	
3096	
3098	
3100	
3102	
3104	
3105	
3107	
3110	
3112	
3115	
3116	
3117	
3118	
3119	
3122	
3124	
3124	
3126	
3128	
3130	
3133	
3136	
3139	
3140	
3140	
3141	
3144	
3146	
3147	
3148	
3151	
3152	
3154	
3158	
3160	
3161	
3161	
3161	
3162	
3164	
3165	
3167	
3167	
3170	
3170	
3171	
3174	
3176	
3177	
3177	
3179	
3181	
3182	
3182	
3185	
3186	
3187	
3189	
3191	
3194	
3197	
3197	
3198	
3199	
3202	
3204	
3206	
3207	
3207	
3208	
3211	
3214	
3216	
3216	
3216	
3217	
3219	
3220	
3221	
3221	
3222	
