id	type	l1	l2	friction	risk	count	acc	
1	FAST	1	2	0.02151630826214646	0.0	0	76.93983042151778	
2	FAST	1	3	0.027987052819351734	0.0	0	57.066847390994674	
3	FAST	1	4	0.07302656972007415	0.0	0	20.648785523815764	
4	FAST	1	5	0.10800269310982086	0.0	0	14.410862537346564	
5	FAST	1	6	0.2005826597473596	0.0	0	6.905596740973323	
6	FAST	1	7	0.05791240055316788	0.0	0	35.59252718270059	
7	FAST	1	8	0.06855335822514483	0.0	0	22.811263823365334	
8	FAST	1	68	0.36490858423453987	0.048	0	8.38061449396118	
9	FAST	1	69	0.40115801759656244	0.048	0	5.556127714811034	
10	FAST	1	70	0.423550267947518	0.048	0	4.987217211314169	
11	FAST	1	71	0.44235053412726005	0.048	0	4.2359717780503106	
12	FAST	1	72	0.28733633203502157	0.0	0	7.529813087488153	
13	FAST	1	73	0.1906077266698771	0.0	0	21.366375214426462	
14	FAST	1	74	0.20210142113627694	0.0	0	12.314191475683359	
15	FAST	1	75	0.2630703980821981	0.0	0	10.830475146673827	
16	FAST	1	76	0.3008008736105855	0.0	0	8.17796857646528	
17	FAST	1	77	0.3450902934942693	0.0	0	5.4084311852908815	
18	FAST	1	78	0.36284036573475764	0.0	0	4.558261283518856	
19	FAST	2	3	0.007516752227496343	0.0	0	220.9473629166657	
20	FAST	2	4	0.05255626523813813	0.0	0	30.574721360530116	
21	FAST	2	5	0.08753238084772358	0.0	0	18.25067803607312	
22	FAST	2	6	0.18130277439888826	0.0	0	7.9862667127462	
23	FAST	2	7	0.06458409111532147	0.0	0	27.644624214783548	
24	FAST	2	8	0.04808305763328943	0.0	0	33.29766597162472	
25	FAST	2	23	0.24993272053144797	0.0	3736	1.5497070498938887	
26	FAST	2	68	0.36470401260312413	0.048	3720	1.3708003350098201	
27	FAST	2	69	0.391780317504476	0.048	2	7.26295139905065	
28	FAST	2	70	0.4257275325971185	0.048	1	4.956315521376892	
29	FAST	2	71	0.43263050137245695	0.048	1	4.54916526082042	
30	FAST	2	72	0.3002858035948819	0.0	0	6.445734727810228	
31	FAST	2	73	0.2035572098999793	0.0	0	15.86466816386347	
32	FAST	2	74	0.21505090436637914	0.0	0	9.927819597746526	
33	FAST	2	75	0.2760198696420584	0.0	0	9.645913785483359	
34	FAST	2	76	0.3137503451704458	0.0	0	7.640009788446307	
35	FAST	2	77	0.3580397650541296	0.0	0	5.176938154506662	
36	FAST	3	4	0.04596140765847902	0.0	0	35.67151427511688	
37	FAST	3	5	0.08093752715814509	0.0	0	18.42373829602703	
38	FAST	3	6	0.18231210638901338	0.0	0	8.488140124149945	
39	FAST	3	7	0.06852057262560743	0.0	0	25.436387513494584	
40	FAST	3	8	0.04148820394371095	0.0	0	38.25724072556125	
41	FAST	3	23	0.253869190371492	0.0	43	5.3177326506086855	
42	FAST	3	68	0.3624783762095865	0.048	41	8.941593982750936	
43	FAST	3	69	0.3866275625916361	0.048	2	6.6485622895930145	
44	FAST	3	70	0.424054534998753	0.048	0	4.9446110738300755	
45	FAST	3	71	0.42731742112785376	0.048	0	4.811554346472055	
46	FAST	3	72	0.30422229677540974	0.0	0	6.061967673003986	
47	FAST	3	73	0.20749369141026527	0.0	0	15.613074541750287	
48	FAST	3	74	0.2189873742064232	0.0	0	9.465950069768061	
49	FAST	3	75	0.27995636282258624	0.0	0	9.598839619500088	
50	FAST	3	76	0.3176868383509737	0.0	0	8.239250866636711	
51	FAST	3	77	0.36197625823465746	0.0	0	5.675416227888292	
52	FAST	4	5	0.03612179881582182	0.0	0	45.16425256267021	
53	FAST	4	6	0.131309053093839	0.0	0	11.874038594436493	
54	FAST	4	7	0.11268187659387058	0.0	0	15.675836402664007	
55	FAST	4	8	0.007503043583361338	0.0	0	297.8371862572067	
56	FAST	4	9	0.19906910328632327	0.0	1	6.48244222729764	
57	FAST	4	23	0.20219244902298494	0.0	98	6.852261831302472	
58	FAST	4	24	0.1883962275027891	0.0	16	6.8010623549349765	
59	FAST	4	68	0.38518730849483807	0.048	112	6.712741900217718	
60	FAST	4	69	0.38862564188147486	0.048	2	6.718632139841231	
61	FAST	4	71	0.42626530464684514	0.048	1	4.965909082259413	
62	FAST	4	73	0.25165497981820595	0.0	0	10.113763589771487	
63	FAST	4	74	0.26314868595484764	0.0	0	6.862045074240975	
64	FAST	4	75	0.32411765123052694	0.0	0	6.826339416108184	
65	FAST	4	76	0.36184812675891437	0.0	0	5.692580920808473	
66	FAST	5	6	0.09695465406038882	0.0	0	18.023004859607042	
67	FAST	5	7	0.1480079633072034	0.0	0	11.383178983646534	
68	FAST	5	8	0.04282913807685543	0.0	0	37.12752821567657	
69	FAST	5	9	0.1647147042528731	0.0	0	8.633011850795112	
70	FAST	5	10	0.20580158024837855	0.0	0	6.28594492447469	
71	FAST	5	11	0.315176425388388	0.0	0	5.5666300677864635	
72	FAST	5	23	0.1678380499895348	0.0	0	8.213794014000916	
73	FAST	5	24	0.1540418323594195	0.0	1	8.097915128788026	
74	FAST	5	25	0.21818540685428356	0.0	185	5.840911103593967	
75	FAST	5	68	0.41072317596004826	0.048	184	5.122154699606166	
76	FAST	5	69	0.4016265693558544	0.048	2	6.278945912988156	
77	FAST	5	71	0.4354848530175842	0.048	0	4.562577625305182	
78	FAST	5	73	0.2869810937621032	0.0	0	6.963331969473773	
79	FAST	5	74	0.2984747765582611	0.0	0	5.023839390193161	
80	FAST	5	75	0.3594437418339404	0.0	0	4.94413799648846	
81	FAST	6	7	0.22348282140222536	0.0	0	6.950835921771379	
82	FAST	6	8	0.1367366608602571	0.0	0	11.83208165839069	
83	FAST	6	9	0.07023925303818712	0.0	0	21.41854132610001	
84	FAST	6	10	0.11132612125353132	0.0	0	12.279499451159182	
85	FAST	6	11	0.2207009547232989	0.0	0	8.354604505667762	
86	FAST	6	12	0.25762382228263525	0.0	0	6.5514679304152175	
87	FAST	6	23	0.1142018866986697	0.0	0	13.525180553438123	
88	FAST	6	24	0.1001154807239066	0.0	0	14.73824979800965	
89	FAST	6	25	0.16454923189317652	0.0	0	10.252230730806126	
90	FAST	6	26	0.15947391760864105	0.0	0	8.751069418791383	
91	FAST	7	8	0.10798518774699241	0.0	0	16.250914982004815	
92	FAST	7	23	0.2485729428477388	0.0	16	5.729718059032823	
93	FAST	7	24	0.2631165461086946	0.0	9	5.189527612744995	
94	FAST	7	68	0.40415430617655823	0.048	25	5.88273281677909	
95	FAST	7	69	0.4403988038214797	0.048	0	4.6915706506044925	
96	FAST	7	72	0.25068690991330783	0.0	0	5.515589110669188	
97	FAST	7	73	0.15395831621840525	0.0	0	15.726879520236949	
98	FAST	7	74	0.16545201068480506	0.0	0	11.040657856812201	
99	FAST	7	75	0.22642097596048436	0.0	0	8.478555181975873	
100	FAST	7	76	0.26415145148887176	0.0	0	6.3839124610996345	
101	FAST	8	9	0.20593583471103105	0.0	0	6.495481343645538	
102	FAST	8	23	0.20905918044769273	0.0	0	7.355029147567613	
103	FAST	8	24	0.19526296281757746	0.0	0	6.328675010068469	
104	FAST	8	68	0.381788758681206	0.048	0	7.244687729533599	
105	FAST	8	69	0.3874760334580042	0.048	0	6.482278744595654	
106	FAST	8	71	0.4256121061407696	0.048	0	5.033385368316483	
107	FAST	8	72	0.34401116178742613	0.0	0	4.7647669684459855	
108	FAST	8	73	0.2472825797627654	0.0	0	9.23315551471874	
109	FAST	8	74	0.25877625866884274	0.0	0	7.224536324793243	
110	FAST	8	75	0.3197452278346027	0.0	0	6.132306047479588	
111	FAST	8	76	0.3574757033629901	0.0	0	5.95661179252661	
112	FAST	9	10	0.042910483552879006	0.0	0	35.66019634359804	
113	FAST	9	11	0.15228532869288847	0.0	0	14.508552257594602	
114	FAST	9	12	0.18920818458198294	0.0	0	9.018843992955766	
115	FAST	9	13	0.22995744825989792	0.0	0	6.87053718817246	
116	FAST	9	14	0.25331769753086336	0.0	0	5.527030909800421	
117	FAST	9	15	0.24757465090643752	0.0	0	5.665966409000768	
118	FAST	9	23	0.17921559053844677	0.0	0	10.870779495074096	
119	FAST	9	24	0.16512918067360308	0.0	0	11.405503827133986	
120	FAST	9	25	0.17977600333395677	0.0	0	12.898502313014664	
121	FAST	9	26	0.09105827990798876	0.0	0	18.976228034214706	
122	FAST	9	27	0.17848346569391205	0.0	1	9.214774979283208	
123	FAST	9	29	0.1855811706559399	0.0	0	8.733726017728879	
124	FAST	10	11	0.10937484514000945	0.0	0	15.22580245885017	
125	FAST	10	12	0.1462977010291039	0.0	0	11.282383950656916	
126	FAST	10	13	0.18704696470701887	0.0	0	8.35678296346769	
127	FAST	10	14	0.21040721786806496	0.0	0	6.9635288152590595	
128	FAST	10	15	0.2046641673535585	0.0	0	6.691646712483658	
129	FAST	10	16	0.20323672949747695	0.0	0	5.75570805913502	
130	FAST	10	23	0.213153638132304	0.0	0	8.775105555787498	
131	FAST	10	24	0.199016878953885	0.0	0	9.68219820227949	
132	FAST	10	25	0.13705416535107862	0.0	0	13.880809070126919	
133	FAST	10	26	0.04814779635510974	0.0	0	32.86233882714257	
134	FAST	10	27	0.1355729938112749	0.0	0	14.326277725361882	
135	FAST	10	29	0.14267068710306088	0.0	0	12.151465460925744	
136	FAST	11	12	0.0364924262477068	0.0	0	43.979035287194534	
137	FAST	11	13	0.07678160230952209	0.0	0	19.154922145969064	
138	FAST	11	14	0.1121667443368769	0.0	0	13.626784167960139	
139	FAST	11	15	0.13120902745063714	0.0	0	10.90010761852326	
140	FAST	11	16	0.21670056307836655	0.0	0	8.289754846679445	
141	FAST	11	24	0.31300570982660975	0.0	0	4.861232792707367	
142	FAST	11	25	0.2510430001138839	0.0	0	6.053446061198346	
143	FAST	11	26	0.0629029032998397	0.0	0	23.624766672617664	
144	FAST	11	27	0.15032809297584365	0.0	0	8.32675469995576	
145	FAST	11	29	0.1574258018279521	0.0	0	8.772968840254313	
146	FAST	11	31	0.2612748846871239	0.0	0	5.727899412371356	
147	FAST	12	13	0.041186765485885346	0.0	0	37.93380003454315	
148	FAST	12	14	0.0765719114033208	0.0	0	20.38959778136757	
149	FAST	12	15	0.09561419451708102	0.0	0	16.71320262878782	
150	FAST	12	16	0.14372326122945295	0.0	0	10.595704561693111	
151	FAST	12	26	0.09403059326424705	0.0	0	17.297082677476443	
152	FAST	12	27	0.1814557907204122	0.0	0	8.35116523212868	
153	FAST	12	29	0.18855348401219818	0.0	0	7.637085616552527	
154	FAST	12	31	0.19481717124778766	0.0	0	7.223509405891704	
155	FAST	13	14	0.035643937421330284	0.0	0	44.027719782671554	
156	FAST	13	15	0.05468622442517113	0.0	0	30.497078470565068	
157	FAST	13	16	0.10279528335738179	0.0	0	16.773117863415987	
158	FAST	13	26	0.13496519205354798	0.0	0	12.044556555424078	
159	FAST	13	27	0.22239038950971318	0.0	0	7.058808926460129	
160	FAST	13	29	0.22948808669157972	0.0	0	6.964936343939533	
161	FAST	13	31	0.15388919337571655	0.0	0	9.799653483319272	
162	FAST	14	15	0.019130319528464904	0.0	0	85.84064402445942	
163	FAST	14	16	0.06723938624083681	0.0	0	24.03968987094836	
164	FAST	14	26	0.1630868027618412	0.0	0	9.94076773293785	
165	FAST	14	27	0.2503014029230186	0.0	0	6.073268436680855	
166	FAST	14	29	0.25739912344536897	0.0	0	6.7531569859781495	
167	FAST	14	31	0.1183333001492522	0.0	0	12.542785544238287	
168	FAST	14	32	0.21194727355834295	0.0	0	5.87174941812211	
169	FAST	15	16	0.048585982817270716	0.0	0	35.061611801372365	
170	FAST	15	26	0.15747477794306555	0.0	0	9.024250392072142	
171	FAST	15	27	0.244689378104243	0.0	0	6.399041305482019	
172	FAST	15	29	0.25178707528610955	0.0	0	6.334671670160994	
173	FAST	15	31	0.09967989283560547	0.0	0	15.75647920376908	
174	FAST	15	32	0.1932938779149381	0.0	0	6.4959602461024675	
175	FAST	16	26	0.15613073174541822	0.0	0	7.617371008630045	
176	FAST	16	27	0.24334533190659563	0.0	0	7.0479909110790535	
177	FAST	16	29	0.250443052428946	0.0	0	6.996494006285586	
178	FAST	16	31	0.05291526521902438	0.0	0	31.013180552447704	
179	FAST	16	32	0.14652924640827636	0.0	0	10.27883517153366	
180	FAST	17	18	0.144492633596006	0.0	0	10.207888439728283	
181	FAST	17	19	0.20948451408345695	0.0	0	7.902381945505098	
182	FAST	17	20	0.22112509410431017	0.0	0	6.415422916173838	
183	FAST	17	21	0.2301959607734761	0.0	0	7.046104733336291	
184	FAST	18	19	0.06547912086633792	0.0	0	25.96883970976681	
185	FAST	18	20	0.07711971255743301	0.0	0	22.518215319077605	
186	FAST	18	21	0.08619056366627643	0.0	0	20.13084997905849	
187	FAST	18	22	0.11826343430116347	0.0	0	14.229876906635102	
188	FAST	18	23	0.2031332533527576	0.0	0	7.1777019654992	
189	FAST	18	24	0.21725088889480668	0.0	0	6.6532957291142925	
190	FAST	19	20	0.0557718564567446	0.0	0	25.79972383011982	
191	FAST	19	21	0.020826386902350846	0.0	0	77.56646248606073	
192	FAST	19	22	0.052899253647157266	0.0	0	29.447396198274436	
193	FAST	19	23	0.18178540114214978	0.0	505	6.831229706399189	
194	FAST	19	24	0.19590302501395698	0.0	4	7.184591964490643	
195	FAST	19	25	0.25918542512951476	0.0	0	6.269397234314008	
196	FAST	20	21	0.051960300995763854	0.0	0	30.280966274934634	
197	FAST	20	22	0.057609725049702395	0.0	0	29.645948143134614	
198	FAST	20	23	0.12831906321120456	0.0	0	12.517817463706033	
199	FAST	20	24	0.14243669875325368	0.0	0	11.53065977466484	
200	FAST	20	25	0.20571908719856957	0.0	0	8.868436363114734	
201	FAST	21	22	0.03241731782414188	0.0	0	48.774856557236134	
202	FAST	21	23	0.177942145414127	0.0	382	7.806113852276617	
203	FAST	21	24	0.1920597848462567	0.0	5	7.228262444204875	
204	FAST	21	25	0.25534216940149196	0.0	0	6.7964908123061925	
205	FAST	22	23	0.18354915202889183	0.0	2983	5.197283803052077	
206	FAST	22	24	0.19766678757094094	0.0	14	8.473696180860163	
207	FAST	22	25	0.2609491876864987	0.0	0	8.355885696468492	
208	FAST	23	24	0.014785710209034767	0.0	0	108.51655465298029	
209	FAST	23	25	0.07806810643451191	0.0	29	18.340293353582958	
210	FAST	23	26	0.26582657077857297	0.0	0	5.8777864044461	
211	FAST	24	25	0.06401010971857911	0.0	0	23.423637462585702	
212	FAST	24	26	0.25176857017255955	0.0	0	6.232787480630043	
213	FAST	24	27	0.3391937559584829	0.0	3	5.134871820929735	
214	FAST	25	26	0.1896613206239994	0.0	0	8.239573990515558	
215	FAST	25	27	0.2770865064099227	0.0	0	7.7579724836127975	
216	FAST	25	29	0.28418422304219243	0.0	0	7.711939826925561	
217	FAST	25	30	0.4521379951502652	0.0	214	5.159815620765644	
218	FAST	26	27	0.08793642018212716	0.0	0	16.160381353420203	
219	FAST	26	29	0.09503412125407436	0.0	0	14.170718043557526	
220	FAST	26	31	0.2001531209344359	0.0	0	6.231033915657674	
221	FAST	27	29	0.009295402123045745	0.0	0	173.3624057320283	
222	FAST	27	30	0.1772491897914411	0.0	4	8.395132357026787	
223	FAST	27	31	0.28774323446876776	0.0	0	5.751903097164327	
224	FAST	28	30	0.15944353607893208	0.0	27	11.470563469504214	
225	FAST	29	30	0.16795380711879848	0.0	0	7.960440230540729	
226	FAST	29	31	0.2954023675373496	0.0	0	5.9538057630544206	
227	FAST	31	32	0.09361397729917137	0.0	0	16.463417603428514	
228	FAST	31	33	0.20448155529861253	0.0	0	6.267013155074262	
229	FAST	32	33	0.11533800808672107	0.0	0	12.479735273144513	
230	FAST	32	34	0.21282922874836685	0.0	0	6.021917281233216	
231	FAST	32	35	0.1856925008734483	0.0	0	6.965577694694182	
232	FAST	33	34	0.09994297898851423	0.0	0	15.348262179480708	
233	FAST	33	35	0.08939985684434527	0.0	0	19.642567800274364	
234	FAST	33	36	0.23577195177538954	0.0	0	6.406304660958827	
235	FAST	33	43	0.21187265792180676	0.0	0	6.135228260842443	
236	FAST	33	44	0.23313834384937832	0.0	0	6.016873893099461	
237	FAST	34	35	0.07425086367565223	0.0	4	21.20695185191144	
238	FAST	34	36	0.22119958914834686	0.0	24	5.972529453049211	
239	FAST	34	40	0.21309968660406667	0.0	0	6.308334300047668	
240	FAST	34	41	0.19701331626663482	0.0	42	6.573684205997115	
241	FAST	34	42	0.19652467156864095	0.0	0	9.550576842458323	
242	FAST	34	43	0.11495453171851999	0.0	0	15.766593956956555	
243	FAST	34	44	0.1362202176460916	0.0	0	11.841435074529425	
244	FAST	34	45	0.17083477360173724	0.0	0	9.9266208740677	
245	FAST	34	46	0.1415772009986984	0.0	0	11.356409446373787	
246	FAST	34	47	0.2729031837234328	0.0	0	6.680027953988593	
247	FAST	34	48	0.30365908701192784	0.0	0	5.657318995215966	
248	FAST	34	49	0.2550983585980977	0.0	0	6.066449590670498	
249	FAST	34	63	0.41350450727089905	0.048	70	5.743942660385869	
250	FAST	35	36	0.15314777123847956	0.0	0	9.693290554289906	
251	FAST	35	37	0.18349454307702828	0.0	198	7.031574028455048	
252	FAST	35	40	0.18010409662424917	0.0	0	7.6873284314870025	
253	FAST	35	41	0.1906017709564348	0.0	1	7.275613794086423	
254	FAST	35	42	0.2441990567814982	0.0	0	7.864486657422267	
255	FAST	35	43	0.16262891693137727	0.0	15	8.880977469387735	
256	FAST	35	44	0.18389460285894885	0.0	49	7.515583579368286	
257	FAST	35	45	0.21850915881459448	0.0	130	5.645496504774383	
258	FAST	35	46	0.18925158232147501	0.0	0	6.964293532196044	
259	FAST	36	37	0.03814278128412667	0.0	9	43.42127970817492	
260	FAST	36	38	0.11676273844668511	0.0	0	15.543536319176168	
261	FAST	36	39	0.19725989680743664	0.0	15	7.4217554116308975	
262	FAST	36	40	0.1635373363399172	0.0	0	13.168328663161752	
263	FAST	36	41	0.3269651669101407	0.0	0	8.376687241305671	
264	FAST	36	42	0.39092006082427827	0.0	0	5.730571012022723	
265	FAST	37	38	0.08093381602122546	0.0	0	25.918185850982358	
266	FAST	37	39	0.15061684588073954	0.0	1	10.737551434552746	
267	FAST	37	40	0.14019839693063493	0.0	5	15.915348848659375	
268	FAST	37	41	0.3579232571393046	0.0	148	8.673766259661207	
269	FAST	37	42	0.4218781277129583	0.0	61	5.098712373177801	
270	FAST	38	39	0.08372419808664779	0.0	1	18.886334407049667	
271	FAST	38	40	0.11208962348841593	0.0	3	15.982251193507013	
272	FAST	38	41	0.40779445257479646	0.0	345	8.123053030485071	
273	FAST	38	42	0.46110764581155694	0.0	25	4.701960917460561	
274	FAST	39	40	0.19341849275779302	0.0	36	8.027242894843338	
275	FAST	39	41	0.48912332573425416	0.0	146	5.059744273711983	
276	FAST	40	41	0.2986730228472532	0.0	0	38.08349773743237	
277	FAST	40	42	0.3519861888534493	0.0	0	9.573638557447941	
278	FAST	40	43	0.30170619262486453	0.0	44	4.962585709597963	
279	FAST	41	42	0.25357444285234754	0.0	0	15.30039423314278	
280	FAST	41	43	0.20648708636666077	0.0	388	5.731047983604777	
281	FAST	41	44	0.22937622353302517	0.0	203	5.346510324934125	
282	FAST	41	46	0.2310540153081182	0.0	0	6.397368288520367	
283	FAST	42	43	0.11780820928584947	0.0	8	13.718300162112724	
284	FAST	42	44	0.13084020112608316	0.0	9	11.745783189204259	
285	FAST	42	45	0.16679591294946913	0.0	16	8.695840457213606	
286	FAST	42	46	0.1325179929011762	0.0	0	13.47406830547861	
287	FAST	42	47	0.24937123796376515	0.0	53	5.321827495047666	
288	FAST	42	49	0.20710935144416465	0.0	0	6.371770423205308	
289	FAST	43	44	0.023101644490940768	0.0	0	72.55878499433625	
290	FAST	43	45	0.05771618877634452	0.0	0	26.417837690082404	
291	FAST	43	46	0.0288340089539606	0.0	0	60.968439118579646	
292	FAST	43	47	0.159784610568282	0.0	0	11.586809720606954	
293	FAST	43	48	0.19054051385677703	0.0	0	8.81908538613438	
294	FAST	43	49	0.14197978544294687	0.0	0	12.349888917386277	
295	FAST	43	63	0.3923885515678148	0.048	452	5.616280931587336	
296	FAST	44	45	0.03650977211722949	0.0	0	45.16802365072088	
297	FAST	44	46	0.02575993886862073	0.0	0	70.64433790700195	
298	FAST	44	47	0.14086488833480484	0.0	0	15.733861967135349	
299	FAST	44	48	0.171620779953058	0.0	0	10.90230661666639	
300	FAST	44	49	0.12306006320946969	0.0	0	15.13407359797574	
301	FAST	44	50	0.2795338767258421	0.0	0	5.431787673095175	
302	FAST	44	54	0.4062621031342436	0.0	0	5.223199167145378	
303	FAST	44	63	0.3774616757931424	0.048	255	7.293731000024771	
304	FAST	45	46	0.05900224943214269	0.0	0	30.077225413221264	
305	FAST	45	47	0.11029916330807826	0.0	0	26.76043751550563	
306	FAST	45	48	0.1410550549263314	0.0	0	16.611220287549518	
307	FAST	45	49	0.07388850655518356	0.0	0	25.15013151901277	
308	FAST	45	50	0.2303623317417979	0.0	0	6.605811008863223	
309	FAST	45	52	0.29512067512879453	0.0	0	5.295459936461748	
310	FAST	45	53	0.3237251926661545	0.0	0	5.529235423459409	
311	FAST	45	54	0.3570905581501994	0.0	0	6.130503373462692	
312	FAST	45	56	0.4526480314016355	0.0	0	4.251020829176807	
313	FAST	45	63	0.3512879165346726	0.048	139	9.488623341999498	
314	FAST	46	47	0.15177768484110474	0.0	0	13.76495497525588	
315	FAST	46	48	0.1825335725692773	0.0	0	10.444213117393867	
316	FAST	46	49	0.1095157983215043	0.0	0	15.119205649749219	
317	FAST	47	48	0.033308403033401005	0.0	0	51.74646226591833	
318	FAST	47	49	0.04335293354340888	0.0	0	42.53355759104087	
319	FAST	47	50	0.13698732987579948	0.0	0	12.646805582877612	
320	FAST	47	51	0.1911754722673719	0.0	0	7.4455275872766435	
321	FAST	47	52	0.21128708019471065	0.0	0	8.81588937983387	
322	FAST	47	53	0.2398915977320707	0.0	0	8.412088808693055	
323	FAST	47	54	0.2732569865565993	0.0	0	9.271561074331592	
324	FAST	47	56	0.3688144364675517	0.0	0	5.97288882464141	
325	FAST	47	63	0.32931771848225994	0.048	53	12.740529957402886	
326	FAST	48	49	0.07429681330803665	0.0	0	31.601243828383534	
327	FAST	48	50	0.10466340899746844	0.0	0	17.34090981597845	
328	FAST	48	51	0.15885155138904086	0.0	0	9.474737688500772	
329	FAST	48	52	0.17896317098662154	0.0	0	10.878209937439536	
330	FAST	48	53	0.2075677001942234	0.0	0	10.946410801319342	
331	FAST	48	54	0.2409330695683489	0.0	0	11.110597880690857	
332	FAST	48	55	0.31065396158262065	0.0	0	5.250173191839417	
333	FAST	48	56	0.33649051558922066	0.0	0	5.941971262254946	
334	FAST	48	63	0.33176830010421277	0.048	0	12.470637924608079	
335	FAST	49	50	0.1566683642287674	0.0	0	10.132420230727586	
336	FAST	49	51	0.1845573986865216	0.0	0	7.041335368232553	
337	FAST	49	52	0.22142669594552217	0.0	0	7.291760616761572	
338	FAST	49	53	0.25003121348288215	0.0	0	7.2786427567268035	
339	FAST	49	54	0.28339660619749146	0.0	0	7.0705336937457925	
340	FAST	50	51	0.08115968188268026	0.0	0	23.283886081039082	
341	FAST	50	52	0.07399500529255132	0.0	0	29.53076324470257	
342	FAST	50	53	0.10259952671999197	0.0	0	21.746900108960578	
343	FAST	50	54	0.13596489609411744	0.0	0	15.447024204254891	
344	FAST	50	55	0.20568579977863108	0.0	0	6.924740807331295	
345	FAST	50	56	0.2315223537852311	0.0	0	7.23336672408555	
346	FAST	50	57	0.28310399822269255	0.0	0	4.953157090731557	
347	FAST	51	52	0.0866936794642085	0.0	0	17.205017632187097	
348	FAST	51	53	0.1152981970015685	0.0	0	12.562542796868081	
349	FAST	51	54	0.14866356637569397	0.0	0	9.365992933068679	
350	FAST	51	55	0.21838445838996573	0.0	0	6.0074296849354285	
351	FAST	51	56	0.2442210123965657	0.0	0	5.409973127638956	
352	FAST	52	53	0.027119747672974932	0.0	0	51.69012475388553	
353	FAST	52	54	0.06466182659652175	0.0	0	23.06011759217686	
354	FAST	52	55	0.13438272639095475	0.0	0	11.13925764040636	
355	FAST	52	56	0.16021928039755476	0.0	0	9.74004854143626	
356	FAST	52	57	0.2118009365052582	0.0	0	6.356914494530719	
357	FAST	53	54	0.03255763303241363	0.0	0	47.33157976612242	
358	FAST	53	55	0.1392847375834884	0.0	0	14.601037246075531	
359	FAST	53	56	0.12811509072352725	0.0	0	12.681059100758903	
360	FAST	53	57	0.1796967429411501	0.0	0	8.642685695441662	
361	FAST	53	58	0.2558494359154547	0.0	0	5.292465378051514	
362	FAST	53	63	0.337184139804537	0.048	0	11.83312334232332	
363	FAST	54	55	0.09882882488577224	0.0	0	14.976749860284075	
364	FAST	54	56	0.09594506921502285	0.0	0	18.124603442636626	
365	FAST	54	57	0.14752673699296817	0.0	0	9.55484924828378	
366	FAST	54	58	0.2236794182970309	0.0	0	6.152551954651973	
367	FAST	54	59	0.23363279643775064	0.0	0	5.7645897280120035	
368	FAST	54	63	0.31193667033525635	0.048	0	17.04714167926132	
369	FAST	55	56	0.10245118238530287	0.0	0	23.029198317104186	
370	FAST	55	57	0.11688081406400345	0.0	0	16.50740336440543	
371	FAST	55	58	0.19303349536806622	0.0	0	8.606510975010359	
372	FAST	55	59	0.15404239253103003	0.0	0	9.945757396268474	
373	FAST	55	60	0.199998124561872	0.0	0	6.529626744646969	
374	FAST	55	61	0.21647929140213404	0.0	0	5.462630331762673	
375	FAST	56	57	0.051750960196819136	0.0	0	27.88559229486458	
376	FAST	56	58	0.12790363761080126	0.0	0	12.383797035046744	
377	FAST	56	59	0.1378570196416016	0.0	0	10.203440254311356	
378	FAST	56	60	0.1863277627103322	0.0	0	7.02025827968463	
379	FAST	56	61	0.2295672264918869	0.0	0	5.794104787032137	
380	FAST	56	63	0.3399620284812417	0.048	0	10.912261485180906	
381	FAST	56	64	0.38634472259083835	0.048	0	6.721335951855816	
382	FAST	56	65	0.43919115018064	0.048	0	4.493579807023869	
383	FAST	56	67	0.42103726473208475	0.048	0	5.244045201134274	
384	FAST	57	58	0.07675344979601327	0.0	0	23.266087176744385	
385	FAST	57	59	0.08670683571689426	0.0	0	19.47516746138504	
386	FAST	57	60	0.13517757878562484	0.0	0	11.424954025496758	
387	FAST	57	61	0.17841704256717958	0.0	0	7.852884666353848	
388	FAST	57	63	0.384340773682992	0.048	0	7.519267900239418	
389	FAST	57	64	0.3412958770645092	0.048	0	11.669942146468172	
390	FAST	57	65	0.38984504348251814	0.048	0	6.584589832545342	
391	FAST	57	66	0.42780336506585737	0.048	0	4.9001850136526155	
392	FAST	57	67	0.37333280038000694	0.048	0	7.725821127559942	
393	FAST	58	59	0.07200593315564248	0.0	0	28.019821474733277	
394	FAST	58	60	0.08743951295287825	0.0	0	17.93700068467099	
395	FAST	58	61	0.1310579211587018	0.0	0	12.141734531448025	
396	FAST	58	62	0.255370979338627	0.0	0	5.632380737921627	
397	FAST	58	63	0.42867785119451274	0.048	0	4.563756265013304	
398	FAST	58	64	0.2815888030664809	0.048	0	36.023383531878366	
399	FAST	58	65	0.3403573143357273	0.048	0	11.959930675199434	
400	FAST	58	66	0.39043847436779794	0.048	0	6.759211795656983	
401	FAST	58	67	0.31576294598180515	0.048	0	16.623988424285265	
402	FAST	59	60	0.049577043098683535	0.0	0	30.56296730907964	
403	FAST	59	61	0.09281650299015765	0.0	0	17.96164971441437	
404	FAST	59	62	0.19190307683821625	0.0	0	8.301110690464217	
405	FAST	60	61	0.04366750880351709	0.0	0	39.58879697628232	
406	FAST	60	62	0.16798056309336168	0.0	0	10.840959106381758	
407	FAST	61	62	0.1284738884202208	0.0	0	16.60605721264029	
408	FAST	61	64	0.34189073151411264	0.048	0	11.093642682958796	
409	FAST	61	65	0.27660027650124386	0.048	0	41.08715590309752	
410	FAST	61	66	0.2846057362515169	0.048	0	32.52891516432708	
411	FAST	61	67	0.313713359586781	0.048	0	16.972159095842088	
412	FAST	62	64	0.4213812504185731	0.048	0	5.157825782937522	
413	FAST	62	65	0.3530950978131749	0.048	0	8.876593931820423	
414	FAST	62	66	0.29304974429611425	0.048	0	24.173783714138303	
415	FAST	62	67	0.39218104977363377	0.048	0	6.123650854721043	
416	FAST	64	65	0.3208596406357785	0.048	0	14.64639001118864	
417	FAST	64	66	0.37832092189058875	0.048	0	7.842890539978489	
418	FAST	64	67	0.28711509697401516	0.048	0	28.13112705434103	
419	FAST	65	66	0.30802592284334046	0.048	0	18.339815963842728	
420	FAST	65	67	0.2869529669048198	0.048	0	29.871546366390866	
421	FAST	66	67	0.34723302916346765	0.048	0	10.286317380804652	
422	FAST	68	69	0.31961417983176404	0.048	0	15.903401097167828	
423	FAST	68	70	0.31025070892562745	0.048	0	17.898474836356527	
424	FAST	68	71	0.35282413558903386	0.048	0	10.057391591062164	
425	FAST	68	73	0.3499823949333256	0.048	0	9.612867319493008	
426	FAST	68	74	0.36326856556838494	0.048	0	8.321742972899152	
427	FAST	68	75	0.32293415966345773	0.048	0	14.232903026738143	
428	FAST	68	76	0.3043083788413486	0.048	0	21.199942037075562	
429	FAST	68	77	0.3277074185209801	0.048	0	12.971335522233126	
430	FAST	68	78	0.3537868345681008	0.048	0	9.874493338424358	
431	FAST	69	70	0.35016734253612003	0.048	0	10.508305615757225	
432	FAST	69	71	0.2889421904033205	0.048	0	28.22733289038554	
433	FAST	69	73	0.409725032299345	0.048	0	5.608729080843135	
434	FAST	69	74	0.43146268347934347	0.048	0	4.997541665157767	
435	FAST	69	75	0.3940090006189977	0.048	0	6.453264584376088	
436	FAST	69	76	0.375242522649161	0.048	0	8.265402120396095	
437	FAST	69	77	0.3880713581061336	0.048	0	7.112502091391678	
438	FAST	69	78	0.4118340394161036	0.048	0	5.809765385799139	
439	FAST	70	71	0.36321139206122	0.048	0	8.84933769230312	
440	FAST	70	73	0.39483539525942135	0.048	0	6.565402076338144	
441	FAST	70	74	0.39209968574495196	0.048	0	6.463386571875031	
442	FAST	70	75	0.3479917875872324	0.048	0	10.296165954238218	
443	FAST	70	76	0.3135398879049619	0.048	0	16.1846054438891	
444	FAST	70	77	0.29472060910445375	0.048	0	24.874672183744345	
445	FAST	70	78	0.31277550312885255	0.048	0	17.071491603198954	
446	FAST	71	75	0.4279180643201304	0.048	0	4.484686557013256	
447	FAST	71	76	0.404332513209376	0.048	0	5.830901446145361	
448	FAST	71	77	0.40759504955365466	0.048	0	5.651180545293717	
449	FAST	71	78	0.4282032219443983	0.048	0	5.1033018332815265	
450	FAST	72	73	0.14025606737595317	0.0	0	12.843805802598352	
451	FAST	72	74	0.08725546934826098	0.0	0	17.399757146965754	
452	FAST	72	75	0.06345545813248002	0.0	0	27.82460025895654	
453	FAST	72	76	0.04017865109099696	0.0	0	39.78924641881313	
454	FAST	72	77	0.04570755266690181	0.0	0	34.375315081931916	
455	FAST	72	78	0.06345764046771263	0.0	0	29.388483237626343	
456	FAST	73	74	0.05432577344421043	0.0	0	33.81870668927445	
457	FAST	73	75	0.11529474650005098	0.0	0	22.93110237327393	
458	FAST	73	76	0.1530252220284384	0.0	0	14.848917786706089	
459	FAST	73	77	0.19731463802204155	0.0	0	9.282126023302615	
460	FAST	73	78	0.21506473749309424	0.0	0	7.717447349789884	
461	FAST	74	75	0.0623156956289603	0.0	0	33.12088597758987	
462	FAST	74	76	0.10004617115734774	0.0	0	17.10788315861761	
463	FAST	74	77	0.14433558326087026	0.0	0	10.343844766440709	
464	FAST	74	78	0.16208567884184233	0.0	0	9.270214206159785	
465	FAST	75	76	0.042285826075788555	0.0	0	42.65807187368339	
466	FAST	75	77	0.087860882596482	0.0	0	17.809361949639744	
467	FAST	75	78	0.10561097428737345	0.0	0	14.221112721629598	
468	FAST	76	77	0.06410468924890102	0.0	0	33.4290327368919	
469	FAST	76	78	0.08185477704971184	0.0	0	20.854285066276226	
470	FAST	77	78	0.02740920468246461	0.0	0	53.79540463139274	
471	FAST	21	79	0.35278017570542436	0.0	178	3.3008232706213305	
472	FAST	22	79	0.30271731441605876	0.0	565	3.358207467338478	
473	FAST	19	79	0.2545484336736979	0.0	244	3.8067534068441238	
474	FAST	30	80	0.3646788994629614	0.0	93	3.26181423313622	
475	FAST	28	80	0.2909616672153817	0.0	31	3.311927899097325	
476	FAST	22	80	0.31975142876818374	0.0	956	3.076626645687807	
477	FAST	39	81	0.2004423330726066	0.0	199	6.869284836625247	
478	FAST	38	81	0.27234035579634963	0.0	380	3.8965688339070867	
479	FAST	37	81	0.2919185240014038	0.0	420	3.2857788631760454	
480	FAST	28	82	0.26662930036386456	0.0	29	4.246281458598292	
481	FAST	30	82	0.28663439083729586	0.0	108	3.5842985587029186	
482	FAST	22	82	0.2993325493217024	0.0	935	2.6209109528094165	
483	FAST	21	83	0.33304234941757876	0.0	216	3.6425411249603266	
484	FAST	19	83	0.27235979583853265	0.0	279	3.8354263022789827	
485	FAST	22	83	0.2667287256394325	0.0	586	3.4062790492725545	
