n_interc	
0	
0	
0	
0	
0	
0	
0	
0	
0	
0	
0	
0	
0	
0	
0	
0	
0	
0	
0	
0	
0	
0	
0	
0	
0	
0	
0	
0	
0	
0	
0	
0	
0	
0	
0	
0	
0	
0	
0	
0	
0	
0	
0	
0	
0	
0	
0	
0	
0	
0	
0	
0	
0	
0	
0	
0	
0	
0	
0	
0	
1	
2	
2	
2	
3	
3	
3	
3	
3	
3	
3	
3	
3	
3	
3	
3	
3	
3	
4	
4	
4	
5	
5	
5	
5	
5	
6	
6	
6	
6	
7	
8	
8	
8	
8	
8	
8	
8	
8	
8	
74	
76	
78	
80	
82	
83	
84	
86	
89	
91	
91	
93	
94	
95	
97	
99	
101	
103	
106	
107	
108	
110	
111	
113	
114	
115	
117	
118	
120	
121	
123	
125	
127	
130	
131	
132	
135	
136	
138	
140	
141	
142	
144	
144	
146	
148	
150	
152	
153	
156	
158	
159	
160	
162	
163	
165	
169	
171	
172	
174	
176	
177	
179	
182	
185	
186	
187	
190	
192	
194	
195	
197	
198	
201	
202	
203	
205	
207	
210	
211	
213	
215	
216	
218	
219	
221	
222	
224	
227	
229	
231	
233	
236	
238	
239	
239	
242	
243	
246	
247	
538	
541	
545	
547	
552	
555	
560	
563	
566	
571	
574	
577	
580	
584	
588	
591	
594	
598	
602	
607	
609	
613	
618	
622	
625	
628	
632	
636	
640	
644	
647	
653	
658	
662	
662	
665	
668	
672	
675	
678	
683	
684	
686	
691	
695	
699	
704	
706	
709	
714	
716	
719	
722	
724	
726	
728	
731	
735	
738	
740	
741	
744	
746	
749	
750	
753	
756	
759	
760	
761	
762	
765	
765	
766	
767	
769	
771	
774	
775	
776	
778	
779	
780	
781	
781	
783	
784	
785	
787	
788	
789	
790	
791	
792	
794	
795	
796	
797	
797	
798	
3311	
3314	
3320	
3324	
3327	
3334	
3341	
3347	
3349	
3354	
3357	
3361	
3366	
3369	
3371	
3376	
3382	
3386	
3393	
3395	
3398	
3400	
3403	
3410	
3413	
3415	
3419	
3426	
3427	
3432	
3436	
3441	
3446	
3449	
3452	
3456	
3459	
3463	
3467	
3474	
3478	
3480	
3484	
3487	
3493	
3498	
3501	
3508	
3515	
3516	
3518	
3520	
3523	
3527	
3534	
3537	
3539	
3545	
3546	
3550	
3554	
3556	
3556	
3560	
3560	
3562	
3564	
3566	
3571	
3572	
3574	
3577	
3578	
3579	
3580	
3581	
3582	
3582	
3584	
3587	
3588	
3592	
3593	
3597	
3599	
3602	
3603	
3606	
3608	
3613	
3614	
3616	
3616	
3621	
3625	
3627	
3629	
3629	
3629	
3632	
3092	
3093	
3095	
3095	
3096	
3098	
3099	
3101	
3103	
3105	
3106	
3108	
3108	
3111	
3112	
3115	
3116	
3119	
3121	
3122	
3124	
3126	
3126	
3130	
3132	
3133	
3136	
3140	
3143	
3146	
3148	
3149	
3151	
3151	
3153	
3157	
3158	
3159	
3160	
3161	
3163	
3164	
3164	
3167	
3169	
3169	
3170	
3172	
3175	
3177	
3180	
3181	
3182	
3182	
3183	
3184	
3187	
3189	
3191	
3191	
3192	
3194	
3195	
3197	
3198	
3198	
3199	
3200	
3200	
3200	
3202	
3203	
3204	
3205	
3208	
3210	
3212	
3212	
3213	
3215	
3217	
3217	
3219	
3220	
3222	
3223	
3223	
3224	
3225	
3227	
3227	
3228	
3231	
3231	
3233	
3235	
3235	
3235	
3238	
3239	
