n_interc	
0	
0	
0	
0	
0	
0	
0	
0	
0	
0	
0	
0	
0	
0	
0	
0	
0	
0	
0	
0	
0	
0	
0	
0	
0	
0	
0	
0	
0	
0	
0	
0	
0	
0	
0	
0	
0	
0	
0	
0	
0	
0	
0	
0	
0	
0	
0	
0	
0	
0	
0	
0	
0	
0	
0	
0	
0	
0	
0	
0	
0	
0	
0	
0	
0	
0	
0	
0	
0	
0	
0	
0	
0	
0	
0	
0	
0	
1	
1	
1	
1	
1	
1	
1	
1	
1	
2	
2	
3	
3	
3	
3	
3	
3	
3	
3	
4	
4	
4	
4	
50	
52	
54	
55	
58	
59	
62	
63	
66	
68	
70	
72	
73	
75	
77	
80	
81	
83	
84	
86	
88	
91	
93	
95	
97	
97	
99	
102	
102	
104	
105	
109	
111	
114	
114	
115	
121	
121	
124	
126	
128	
128	
129	
131	
134	
135	
137	
138	
139	
141	
143	
144	
146	
148	
150	
153	
155	
157	
157	
159	
161	
163	
166	
169	
170	
171	
173	
176	
177	
178	
182	
183	
183	
186	
186	
188	
190	
190	
193	
194	
196	
197	
198	
200	
200	
201	
204	
206	
208	
208	
211	
212	
213	
215	
216	
218	
218	
221	
221	
225	
487	
490	
494	
496	
499	
506	
511	
514	
516	
518	
522	
526	
530	
533	
538	
542	
546	
548	
553	
556	
558	
561	
565	
568	
574	
577	
580	
584	
587	
591	
595	
597	
600	
602	
606	
608	
615	
620	
622	
625	
631	
636	
639	
644	
648	
650	
654	
655	
659	
662	
666	
669	
672	
676	
678	
681	
684	
687	
690	
692	
697	
699	
704	
706	
707	
710	
711	
713	
716	
716	
717	
719	
720	
724	
725	
726	
728	
728	
730	
730	
732	
734	
735	
738	
739	
741	
743	
743	
743	
744	
744	
745	
746	
746	
748	
748	
748	
749	
751	
751	
3122	
3127	
3133	
3136	
3139	
3144	
3149	
3152	
3155	
3160	
3164	
3166	
3171	
3173	
3184	
3188	
3192	
3195	
3205	
3211	
3216	
3220	
3227	
3229	
3229	
3233	
3235	
3238	
3241	
3245	
3252	
3255	
3260	
3264	
3265	
3269	
3274	
3277	
3280	
3284	
3288	
3291	
3298	
3301	
3302	
3303	
3307	
3312	
3315	
3319	
3323	
3326	
3329	
3335	
3339	
3343	
3348	
3349	
3352	
3354	
3360	
3365	
3369	
3375	
3378	
3380	
3381	
3384	
3387	
3391	
3393	
3395	
3397	
3398	
3400	
3403	
3406	
3406	
3410	
3412	
3414	
3417	
3420	
3422	
3423	
3424	
3430	
3434	
3440	
3442	
3445	
3446	
3448	
3450	
3451	
3452	
3456	
3460	
3460	
3461	
2947	
2948	
2948	
2949	
2949	
2953	
2953	
2956	
2958	
2958	
2959	
2960	
2961	
2962	
2965	
2966	
2967	
2967	
2972	
2972	
2974	
2975	
2976	
2980	
2983	
2984	
2986	
2987	
2989	
2990	
2991	
2993	
2995	
2996	
2996	
2998	
3000	
3002	
3006	
3008	
3012	
3013	
3013	
3014	
3017	
3017	
3018	
3020	
3022	
3024	
3025	
3028	
3030	
3033	
3034	
3036	
3038	
3040	
3041	
3042	
3043	
3045	
3046	
3047	
3050	
3052	
3055	
3055	
3058	
3060	
3063	
3063	
3064	
3066	
3068	
3068	
3068	
3070	
3071	
3072	
3072	
3074	
3076	
3079	
3080	
3080	
3082	
3083	
3084	
3086	
3088	
3089	
3093	
3094	
3097	
3098	
3099	
3102	
3103	
3104	
