n_interc	
0	
0	
0	
0	
0	
0	
0	
0	
0	
0	
0	
0	
0	
0	
0	
0	
0	
0	
0	
0	
0	
0	
0	
0	
0	
0	
0	
0	
0	
0	
0	
0	
1	
1	
1	
1	
1	
1	
1	
1	
1	
1	
1	
1	
1	
1	
1	
1	
1	
1	
1	
1	
1	
1	
1	
2	
2	
2	
2	
2	
2	
2	
2	
3	
3	
3	
3	
3	
3	
3	
3	
3	
3	
3	
3	
3	
3	
4	
4	
4	
5	
5	
5	
5	
5	
5	
6	
6	
6	
6	
6	
6	
6	
7	
7	
8	
8	
8	
8	
8	
74	
74	
76	
78	
79	
81	
83	
84	
86	
88	
90	
91	
93	
93	
96	
98	
100	
101	
102	
105	
107	
110	
111	
114	
116	
117	
121	
123	
124	
126	
127	
131	
134	
135	
137	
139	
139	
143	
146	
147	
149	
151	
153	
155	
156	
157	
159	
162	
163	
165	
168	
169	
170	
171	
173	
175	
177	
179	
180	
184	
186	
188	
188	
191	
192	
196	
196	
197	
199	
200	
202	
205	
207	
207	
209	
210	
211	
214	
215	
218	
219	
221	
223	
225	
225	
227	
229	
231	
232	
235	
238	
239	
240	
243	
243	
245	
246	
248	
249	
250	
550	
552	
557	
559	
564	
568	
573	
578	
580	
582	
585	
589	
593	
598	
603	
606	
609	
615	
618	
620	
623	
626	
630	
633	
636	
639	
642	
646	
649	
654	
656	
659	
661	
664	
666	
669	
672	
676	
678	
681	
685	
688	
690	
693	
694	
696	
698	
700	
702	
704	
707	
710	
712	
713	
715	
716	
719	
721	
724	
726	
729	
731	
734	
736	
737	
739	
741	
744	
746	
747	
750	
752	
755	
758	
760	
762	
763	
765	
766	
769	
771	
772	
774	
775	
778	
781	
783	
783	
785	
788	
790	
791	
792	
795	
795	
796	
798	
799	
801	
801	
3324	
3335	
3342	
3350	
3353	
3359	
3364	
3367	
3370	
3372	
3377	
3383	
3387	
3390	
3393	
3398	
3400	
3405	
3409	
3412	
3415	
3418	
3423	
3431	
3434	
3437	
3439	
3444	
3446	
3449	
3453	
3459	
3464	
3466	
3470	
3476	
3477	
3478	
3482	
3487	
3490	
3493	
3494	
3500	
3505	
3510	
3512	
3514	
3517	
3519	
3523	
3525	
3528	
3529	
3532	
3532	
3537	
3540	
3542	
3542	
3543	
3547	
3551	
3552	
3553	
3555	
3562	
3562	
3566	
3566	
3569	
3569	
3573	
3576	
3578	
3580	
3581	
3584	
3587	
3589	
3591	
3592	
3596	
3599	
3599	
3604	
3606	
3607	
3610	
3614	
3615	
3617	
3618	
3619	
3621	
3624	
3626	
3627	
3629	
3631	
3096	
3100	
3103	
3103	
3105	
3108	
3111	
3112	
3112	
3113	
3113	
3113	
3117	
3118	
3123	
3124	
3125	
3125	
3126	
3128	
3129	
3129	
3130	
3134	
3135	
3136	
3136	
3138	
3138	
3141	
3145	
3148	
3150	
3150	
3152	
3154	
3156	
3158	
3160	
3161	
3162	
3163	
3166	
3169	
3172	
3174	
3176	
3177	
3180	
3181	
3181	
3185	
3186	
3187	
3188	
3191	
3191	
3193	
3195	
3197	
3197	
3198	
3199	
3201	
3202	
3204	
3205	
3206	
3208	
3210	
3213	
3213	
3215	
3216	
3216	
3218	
3218	
3219	
3221	
3223	
3226	
3226	
3228	
3228	
3230	
3232	
3233	
3235	
3236	
3239	
3241	
3241	
3241	
3241	
3242	
3243	
3244	
3246	
3247	
3249	
