id	x	y	type	qual	N	n_links	count	acc	
1	0.5290865972208558	0.08782825570975693	STD	0.26016845988681947	0	18	0	0.9234360567195506	
2	0.5301822646847826	0.10720123054485474	STD	0.8072697143594385	0	18	474	0.9599857567480702	
3	0.5333754021576235	0.11316317727647134	STD	0.5603031034916666	0	18	16	0.9085653754692994	
4	0.5228257638719125	0.1527978029111725	STD	0.3376286818547938	0	17	18	0.9491947705001325	
5	0.5110057050013014	0.18322738970304364	STD	0.5900319471608908	1	19	1206	0.9461534097155031	
6	0.46055093200691144	0.23803676739353677	STD	0.5859232087296169	0	15	0	0.9226547509887705	
7	0.49049816672070146	0.0769888854245772	STD	0.5644690435532058	0	16	60	0.8887232338943728	
8	0.5243639373822653	0.14811813155714765	STD	0.21832805681734513	0	18	0	0.7887381397480755	
9	0.4372574223741947	0.2995079543610299	STD	0.02814021303039782	0	16	0	0.7639089580913391	
10	0.41937970228563354	0.33373740205414487	STD	0.6382343337747793	0	15	4	0.9755831170354039	
11	0.4998163145722239	0.3654513890156738	STD	0.5299163630591008	0	15	4	0.832895511279417	
12	0.515877597084288	0.3934792280858458	STD	0.5952259416690131	0	12	0	0.942788368551132	
13	0.527761674424959	0.4273044524055435	STD	0.836935514894583	0	11	0	0.9249765825944014	
14	0.5279485391483765	0.45960239084181165	STD	0.9401871711417737	0	12	0	0.9363060702492019	
15	0.5178388115657108	0.47324318956320754	STD	0.6141276249765026	0	12	0	0.9677240016954249	
16	0.4983862803694047	0.5086814241359012	STD	0.0647515867495545	0	11	0	0.7495830617948148	
17	0.19045354636733625	0.002995199780724391	STD	0.19493489341928294	0	5	55	0.8841259942726167	
18	0.260845314655781	0.09852695010641736	STD	0.4730695330536221	8	8	546	0.9681321303269851	
19	0.23158108780837086	0.14021317238405023	STD	0.2947712188546998	13	9	470	0.9345705846043699	
20	0.2801200648305022	0.15889412442380177	STD	0.35014661208424913	0	8	5	0.9604712911387725	
21	0.23191891500510464	0.15860984189908572	STD	0.46013378670938665	0	8	16	0.9079733985723721	
22	0.24223756772992455	0.18442460012929646	STD	0.7164963367824302	0	7	0	0.9721338167070764	
23	0.368004880062751	0.2085094845428714	STD	0.06317184402288945	0	17	532	0.8555177109347943	
24	0.3719839740227433	0.2215652327591495	STD	0.2558585881112305	1	17	481	0.9134589162208804	
25	0.3455553328417463	0.2744769879628167	STD	0.009060821904684824	0	15	759	0.7682126769220539	
26	0.44093575929207557	0.3712978642887976	STD	0.6575205700158515	0	15	0	0.9695668299482059	
27	0.36967671375721445	0.41015518237073767	STD	0.5995326482269188	0	14	1	0.965190980459672	
28	0.1573274485692997	0.4835700453482871	STD	0.027997931942369103	0	4	92	0.7910499470607952	
29	0.36716528647906305	0.4179604961228007	STD	0.834141343555524	0	13	7	0.9102368448942698	
30	0.22100419841716157	0.4019146525885682	STD	0.977087178553727	7	7	773	0.9122185267262661	
31	0.47787268628758284	0.5480021666943438	STD	0.8599671873430152	0	11	0	0.9741838467828571	
32	0.46676331894608003	0.6284350713290916	STD	0.875763325084618	0	7	0	0.9716463435714505	
33	0.4608416104655608	0.7277137825604496	STD	0.3219810266372902	0	7	0	0.8215716220480761	
34	0.4626107695368043	0.8130296791693479	STD	0.7438772001287441	2	15	3349	0.9647720789977401	
35	0.41096732927400903	0.7751332799821633	STD	0.2106432038078654	0	12	0	0.8977812175604103	
36	0.28631860993830643	0.7727157794916976	STD	0.6221224439969937	1	9	3306	0.9785312950003647	
37	0.2593266062207844	0.7914395937162324	STD	0.6727017451606112	3	8	348	0.9791474417024284	
38	0.22221233076092273	0.8261440423391756	STD	0.47627331230106584	0	7	214	0.9397203302794486	
39	0.1527652674630883	0.8358499459600879	STD	0.7711346367899719	39	9	2894	0.9787990957411489	
40	0.28962421229098206	0.869035900942634	STD	0.24523062574389742	0	9	26	0.9682895451456358	
41	0.3153375768362312	0.8870629299068465	STD	0.35612242725032095	0	11	71	0.972656417081525	
42	0.38914135655596416	0.9106268739207488	STD	0.18339505347924945	0	13	8	0.9104392921969515	
43	0.48046327153884866	0.8968259831074697	STD	0.004282140250915223	0	13	0	0.7700544124026029	
44	0.49826819224557845	0.9044854921625778	STD	0.6690940025314498	0	14	47	0.9703907337718853	
45	0.530170585639569	0.9121028717198222	STD	0.30756307454592635	0	15	1	0.91061155172962	
46	0.4847793275811146	0.9204492747618408	STD	0.9378661294833017	0	10	0	0.7994341344123099	
47	0.5764771347969846	0.9306369200322399	STD	0.33833370588640665	0	15	2	0.8504723276617684	
48	0.6001695919630531	0.9436531031548717	STD	0.9053015904252499	0	15	0	0.9603238434793958	
49	0.5600944622629316	0.9598293649607524	STD	0.6717649800571652	0	13	0	0.780228682191443	
50	0.676757136993029	0.9547977108106617	STD	0.9065894205466862	0	12	0	0.9614396743933891	
51	0.7136194046106153	0.9998054959685726	STD	0.21651283563401624	0	9	0	0.7988457043395085	
52	0.7111205214921377	0.9245728367440629	STD	0.383823059372127	0	11	0	0.9601755082880182	
53	0.7026486286056469	0.8985914288740412	STD	0.47290198055086474	0	13	0	0.8303391692728076	
54	0.6841337084613773	0.8734880730081942	STD	0.5052077460350766	0	15	0	0.9577026840800682	
55	0.7487391586823343	0.8203755982229649	STD	0.9099811871636578	0	12	0	0.9104891486090666	
56	0.6913128608098928	0.8026145346104842	STD	0.09417760409036591	0	18	0	0.704881047962013	
57	0.7062995413951377	0.7555676817559628	STD	0.2941323476472706	0	15	0	0.8894161922958731	
58	0.6946833467470882	0.6969819624143379	STD	0.7822411085014997	0	14	0	0.9710511026953955	
59	0.7445355675199029	0.6959235961593058	STD	0.7548581863630668	0	8	0	0.9589964480042488	
60	0.7473714992321001	0.650423921638075	STD	0.8765603460594935	0	7	0	0.918095326812105	
61	0.7721569420072685	0.624518859745052	STD	0.8789098684802703	0	11	0	0.819038763156438	
62	0.8472347325369116	0.5978493123203564	STD	0.7584430793715575	0	8	0	0.9596923144103668	
63	0.6209223901931383	0.862215538216282	EXIT	0.8016394632919854	0	11	3319	0.8670088768302541	
64	0.6867054774731324	0.6640745017298447	EXIT	0.09270217922009016	0	8	0	0.7617892994241943	
65	0.7439150209175545	0.6185191430027415	EXIT	0.9173855079690709	0	8	0	0.9351139009528768	
66	0.8022264606500168	0.6031697550197176	EXIT	0.9114869648393911	0	7	0	0.9551141119045135	
67	0.7063966504933027	0.6299630166307487	EXIT	0.05678812617564466	0	8	0	0.7591682094678809	
68	0.6461870198678478	0.09215924135885288	EXIT	0.4453712934718552	0	16	19	0.9109881275750538	
69	0.6634258961832257	0.1619477070633198	EXIT	0.8686910851989815	0	16	1677	0.9667168693532233	
70	0.7037625067289622	0.06778424955955283	EXIT	0.5298106213465215	0	12	27	0.9347581381049734	
71	0.6987624479386872	0.18315924981954215	EXIT	0.3162771765705892	0	13	1	0.9240429797482129	
72	0.6538685441834395	0.0001945040314274314	STD	0.6407017901925991	0	11	0	0.8910613005672119	
73	0.559825411665789	0.03740877169667725	STD	0.6951350423029785	0	16	0	0.9753164099132279	
74	0.576153581988845	0.000263010258388662	STD	0.4222502607997036	0	16	0	0.9603315721021501	
75	0.6133145736295614	0.024517878037257763	STD	0.5690894201297312	0	17	0	0.8408158240369279	
76	0.6463688669273957	0.03557925245900701	STD	0.4092867295288596	0	16	0	0.8026271414380229	
77	0.6875197664588574	0.02368811010106969	STD	0.4949677281743057	0	13	0	0.9437794638968039	
78	0.7032177008976098	0.0027391257024041026	STD	0.6427750450285998	0	11	0	0.8239627904556508	
79	0.0	0.5636144634083371	ENTRY	0.0	2	3	1078	0.8370943479348729	
80	0.0	0.0026968756986538445	ENTRY	0.0	0	3	1045	0.682625677343668	
81	0.0	0.8668468817998112	ENTRY	0.0	0	3	1019	0.8250546251125419	
82	0.0	0.4992100228959515	ENTRY	0.0	0	3	1110	0.8373344732525602	
83	0.0	0.6046766524250775	ENTRY	0.0	0	3	1047	0.8380096854087619	
