n_interc	
0	
0	
0	
0	
0	
0	
0	
0	
0	
0	
0	
0	
0	
0	
0	
0	
0	
0	
0	
0	
0	
0	
0	
0	
0	
0	
0	
0	
0	
0	
0	
0	
0	
0	
0	
0	
0	
0	
0	
0	
0	
0	
0	
0	
0	
0	
0	
0	
0	
0	
0	
0	
0	
0	
1	
1	
1	
1	
1	
1	
1	
1	
1	
1	
2	
2	
2	
2	
3	
3	
3	
3	
3	
3	
3	
3	
3	
3	
4	
4	
4	
4	
4	
4	
4	
4	
4	
5	
5	
5	
5	
5	
5	
5	
6	
7	
7	
7	
7	
7	
70	
71	
73	
75	
76	
78	
80	
82	
84	
85	
86	
89	
91	
93	
95	
96	
97	
99	
100	
102	
103	
105	
107	
109	
111	
114	
115	
117	
118	
122	
122	
124	
126	
128	
129	
132	
133	
135	
137	
139	
141	
143	
144	
146	
149	
149	
152	
154	
154	
158	
159	
160	
163	
166	
168	
169	
170	
171	
173	
174	
175	
178	
179	
181	
184	
185	
187	
189	
191	
193	
194	
196	
199	
201	
203	
204	
206	
208	
209	
212	
213	
215	
217	
218	
221	
222	
223	
225	
227	
229	
230	
232	
235	
237	
240	
241	
242	
243	
245	
246	
540	
545	
549	
552	
556	
560	
564	
569	
573	
578	
582	
586	
591	
592	
596	
599	
602	
606	
610	
613	
617	
621	
626	
629	
631	
637	
641	
642	
646	
649	
654	
657	
661	
664	
667	
670	
677	
680	
686	
690	
694	
698	
700	
704	
708	
711	
715	
719	
721	
726	
729	
732	
735	
739	
743	
745	
747	
750	
751	
753	
756	
757	
759	
761	
761	
764	
766	
768	
770	
770	
773	
776	
778	
779	
780	
782	
783	
785	
786	
787	
788	
790	
792	
794	
795	
796	
796	
799	
799	
800	
801	
803	
805	
805	
806	
809	
809	
809	
811	
812	
3366	
3369	
3372	
3375	
3380	
3384	
3390	
3393	
3400	
3404	
3405	
3411	
3418	
3422	
3428	
3430	
3436	
3439	
3442	
3448	
3450	
3454	
3456	
3460	
3463	
3469	
3470	
3475	
3479	
3483	
3487	
3490	
3493	
3498	
3503	
3507	
3512	
3519	
3523	
3528	
3531	
3535	
3539	
3542	
3544	
3547	
3550	
3554	
3559	
3562	
3566	
3570	
3572	
3574	
3577	
3580	
3583	
3586	
3586	
3589	
3597	
3598	
3599	
3603	
3605	
3607	
3610	
3612	
3616	
3619	
3619	
3619	
3622	
3626	
3629	
3632	
3633	
3635	
3639	
3640	
3643	
3646	
3650	
3653	
3660	
3661	
3664	
3664	
3667	
3668	
3669	
3670	
3674	
3675	
3676	
3678	
3679	
3681	
3684	
3686	
3139	
3142	
3143	
3143	
3143	
3145	
3145	
3146	
3149	
3151	
3151	
3153	
3155	
3156	
3159	
3159	
3160	
3161	
3164	
3167	
3171	
3174	
3175	
3176	
3178	
3179	
3182	
3184	
3184	
3185	
3186	
3187	
3191	
3195	
3196	
3199	
3201	
3203	
3203	
3206	
3209	
3210	
3212	
3213	
3214	
3216	
3219	
3220	
3223	
3223	
3227	
3229	
3230	
3232	
3232	
3233	
3235	
3238	
3239	
3242	
3243	
3244	
3244	
3245	
3246	
3246	
3247	
3248	
3249	
3251	
3252	
3254	
3257	
3259	
3259	
3262	
3262	
3263	
3266	
3266	
3268	
3270	
3270	
3270	
3270	
3272	
3274	
3275	
3277	
3279	
3280	
3281	
3282	
3284	
3284	
3286	
3288	
3289	
3291	
3292	
