n_interc	
0	
0	
0	
0	
0	
0	
0	
0	
0	
0	
0	
0	
0	
0	
0	
0	
0	
0	
0	
0	
0	
0	
0	
0	
0	
0	
0	
0	
0	
0	
0	
0	
0	
0	
0	
0	
0	
0	
0	
0	
0	
0	
0	
0	
0	
0	
0	
0	
0	
0	
0	
0	
0	
0	
0	
0	
0	
0	
0	
0	
0	
0	
1	
1	
1	
1	
1	
1	
1	
1	
1	
2	
2	
2	
2	
2	
2	
3	
3	
3	
3	
3	
4	
4	
4	
4	
4	
4	
4	
4	
5	
6	
6	
7	
8	
8	
8	
8	
8	
8	
64	
66	
69	
72	
73	
75	
75	
79	
80	
82	
82	
86	
86	
88	
89	
92	
95	
99	
100	
102	
104	
107	
107	
109	
111	
114	
116	
116	
118	
121	
123	
124	
126	
128	
130	
133	
133	
137	
137	
138	
141	
142	
144	
144	
147	
148	
150	
152	
154	
158	
158	
160	
162	
163	
165	
167	
168	
171	
172	
176	
176	
178	
180	
181	
183	
184	
186	
188	
191	
192	
194	
196	
198	
199	
200	
202	
204	
206	
208	
210	
211	
214	
215	
218	
219	
221	
224	
225	
225	
228	
230	
231	
234	
235	
237	
238	
239	
241	
243	
246	
535	
539	
543	
547	
550	
554	
559	
563	
564	
570	
576	
579	
580	
583	
589	
593	
597	
602	
605	
609	
612	
617	
619	
623	
626	
631	
636	
639	
644	
647	
651	
655	
660	
662	
667	
668	
670	
674	
676	
680	
681	
684	
689	
692	
693	
698	
700	
704	
706	
708	
710	
714	
714	
716	
718	
723	
724	
726	
729	
731	
733	
734	
735	
737	
738	
741	
743	
745	
748	
749	
749	
751	
752	
753	
755	
757	
758	
759	
760	
761	
761	
763	
765	
765	
765	
766	
767	
768	
768	
769	
769	
772	
773	
773	
774	
777	
778	
779	
779	
781	
3246	
3253	
3258	
3263	
3265	
3270	
3273	
3273	
3278	
3282	
3286	
3289	
3292	
3296	
3298	
3301	
3308	
3313	
3321	
3324	
3329	
3335	
3336	
3341	
3347	
3348	
3352	
3357	
3363	
3366	
3371	
3373	
3379	
3380	
3383	
3389	
3394	
3396	
3399	
3401	
3406	
3408	
3413	
3415	
3421	
3424	
3426	
3430	
3434	
3436	
3438	
3444	
3447	
3451	
3452	
3453	
3456	
3459	
3460	
3464	
3465	
3468	
3473	
3476	
3479	
3481	
3483	
3487	
3491	
3494	
3495	
3497	
3498	
3499	
3500	
3501	
3501	
3505	
3506	
3509	
3511	
3512	
3515	
3516	
3518	
3524	
3528	
3532	
3535	
3538	
3540	
3542	
3545	
3545	
3546	
3548	
3550	
3551	
3552	
3554	
3028	
3031	
3034	
3037	
3038	
3040	
3044	
3045	
3047	
3050	
3052	
3053	
3056	
3056	
3056	
3056	
3057	
3058	
3060	
3064	
3064	
3066	
3069	
3073	
3074	
3076	
3076	
3079	
3082	
3084	
3086	
3087	
3091	
3092	
3094	
3097	
3100	
3101	
3104	
3106	
3108	
3110	
3111	
3114	
3117	
3118	
3118	
3122	
3124	
3126	
3126	
3129	
3130	
3131	
3132	
3133	
3134	
3135	
3138	
3138	
3139	
3140	
3141	
3143	
3144	
3147	
3147	
3149	
3151	
3151	
3154	
3155	
3155	
3159	
3160	
3160	
3160	
3160	
3160	
3161	
3164	
3165	
3166	
3166	
3169	
3170	
3172	
3173	
3173	
3174	
3175	
3176	
3177	
3177	
3179	
3180	
3183	
3187	
3191	
3193	
