id	x	y	type	qual	N	n_links	count	acc	
1	0.5290865972208558	0.08782825570975693	STD	0.6307418978715018	0	18	0	0.9731175704217863	
2	0.5301822646847826	0.10720123054485474	STD	0.7978387994855669	0	18	2118	0.9787316200640162	
3	0.5333754021576235	0.11316317727647134	STD	0.19155437097668826	0	18	1	0.9508826825198027	
4	0.5228257638719125	0.1527978029111725	STD	0.4334222138987185	0	17	5	0.9684528185593075	
5	0.5110057050013014	0.18322738970304364	STD	0.4864704999218121	0	19	195	0.9522064580811919	
6	0.46055093200691144	0.23803676739353677	STD	0.47829979687258795	0	15	0	0.9654116844571217	
7	0.49049816672070146	0.0769888854245772	STD	0.6888956601163294	0	16	71	0.9774309313548686	
8	0.5243639373822653	0.14811813155714765	STD	0.7555869779092568	0	18	542	0.9776276089429518	
9	0.4372574223741947	0.2995079543610299	STD	0.4367421547058552	0	16	0	0.972599394976598	
10	0.41937970228563354	0.33373740205414487	STD	0.027265576636763322	0	15	0	0.888616306365842	
11	0.4998163145722239	0.3654513890156738	STD	0.8696270763222396	0	15	3	0.9646895431275246	
12	0.515877597084288	0.3934792280858458	STD	0.46852316777047087	0	12	0	0.9553509328729949	
13	0.527761674424959	0.4273044524055435	STD	0.6386352023002109	0	11	0	0.9726652469372217	
14	0.5279485391483765	0.45960239084181165	STD	0.30385175636388384	0	12	0	0.9260687761655662	
15	0.5178388115657108	0.47324318956320754	STD	0.5766192545323825	0	12	0	0.8981894641222721	
16	0.4983862803694047	0.5086814241359012	STD	0.1630834234198466	0	11	0	0.8847536946415263	
17	0.19045354636733625	0.002995199780724391	STD	0.9673256278440374	0	4	0	0.9254209399975168	
18	0.260845314655781	0.09852695010641736	STD	0.5853956198867394	0	7	0	0.9633347323207551	
19	0.23158108780837086	0.14021317238405023	STD	0.3800900057415204	19	10	748	0.9752359639019528	
20	0.2801200648305022	0.15889412442380177	STD	0.8898515030272289	0	8	2	0.9739367033876993	
21	0.23191891500510464	0.15860984189908572	STD	0.23179337935676902	0	10	492	0.9149947167749684	
22	0.24223756772992455	0.18442460012929646	STD	0.4440014578847089	0	10	1588	0.9666808415189934	
23	0.368004880062751	0.2085094845428714	STD	0.9572958240059821	19	17	2318	0.9432927871784368	
24	0.3719839740227433	0.2215652327591495	STD	0.7999965015301311	10	17	466	0.9789555856064438	
25	0.3455553328417463	0.2744769879628167	STD	0.6974240888278471	3	15	183	0.9771777320001306	
26	0.44093575929207557	0.3712978642887976	STD	0.37837865932788306	0	15	0	0.9706566336068605	
27	0.36967671375721445	0.41015518237073767	STD	0.4744730157139181	0	14	4	0.8636520605583217	
28	0.1573274485692997	0.4835700453482871	STD	0.6232381064395158	0	2	39	0.9590817680734972	
29	0.36716528647906305	0.4179604961228007	STD	0.13165815968809236	0	13	3	0.8196888507386534	
30	0.22100419841716157	0.4019146525885682	STD	0.5100302783283099	0	5	171	0.9185767869559347	
31	0.47787268628758284	0.5480021666943438	STD	0.2543921015706778	0	11	0	0.9099113956133899	
32	0.46676331894608003	0.6284350713290916	STD	0.6829490120684734	0	7	0	0.876629037047494	
33	0.4608416104655608	0.7277137825604496	STD	0.1898168200849384	0	7	0	0.7746062915129338	
34	0.4626107695368043	0.8130296791693479	STD	0.8062052604765497	0	15	593	0.9353990940473272	
35	0.41096732927400903	0.7751332799821633	STD	0.3226612272805287	0	12	57	0.9363526423909734	
36	0.28631860993830643	0.7727157794916976	STD	0.46029489323910733	0	9	32	0.9606129322747143	
37	0.2593266062207844	0.7914395937162324	STD	0.07848139588559855	0	9	438	0.8963322558032908	
38	0.22221233076092273	0.8261440423391756	STD	0.9900845312399917	15	8	1296	0.9132020671086398	
39	0.1527652674630883	0.8358499459600879	STD	0.341666727572161	4	7	358	0.968919842933546	
40	0.28962421229098206	0.869035900942634	STD	0.7091146628741349	2	9	453	0.9762278431641399	
41	0.3153375768362312	0.8870629299068465	STD	0.005742037328241301	0	11	9	0.8427912314757203	
42	0.38914135655596416	0.9106268739207488	STD	0.8020166364778747	0	13	1504	0.9481881032211102	
43	0.48046327153884866	0.8968259831074697	STD	0.3721954877677218	0	13	64	0.9596118482413455	
44	0.49826819224557845	0.9044854921625778	STD	0.23888692724957594	0	14	15	0.9277483115317013	
45	0.530170585639569	0.9121028717198222	STD	0.870282739000324	2	15	1369	0.9183076291739439	
46	0.4847793275811146	0.9204492747618408	STD	0.7283682508194078	0	10	0	0.9076112445157766	
47	0.5764771347969846	0.9306369200322399	STD	0.4042847748434113	0	15	9	0.9738378639587352	
48	0.6001695919630531	0.9436531031548717	STD	0.2477972998489677	0	15	0	0.9239533884774178	
49	0.5600944622629316	0.9598293649607524	STD	0.8171485118816852	0	13	0	0.9740972619635421	
50	0.676757136993029	0.9547977108106617	STD	0.4220831146497017	0	12	0	0.9389111926144296	
51	0.7136194046106153	0.9998054959685726	STD	0.932110653354906	0	9	0	0.9369815308160117	
52	0.7111205214921377	0.9245728367440629	STD	0.7044156780681363	0	11	0	0.9694451504038498	
53	0.7026486286056469	0.8985914288740412	STD	0.518045115344385	0	13	0	0.9313568358648079	
54	0.6841337084613773	0.8734880730081942	STD	0.4311637262636616	0	15	0	0.7691573034933318	
55	0.7487391586823343	0.8203755982229649	STD	0.6677975054854164	0	12	0	0.9722757131898798	
56	0.6913128608098928	0.8026145346104842	STD	0.08311239989257602	0	18	0	0.8288130245606933	
57	0.7062995413951377	0.7555676817559628	STD	0.4230862015934791	0	15	0	0.9061805766389365	
58	0.6946833467470882	0.6969819624143379	STD	0.41667943127511475	0	14	0	0.9327899871559258	
59	0.7445355675199029	0.6959235961593058	STD	0.8383189216937672	0	8	0	0.8480714940431894	
60	0.7473714992321001	0.650423921638075	STD	0.9239148838135947	0	7	0	0.8868700761200826	
61	0.7721569420072685	0.624518859745052	STD	0.8865961157865798	0	11	0	0.9332266821710704	
62	0.8472347325369116	0.5978493123203564	STD	0.7421838487082153	0	8	0	0.9499784768948122	
63	0.6209223901931383	0.862215538216282	EXIT	0.34150278041721993	0	11	2008	0.8959060765312078	
64	0.6867054774731324	0.6640745017298447	EXIT	0.9347042713028846	0	8	0	0.9467844051679118	
65	0.7439150209175545	0.6185191430027415	EXIT	0.9481337927901274	0	8	0	0.9343462903859612	
66	0.8022264606500168	0.6031697550197176	EXIT	0.14224680855382732	0	7	0	0.8662576318418933	
67	0.7063966504933027	0.6299630166307487	EXIT	0.4485226698927247	0	8	0	0.9507915741155583	
68	0.6461870198678478	0.09215924135885288	EXIT	0.32550016339808585	0	16	7	0.9425181184049942	
69	0.6634258961832257	0.1619477070633198	EXIT	0.9545014107554026	0	16	1596	0.8818814928251515	
70	0.7037625067289622	0.06778424955955283	EXIT	0.8244700888911547	0	12	1255	0.9718226500088971	
71	0.6987624479386872	0.18315924981954215	EXIT	0.19612656577751464	0	13	0	0.8500508232222773	
72	0.6538685441834395	0.0001945040314274314	STD	0.5485038887009004	0	11	0	0.7767635973315972	
73	0.559825411665789	0.03740877169667725	STD	0.5351477443040149	0	16	0	0.9036296853259258	
74	0.576153581988845	0.000263010258388662	STD	0.40161205503760855	0	16	0	0.9381810522822815	
75	0.6133145736295614	0.024517878037257763	STD	0.09633339312043265	0	17	0	0.8393329134862499	
76	0.6463688669273957	0.03557925245900701	STD	0.07979259917930115	0	16	0	0.8400587766792281	
77	0.6875197664588574	0.02368811010106969	STD	0.04858998424435601	0	13	0	0.813767294025156	
78	0.7032177008976098	0.0027391257024041026	STD	0.8952340813970248	0	11	0	0.9207994573834288	
79	0.0	0.22518054824237255	ENTRY	0.0	1	3	970	0.7415872134561913	
80	0.0	0.36655372568859224	ENTRY	0.0	0	3	1017	0.6780823055495844	
81	0.0	0.8804243608225655	ENTRY	0.0	2	3	1026	0.7656654337190903	
82	0.0	0.20295743893682383	ENTRY	0.0	0	3	1031	0.7408252869290526	
83	0.0	0.8439870187899259	ENTRY	0.0	0	3	1071	0.7684551320285619	
