n_interc	
0	
0	
0	
0	
0	
0	
0	
0	
0	
0	
0	
0	
0	
0	
0	
0	
0	
0	
0	
0	
0	
0	
0	
0	
0	
0	
0	
0	
0	
0	
0	
0	
0	
0	
0	
0	
0	
0	
0	
0	
0	
0	
0	
0	
0	
0	
0	
0	
0	
0	
0	
0	
0	
0	
0	
0	
0	
0	
0	
0	
0	
0	
1	
1	
1	
1	
1	
1	
1	
1	
1	
2	
2	
2	
2	
2	
2	
3	
3	
3	
3	
3	
4	
4	
4	
4	
4	
4	
4	
4	
5	
6	
6	
7	
8	
8	
8	
8	
8	
8	
64	
66	
69	
72	
73	
75	
75	
79	
80	
82	
82	
86	
86	
88	
89	
92	
95	
99	
100	
102	
104	
107	
107	
109	
111	
114	
116	
116	
118	
121	
123	
124	
126	
128	
130	
133	
133	
137	
137	
138	
141	
142	
144	
144	
147	
148	
150	
152	
154	
158	
158	
160	
162	
163	
165	
167	
168	
171	
172	
176	
176	
178	
180	
181	
183	
184	
186	
188	
191	
192	
194	
196	
198	
199	
200	
202	
204	
206	
208	
210	
211	
214	
215	
218	
219	
221	
224	
225	
225	
228	
230	
231	
234	
235	
237	
238	
239	
241	
243	
246	
535	
539	
543	
547	
550	
554	
559	
563	
564	
570	
576	
579	
580	
583	
589	
593	
597	
602	
605	
609	
612	
617	
619	
623	
626	
631	
636	
639	
644	
647	
651	
655	
660	
662	
667	
668	
670	
674	
676	
680	
681	
684	
689	
692	
693	
698	
700	
704	
706	
709	
712	
713	
716	
718	
720	
721	
724	
727	
728	
730	
734	
735	
738	
740	
742	
745	
745	
745	
746	
747	
749	
750	
752	
752	
753	
754	
756	
757	
760	
761	
762	
762	
763	
765	
765	
767	
769	
769	
770	
771	
771	
771	
773	
774	
775	
777	
777	
778	
778	
779	
3240	
3246	
3248	
3252	
3254	
3259	
3263	
3266	
3271	
3273	
3276	
3285	
3288	
3290	
3294	
3298	
3299	
3304	
3305	
3310	
3315	
3320	
3325	
3330	
3336	
3340	
3342	
3346	
3350	
3352	
3356	
3358	
3363	
3368	
3373	
3377	
3377	
3381	
3383	
3389	
3391	
3395	
3398	
3401	
3402	
3405	
3408	
3408	
3412	
3415	
3418	
3424	
3427	
3430	
3435	
3437	
3440	
3442	
3447	
3450	
3452	
3455	
3457	
3460	
3463	
3466	
3470	
3472	
3472	
3477	
3478	
3480	
3482	
3484	
3485	
3489	
3493	
3495	
3497	
3500	
3503	
3505	
3506	
3510	
3512	
3515	
3518	
3520	
3521	
3522	
3524	
3526	
3529	
3530	
3532	
3533	
3534	
3535	
3535	
3538	
3014	
3014	
3017	
3017	
3019	
3021	
3023	
3023	
3026	
3027	
3027	
3029	
3030	
3032	
3034	
3035	
3035	
3037	
3037	
3038	
3039	
3040	
3041	
3043	
3045	
3045	
3046	
3047	
3047	
3049	
3050	
3051	
3052	
3055	
3055	
3056	
3059	
3061	
3062	
3064	
3066	
3067	
3067	
3069	
3071	
3071	
3072	
3073	
3077	
3078	
3080	
3083	
3084	
3086	
3089	
3094	
3097	
3098	
3100	
3103	
3103	
3107	
3109	
3109	
3115	
3115	
3116	
3117	
3120	
3122	
3125	
3127	
3127	
3130	
3131	
3135	
3135	
3136	
3137	
3140	
3140	
3140	
3140	
3142	
3143	
3145	
3146	
3147	
3149	
3150	
3154	
3156	
3157	
3159	
3160	
3163	
3166	
3169	
3169	
3171	
