id	x	y	type	qual	N	n_links	count	acc	
1	0.5290865972208558	0.08782825570975693	STD	0.10994441519403875	0	18	1	0.9424482014582586	
2	0.5301822646847826	0.10720123054485474	STD	0.23647367632489025	0	18	61	0.9620959950199874	
3	0.5333754021576235	0.11316317727647134	STD	0.6188540959894699	0	18	158	0.9682154663327724	
4	0.5228257638719125	0.1527978029111725	STD	0.700592993149858	1	17	275	0.9743864529837232	
5	0.5110057050013014	0.18322738970304364	STD	0.9327703667353098	1	19	907	0.9327140094213906	
6	0.46055093200691144	0.23803676739353677	STD	0.879185026455191	0	15	5	0.9686493199430646	
7	0.49049816672070146	0.0769888854245772	STD	0.8533185688217568	0	16	624	0.9698441313785361	
8	0.5243639373822653	0.14811813155714765	STD	0.2625603827691443	0	18	56	0.9694878783407177	
9	0.4372574223741947	0.2995079543610299	STD	0.5391107367062142	0	16	2	0.9693476243445042	
10	0.41937970228563354	0.33373740205414487	STD	0.704246095830571	0	15	1	0.9529841657202613	
11	0.4998163145722239	0.3654513890156738	STD	0.9933324101534793	0	15	2	0.9242580026780935	
12	0.515877597084288	0.3934792280858458	STD	0.951939958710017	0	12	0	0.9458727190549782	
13	0.527761674424959	0.4273044524055435	STD	0.6361508211182751	0	11	0	0.9707284615784806	
14	0.5279485391483765	0.45960239084181165	STD	0.6935236946843941	0	12	0	0.8857490294824037	
15	0.5178388115657108	0.47324318956320754	STD	0.425069477686135	0	12	0	0.9691283397708859	
16	0.4983862803694047	0.5086814241359012	STD	0.7140854186970902	0	11	0	0.9704319572174882	
17	0.19045354636733625	0.002995199780724391	STD	0.6219192316834772	5	5	339	0.9779161855470287	
18	0.260845314655781	0.09852695010641736	STD	0.7606498045408552	0	7	96	0.9785561401991005	
19	0.23158108780837086	0.14021317238405023	STD	0.5778467737161097	20	10	756	0.9809009898012779	
20	0.2801200648305022	0.15889412442380177	STD	0.10452523149247117	0	8	50	0.9648308498800853	
21	0.23191891500510464	0.15860984189908572	STD	0.7786395459663331	16	10	823	0.9809519751589905	
22	0.24223756772992455	0.18442460012929646	STD	0.9054250805866255	7	8	403	0.9738200161752621	
23	0.368004880062751	0.2085094845428714	STD	0.9758551256526458	3	17	1438	0.9587989870218206	
24	0.3719839740227433	0.2215652327591495	STD	0.5115515536493871	1	17	408	0.9783816747576949	
25	0.3455553328417463	0.2744769879628167	STD	0.5500879239162211	0	15	235	0.980069218650979	
26	0.44093575929207557	0.3712978642887976	STD	0.44394876026177243	0	15	0	0.9681995110621334	
27	0.36967671375721445	0.41015518237073767	STD	0.201191696096938	0	14	0	0.9097137273876542	
28	0.1573274485692997	0.4835700453482871	STD	0.705999057162997	0	1	0	0.9708512174290436	
29	0.36716528647906305	0.4179604961228007	STD	0.48091939473222123	0	13	0	0.9702883381062853	
30	0.22100419841716157	0.4019146525885682	STD	0.35277694220778577	0	4	0	0.9704511462358676	
31	0.47787268628758284	0.5480021666943438	STD	0.7032726674601113	0	11	0	0.957704035070233	
32	0.46676331894608003	0.6284350713290916	STD	0.570070482893547	0	7	0	0.9540334224543188	
33	0.4608416104655608	0.7277137825604496	STD	0.43298924311489406	0	7	1	0.975535958180648	
34	0.4626107695368043	0.8130296791693479	STD	0.4211164052357912	4	15	801	0.9760544302193878	
35	0.41096732927400903	0.7751332799821633	STD	0.6930113663664423	13	12	166	0.9776718306652049	
36	0.28631860993830643	0.7727157794916976	STD	0.6530267711193929	4	9	247	0.9819411632303384	
37	0.2593266062207844	0.7914395937162324	STD	0.17083468359145781	1	9	552	0.9743060332364627	
38	0.22221233076092273	0.8261440423391756	STD	0.7198007451557684	28	9	1198	0.9646334045229092	
39	0.1527652674630883	0.8358499459600879	STD	0.6643271024414321	22	8	1092	0.9742113475657337	
40	0.28962421229098206	0.869035900942634	STD	0.9476520586680914	2	10	2048	0.9782543402816373	
41	0.3153375768362312	0.8870629299068465	STD	0.17847599834583883	0	11	81	0.9771497060951125	
42	0.38914135655596416	0.9106268739207488	STD	0.8705996742497777	2	13	687	0.9601200959439926	
43	0.48046327153884866	0.8968259831074697	STD	0.8445372060628169	2	13	1582	0.9787922336011243	
44	0.49826819224557845	0.9044854921625778	STD	0.21696033356486866	0	14	120	0.9709060070875578	
45	0.530170585639569	0.9121028717198222	STD	0.9875657324165847	0	15	401	0.9443690060265572	
46	0.4847793275811146	0.9204492747618408	STD	0.6941716532647397	0	10	6	0.9753907519621127	
47	0.5764771347969846	0.9306369200322399	STD	0.6336129032865039	0	15	88	0.9591310163800274	
48	0.6001695919630531	0.9436531031548717	STD	0.17256020999231292	0	15	9	0.9619657879702936	
49	0.5600944622629316	0.9598293649607524	STD	0.4636767461692315	0	13	3	0.9766425534692247	
50	0.676757136993029	0.9547977108106617	STD	0.005743625602107283	0	12	0	0.86363368077592	
51	0.7136194046106153	0.9998054959685726	STD	0.4393829045762303	0	9	0	0.9663172797863759	
52	0.7111205214921377	0.9245728367440629	STD	0.31067531631492384	0	11	1	0.9685479264341806	
53	0.7026486286056469	0.8985914288740412	STD	0.3653931023536674	0	13	3	0.9707281695052644	
54	0.6841337084613773	0.8734880730081942	STD	0.2704410037208558	0	15	1	0.965188695626287	
55	0.7487391586823343	0.8203755982229649	STD	0.28158379197544914	0	12	0	0.9252842813446759	
56	0.6913128608098928	0.8026145346104842	STD	0.8300014308341619	0	18	10	0.9577835238432729	
57	0.7062995413951377	0.7555676817559628	STD	0.9202801025384189	0	15	0	0.9570457995369647	
58	0.6946833467470882	0.6969819624143379	STD	0.024773019061071988	0	14	1	0.8849771161692904	
59	0.7445355675199029	0.6959235961593058	STD	0.0043955030246898286	0	8	0	0.8867929841702358	
60	0.7473714992321001	0.650423921638075	STD	0.7767181352457768	0	7	0	0.9615931634556231	
61	0.7721569420072685	0.624518859745052	STD	0.4009246841477785	0	11	1	0.9535846463999479	
62	0.8472347325369116	0.5978493123203564	STD	0.3158613125186116	0	8	0	0.9601341580726244	
63	0.6209223901931383	0.862215538216282	EXIT	0.09340684037377867	0	11	2863	0.9523767829863653	
64	0.6867054774731324	0.6640745017298447	EXIT	0.44276767135037365	0	8	2	0.9472598043972725	
65	0.7439150209175545	0.6185191430027415	EXIT	0.8894984031409685	0	8	7	0.9642393105972259	
66	0.8022264606500168	0.6031697550197176	EXIT	0.4897821310701189	0	7	1	0.9169500502311707	
67	0.7063966504933027	0.6299630166307487	EXIT	0.34622412888138454	0	8	1	0.9656886111453955	
68	0.6461870198678478	0.09215924135885288	EXIT	0.6455755891475534	0	16	861	0.9682929560867415	
69	0.6634258961832257	0.1619477070633198	EXIT	0.6750680584678441	0	16	1051	0.959621871877401	
70	0.7037625067289622	0.06778424955955283	EXIT	0.5322286362104265	0	12	28	0.9662058694160078	
71	0.6987624479386872	0.18315924981954215	EXIT	0.17052770361017888	0	13	65	0.95960086080525	
72	0.6538685441834395	0.0001945040314274314	STD	0.11282527072889215	0	11	0	0.9498509705812204	
73	0.559825411665789	0.03740877169667725	STD	0.9654983985428109	0	16	1	0.929443592044148	
74	0.576153581988845	0.000263010258388662	STD	0.49975484880865473	0	16	0	0.9701054827162183	
75	0.6133145736295614	0.024517878037257763	STD	0.6041615736941612	0	17	1	0.9644732612506094	
76	0.6463688669273957	0.03557925245900701	STD	0.7862496224983011	0	16	1	0.9184762213963348	
77	0.6875197664588574	0.02368811010106969	STD	0.6090311635414465	0	13	1	0.9513059956244774	
78	0.7032177008976098	0.0027391257024041026	STD	0.7560117428681359	0	11	0	0.9579878597691854	
79	0.0	0.05573136187663241	ENTRY	0.0	0	3	1061	0.8857173349919821	
80	0.0	0.8619207793216093	ENTRY	0.0	0	3	1002	0.9201807579515666	
81	0.0	0.7201338529336432	ENTRY	0.0	0	3	1040	0.917606177313529	
82	0.0	0.18546792218326846	ENTRY	0.0	0	3	1083	0.8933676354220251	
83	0.0	0.9539756174441114	ENTRY	0.0	0	3	1034	0.9177408720002576	
