n_interc	
0	
0	
0	
0	
0	
0	
0	
0	
0	
0	
0	
0	
0	
0	
0	
0	
0	
0	
0	
0	
0	
0	
0	
0	
0	
0	
0	
0	
0	
0	
0	
0	
0	
0	
0	
0	
0	
0	
0	
0	
0	
0	
0	
0	
0	
0	
0	
0	
0	
0	
0	
0	
0	
0	
0	
0	
0	
0	
0	
0	
0	
0	
0	
0	
0	
0	
1	
1	
1	
1	
1	
1	
1	
1	
1	
1	
1	
1	
1	
2	
2	
2	
2	
2	
2	
2	
2	
2	
3	
3	
4	
5	
5	
5	
6	
6	
6	
6	
6	
6	
63	
64	
65	
67	
68	
71	
72	
74	
76	
76	
77	
79	
80	
82	
85	
85	
88	
91	
92	
93	
95	
98	
100	
101	
101	
103	
106	
108	
108	
110	
110	
112	
114	
115	
116	
120	
121	
122	
123	
123	
126	
128	
129	
131	
132	
133	
138	
141	
142	
142	
143	
145	
147	
149	
153	
154	
156	
157	
161	
161	
162	
165	
166	
167	
169	
171	
173	
175	
175	
179	
181	
182	
183	
185	
189	
189	
192	
192	
194	
196	
197	
199	
201	
204	
206	
207	
208	
211	
212	
216	
216	
219	
219	
220	
223	
225	
226	
228	
231	
233	
508	
511	
517	
519	
524	
528	
533	
541	
542	
546	
552	
554	
557	
563	
568	
571	
575	
577	
583	
585	
588	
592	
598	
601	
605	
607	
612	
615	
621	
622	
625	
630	
634	
637	
640	
641	
645	
649	
651	
654	
659	
663	
668	
670	
673	
676	
680	
683	
685	
690	
695	
697	
701	
705	
706	
709	
712	
715	
719	
721	
723	
725	
726	
728	
729	
732	
733	
735	
737	
739	
740	
742	
743	
744	
746	
748	
749	
751	
752	
752	
753	
756	
756	
757	
757	
758	
760	
760	
761	
762	
762	
764	
765	
765	
767	
767	
769	
769	
770	
772	
3203	
3205	
3213	
3218	
3223	
3225	
3229	
3236	
3240	
3243	
3249	
3253	
3255	
3262	
3268	
3275	
3279	
3285	
3290	
3294	
3298	
3304	
3309	
3314	
3318	
3322	
3327	
3332	
3334	
3338	
3342	
3344	
3349	
3354	
3357	
3360	
3365	
3371	
3374	
3378	
3380	
3387	
3389	
3399	
3403	
3405	
3410	
3413	
3415	
3421	
3423	
3426	
3431	
3433	
3440	
3443	
3448	
3451	
3457	
3461	
3461	
3461	
3462	
3468	
3471	
3474	
3476	
3479	
3485	
3490	
3490	
3495	
3497	
3504	
3504	
3504	
3507	
3508	
3510	
3515	
3519	
3521	
3523	
3525	
3527	
3528	
3529	
3531	
3532	
3532	
3533	
3535	
3536	
3538	
3540	
3541	
3542	
3545	
3545	
3548	
3026	
3028	
3034	
3037	
3040	
3041	
3041	
3043	
3043	
3045	
3045	
3046	
3047	
3047	
3050	
3052	
3055	
3056	
3058	
3059	
3060	
3062	
3063	
3064	
3066	
3066	
3067	
3071	
3071	
3072	
3075	
3076	
3079	
3079	
3084	
3085	
3085	
3086	
3088	
3090	
3090	
3091	
3092	
3095	
3096	
3096	
3096	
3098	
3103	
3105	
3108	
3108	
3108	
3110	
3112	
3115	
3116	
3116	
3117	
3120	
3122	
3125	
3127	
3128	
3130	
3132	
3135	
3137	
3139	
3139	
3140	
3141	
3143	
3143	
3145	
3147	
3149	
3150	
3151	
3152	
3154	
3155	
3157	
3159	
3162	
3164	
3166	
3169	
3173	
3176	
3179	
3182	
3184	
3185	
3187	
3189	
3192	
3193	
3196	
3197	
