id	x	y	type	qual	N	n_links	count	acc	
1	0.5290865972208558	0.08782825570975693	STD	0.08796867029492694	0	18	0	0.8015362145028174	
2	0.5301822646847826	0.10720123054485474	STD	0.12128170573056885	0	18	0	0.8282532606229058	
3	0.5333754021576235	0.11316317727647134	STD	0.8694071549673579	0	18	1359	0.9749492893044742	
4	0.5228257638719125	0.1527978029111725	STD	0.9133458909198486	0	17	471	0.8363146439910158	
5	0.5110057050013014	0.18322738970304364	STD	0.6924403501510641	0	19	127	0.7873521642766402	
6	0.46055093200691144	0.23803676739353677	STD	0.9434759881463661	0	15	0	0.8127694390384803	
7	0.49049816672070146	0.0769888854245772	STD	0.7285556139052263	0	16	47	0.828537726573575	
8	0.5243639373822653	0.14811813155714765	STD	0.3111909490439393	0	18	0	0.7713125138473559	
9	0.4372574223741947	0.2995079543610299	STD	0.33722728306201044	0	16	0	0.9153718760242763	
10	0.41937970228563354	0.33373740205414487	STD	0.9147260707775524	0	15	0	0.9641144168199473	
11	0.4998163145722239	0.3654513890156738	STD	0.7743901377492024	0	15	0	0.9668484209923924	
12	0.515877597084288	0.3934792280858458	STD	0.4821411303626659	0	12	0	0.757802366884244	
13	0.527761674424959	0.4273044524055435	STD	0.33878619345651706	0	11	0	0.7662412332900351	
14	0.5279485391483765	0.45960239084181165	STD	0.5704472946142616	0	12	0	0.9636761180298177	
15	0.5178388115657108	0.47324318956320754	STD	0.6372245610904119	0	12	0	0.9685841930710577	
16	0.4983862803694047	0.5086814241359012	STD	0.4921070292857028	0	11	0	0.9143549947317969	
17	0.19045354636733625	0.002995199780724391	STD	0.0648890024547768	0	5	45	0.8775580282720411	
18	0.260845314655781	0.09852695010641736	STD	0.3444755038029528	0	7	2	0.9687460071522577	
19	0.23158108780837086	0.14021317238405023	STD	0.5465812779632264	20	10	1007	0.9775826472252332	
20	0.2801200648305022	0.15889412442380177	STD	0.7313988473182058	1	8	21	0.9744547621836958	
21	0.23191891500510464	0.15860984189908572	STD	0.539038657807021	30	10	745	0.9727360262247716	
22	0.24223756772992455	0.18442460012929646	STD	0.4475281413722787	2	8	262	0.9749807803579273	
23	0.368004880062751	0.2085094845428714	STD	0.8364440427293001	1	17	1936	0.9778740728679648	
24	0.3719839740227433	0.2215652327591495	STD	0.08783633581969852	0	17	0	0.9011302956034972	
25	0.3455553328417463	0.2744769879628167	STD	0.7931199951817578	4	15	79	0.9754534999710149	
26	0.44093575929207557	0.3712978642887976	STD	0.2282569222142845	0	15	0	0.8903286237248279	
27	0.36967671375721445	0.41015518237073767	STD	0.36153887466573087	0	14	0	0.8772115028251203	
28	0.1573274485692997	0.4835700453482871	STD	0.5665434012967108	0	2	40	0.8655877062892094	
29	0.36716528647906305	0.4179604961228007	STD	0.2352420560808539	0	13	0	0.8862270305931568	
30	0.22100419841716157	0.4019146525885682	STD	0.5616382316580304	0	4	35	0.7534957082006571	
31	0.47787268628758284	0.5480021666943438	STD	0.31144383780456186	0	11	0	0.9283295377373734	
32	0.46676331894608003	0.6284350713290916	STD	0.7187513190299673	0	7	0	0.9197142102058884	
33	0.4608416104655608	0.7277137825604496	STD	0.24832388370838876	0	7	0	0.9387584184213147	
34	0.4626107695368043	0.8130296791693479	STD	0.6703372511155239	17	15	2748	0.9745838635883765	
35	0.41096732927400903	0.7751332799821633	STD	0.3629279133837131	0	12	55	0.9583339180702654	
36	0.28631860993830643	0.7727157794916976	STD	0.22734281671414514	0	9	27	0.919507540853058	
37	0.2593266062207844	0.7914395937162324	STD	0.6923758850728077	0	9	813	0.963327177705792	
38	0.22221233076092273	0.8261440423391756	STD	0.3708264428719703	21	9	838	0.9669239553107746	
39	0.1527652674630883	0.8358499459600879	STD	0.7265952121402519	16	8	1384	0.9239605509382816	
40	0.28962421229098206	0.869035900942634	STD	0.9938768059702192	1	9	2696	0.9283913392770974	
41	0.3153375768362312	0.8870629299068465	STD	0.3181636527706395	0	11	71	0.962931695440716	
42	0.38914135655596416	0.9106268739207488	STD	0.5139413828010484	1	13	145	0.9688317402262419	
43	0.48046327153884866	0.8968259831074697	STD	0.26252266064995045	0	13	50	0.8911087636922961	
44	0.49826819224557845	0.9044854921625778	STD	0.6150685871696948	0	14	171	0.972614250103473	
45	0.530170585639569	0.9121028717198222	STD	0.19757385750177248	0	15	2	0.9340141046915222	
46	0.4847793275811146	0.9204492747618408	STD	0.00863986262691574	0	10	0	0.8059689998487976	
47	0.5764771347969846	0.9306369200322399	STD	0.5973600017856133	0	15	15	0.9512717836695178	
48	0.6001695919630531	0.9436531031548717	STD	0.15332588002841208	0	15	0	0.9059365535848957	
49	0.5600944622629316	0.9598293649607524	STD	0.7880941855139525	0	13	0	0.9728123670876112	
50	0.676757136993029	0.9547977108106617	STD	0.7201529242697287	0	12	0	0.9277350930602642	
51	0.7136194046106153	0.9998054959685726	STD	0.908608621218425	0	9	0	0.8890798105711337	
52	0.7111205214921377	0.9245728367440629	STD	0.7664631919010951	0	11	0	0.9703769297156535	
53	0.7026486286056469	0.8985914288740412	STD	0.6781043769324218	0	13	0	0.7598026108931223	
54	0.6841337084613773	0.8734880730081942	STD	0.6702723148579197	0	15	0	0.8895115538440269	
55	0.7487391586823343	0.8203755982229649	STD	0.6742820171042427	0	12	0	0.9619826158006212	
56	0.6913128608098928	0.8026145346104842	STD	0.4313772603624717	0	18	0	0.7644901291033787	
57	0.7062995413951377	0.7555676817559628	STD	0.7751807354733318	0	15	0	0.9549445977311167	
58	0.6946833467470882	0.6969819624143379	STD	0.7033934028904927	0	14	0	0.9182983594932338	
59	0.7445355675199029	0.6959235961593058	STD	0.16988128137846847	0	8	0	0.8670841824106452	
60	0.7473714992321001	0.650423921638075	STD	0.6803282649059175	0	7	0	0.9543901777303392	
61	0.7721569420072685	0.624518859745052	STD	0.10223680074716968	0	11	0	0.8014703954343605	
62	0.8472347325369116	0.5978493123203564	STD	0.2534359357289315	0	8	0	0.781270989458403	
63	0.6209223901931383	0.862215538216282	EXIT	0.052636006162266824	0	11	2881	0.871641306967747	
64	0.6867054774731324	0.6640745017298447	EXIT	0.2639949590080326	0	8	0	0.904004006915503	
65	0.7439150209175545	0.6185191430027415	EXIT	0.3847703972764054	0	8	0	0.8191428149731808	
66	0.8022264606500168	0.6031697550197176	EXIT	0.43847711661668476	0	7	0	0.9413926889882074	
67	0.7063966504933027	0.6299630166307487	EXIT	0.9807587727113074	0	8	0	0.7817787324198769	
68	0.6461870198678478	0.09215924135885288	EXIT	0.6477715103603883	0	16	1579	0.7676158731273957	
69	0.6634258961832257	0.1619477070633198	EXIT	0.3519390945711054	0	16	62	0.8329303068601833	
70	0.7037625067289622	0.06778424955955283	EXIT	0.2807525236107682	0	12	34	0.9137117891009741	
71	0.6987624479386872	0.18315924981954215	EXIT	0.4185383543370498	0	13	278	0.9504641669460722	
72	0.6538685441834395	0.0001945040314274314	STD	0.6753492686985729	0	11	0	0.971418710971705	
73	0.559825411665789	0.03740877169667725	STD	0.7056991899748428	0	16	0	0.9687807915627554	
74	0.576153581988845	0.000263010258388662	STD	0.03885367549175367	0	16	0	0.765442072061787	
75	0.6133145736295614	0.024517878037257763	STD	0.23381074348450914	0	17	0	0.8922463560931931	
76	0.6463688669273957	0.03557925245900701	STD	0.0032505456511047193	0	16	0	0.7426772404112467	
77	0.6875197664588574	0.02368811010106969	STD	0.33488956849941576	0	13	0	0.9197859938177194	
78	0.7032177008976098	0.0027391257024041026	STD	0.8271530425050957	0	11	0	0.9333954248346986	
79	0.0	0.1357148422639758	ENTRY	0.0	0	3	1071	0.7626425022425734	
80	0.0	0.8919144924854079	ENTRY	0.0	1	3	1024	0.7655696917099681	
81	0.0	0.8538169100920523	ENTRY	0.0	0	3	1064	0.7560071246728385	
82	0.0	0.24522917746994	ENTRY	0.0	0	3	975	0.7734742975673246	
83	0.0	0.62389557441258	ENTRY	0.0	1	3	997	0.7544163766730053	
