n_interc	
0	
0	
0	
0	
0	
0	
0	
0	
0	
0	
0	
0	
0	
0	
0	
0	
0	
0	
0	
0	
0	
0	
0	
0	
0	
0	
0	
0	
0	
0	
0	
0	
0	
0	
0	
0	
0	
0	
0	
0	
0	
0	
0	
0	
0	
0	
0	
0	
0	
0	
0	
0	
1	
1	
1	
1	
1	
1	
1	
1	
1	
1	
1	
1	
1	
2	
2	
2	
2	
2	
2	
2	
2	
2	
2	
3	
3	
3	
3	
3	
3	
3	
3	
4	
4	
4	
4	
4	
4	
5	
5	
5	
5	
5	
5	
6	
6	
6	
6	
6	
60	
61	
63	
64	
65	
67	
70	
72	
74	
75	
78	
80	
82	
84	
85	
88	
89	
90	
92	
94	
96	
98	
99	
101	
103	
105	
108	
110	
112	
114	
116	
117	
119	
121	
122	
124	
126	
128	
129	
130	
132	
135	
136	
138	
140	
142	
144	
146	
147	
149	
151	
153	
155	
157	
159	
160	
161	
164	
165	
166	
168	
170	
173	
174	
176	
178	
181	
182	
183	
185	
187	
188	
189	
191	
192	
194	
196	
198	
200	
201	
203	
205	
206	
208	
210	
212	
213	
214	
215	
218	
219	
220	
222	
224	
226	
227	
229	
230	
232	
234	
511	
516	
520	
523	
527	
530	
533	
538	
542	
547	
551	
555	
558	
561	
564	
568	
573	
575	
579	
583	
586	
588	
592	
597	
600	
604	
607	
610	
615	
618	
622	
627	
631	
634	
637	
639	
642	
647	
651	
654	
659	
662	
666	
670	
675	
678	
682	
686	
690	
693	
697	
699	
702	
703	
705	
708	
710	
712	
716	
718	
720	
722	
724	
725	
729	
731	
733	
735	
739	
741	
743	
745	
747	
750	
751	
753	
754	
756	
758	
758	
760	
761	
762	
764	
767	
769	
770	
771	
772	
773	
773	
775	
777	
779	
780	
780	
781	
781	
781	
782	
3239	
3242	
3245	
3250	
3254	
3260	
3263	
3267	
3268	
3271	
3276	
3279	
3282	
3285	
3288	
3292	
3295	
3298	
3304	
3312	
3315	
3320	
3325	
3329	
3334	
3340	
3341	
3346	
3349	
3352	
3358	
3364	
3371	
3377	
3383	
3386	
3389	
3392	
3396	
3401	
3404	
3407	
3412	
3415	
3419	
3425	
3428	
3434	
3435	
3437	
3440	
3446	
3449	
3452	
3456	
3457	
3461	
3465	
3466	
3470	
3473	
3478	
3481	
3485	
3490	
3492	
3495	
3497	
3501	
3502	
3507	
3509	
3511	
3512	
3517	
3519	
3521	
3526	
3529	
3532	
3534	
3538	
3539	
3542	
3544	
3548	
3549	
3552	
3554	
3555	
3557	
3559	
3560	
3562	
3569	
3572	
3574	
3575	
3579	
3581	
3049	
3051	
3052	
3054	
3057	
3059	
3061	
3063	
3064	
3065	
3067	
3068	
3070	
3073	
3074	
3075	
3078	
3080	
3084	
3087	
3090	
3094	
3096	
3097	
3099	
3100	
3101	
3103	
3105	
3105	
3107	
3108	
3110	
3115	
3116	
3118	
3119	
3120	
3125	
3128	
3128	
3131	
3132	
3136	
3137	
3138	
3138	
3139	
3141	
3142	
3143	
3146	
3150	
3153	
3155	
3159	
3160	
3160	
3163	
3167	
3171	
3173	
3175	
3175	
3176	
3177	
3178	
3179	
3182	
3183	
3183	
3185	
3187	
3189	
3189	
3190	
3193	
3197	
3199	
3201	
3201	
3205	
3205	
3205	
3207	
3210	
3211	
3212	
3213	
3214	
3216	
3218	
3218	
3218	
3219	
3222	
3223	
3225	
3227	
3228	
