n_interc	
0	
0	
0	
0	
0	
0	
0	
0	
0	
0	
0	
0	
0	
0	
0	
0	
0	
0	
0	
0	
0	
0	
0	
0	
0	
0	
0	
0	
0	
0	
0	
0	
0	
0	
0	
0	
0	
0	
0	
0	
0	
0	
0	
0	
0	
0	
0	
0	
0	
0	
0	
0	
0	
0	
0	
0	
0	
0	
0	
0	
0	
1	
1	
1	
1	
1	
1	
1	
1	
1	
1	
2	
2	
2	
2	
2	
2	
2	
2	
2	
2	
2	
3	
4	
4	
4	
4	
4	
4	
4	
5	
5	
5	
5	
5	
5	
5	
5	
5	
5	
61	
64	
65	
68	
70	
72	
73	
75	
77	
79	
81	
84	
85	
87	
89	
90	
91	
92	
96	
97	
98	
100	
101	
103	
105	
108	
110	
111	
114	
116	
117	
119	
121	
123	
125	
128	
129	
131	
132	
134	
135	
136	
138	
140	
141	
143	
145	
147	
149	
151	
153	
155	
156	
158	
159	
161	
164	
165	
166	
168	
169	
171	
174	
176	
177	
179	
180	
182	
184	
185	
187	
189	
191	
193	
194	
196	
197	
199	
200	
202	
205	
207	
209	
210	
213	
214	
216	
218	
219	
220	
221	
222	
224	
225	
227	
230	
233	
236	
237	
238	
518	
521	
525	
530	
533	
536	
540	
541	
545	
549	
551	
554	
559	
563	
566	
571	
575	
579	
583	
586	
590	
594	
599	
603	
607	
610	
614	
618	
620	
622	
627	
630	
635	
639	
643	
647	
652	
655	
657	
661	
664	
668	
670	
673	
678	
681	
685	
690	
693	
695	
697	
699	
703	
707	
710	
713	
715	
718	
720	
721	
723	
726	
727	
731	
733	
736	
737	
741	
743	
745	
746	
747	
749	
750	
752	
754	
755	
756	
758	
759	
760	
760	
761	
761	
763	
764	
765	
767	
768	
770	
773	
774	
775	
775	
777	
777	
778	
779	
780	
782	
3238	
3242	
3246	
3250	
3258	
3259	
3262	
3266	
3267	
3271	
3272	
3274	
3280	
3283	
3288	
3293	
3296	
3301	
3308	
3311	
3313	
3315	
3322	
3325	
3328	
3332	
3337	
3342	
3346	
3349	
3358	
3364	
3368	
3371	
3374	
3378	
3381	
3385	
3390	
3395	
3399	
3405	
3408	
3410	
3413	
3417	
3420	
3422	
3429	
3434	
3438	
3438	
3442	
3447	
3449	
3450	
3454	
3459	
3463	
3466	
3468	
3473	
3475	
3478	
3481	
3482	
3485	
3490	
3492	
3495	
3500	
3501	
3503	
3506	
3509	
3512	
3513	
3516	
3518	
3521	
3523	
3526	
3530	
3531	
3534	
3536	
3537	
3538	
3539	
3540	
3542	
3544	
3546	
3548	
3554	
3555	
3556	
3560	
3560	
3560	
3034	
3034	
3036	
3037	
3041	
3043	
3046	
3048	
3051	
3051	
3052	
3053	
3053	
3056	
3059	
3059	
3059	
3061	
3062	
3063	
3064	
3064	
3066	
3068	
3069	
3072	
3072	
3075	
3076	
3078	
3079	
3080	
3081	
3083	
3086	
3087	
3088	
3089	
3092	
3095	
3097	
3097	
3097	
3099	
3102	
3105	
3105	
3106	
3107	
3108	
3109	
3112	
3113	
3115	
3116	
3117	
3119	
3120	
3122	
3122	
3123	
3126	
3128	
3131	
3131	
3132	
3132	
3134	
3136	
3137	
3140	
3143	
3144	
3145	
3146	
3147	
3148	
3152	
3153	
3155	
3156	
3157	
3159	
3161	
3162	
3163	
3164	
3164	
3165	
3167	
3167	
3168	
3169	
3169	
3171	
3173	
3173	
3175	
3175	
3176	
