n_interc	
0	
0	
0	
0	
0	
0	
0	
0	
0	
0	
0	
0	
0	
0	
0	
0	
0	
0	
0	
0	
0	
0	
0	
0	
0	
0	
0	
0	
0	
0	
0	
0	
0	
0	
0	
0	
0	
0	
0	
0	
0	
0	
0	
0	
0	
0	
0	
0	
0	
0	
0	
0	
0	
0	
0	
0	
0	
0	
0	
0	
0	
0	
1	
1	
1	
1	
1	
2	
2	
2	
2	
2	
2	
2	
2	
2	
2	
2	
2	
2	
2	
2	
3	
3	
4	
4	
4	
4	
4	
4	
4	
4	
4	
4	
4	
4	
4	
4	
4	
5	
60	
62	
63	
65	
66	
70	
70	
72	
73	
73	
75	
78	
79	
81	
82	
84	
87	
88	
90	
92	
92	
97	
97	
98	
100	
102	
103	
105	
106	
108	
110	
111	
114	
116	
116	
120	
123	
124	
125	
127	
127	
130	
133	
134	
137	
139	
142	
144	
147	
148	
149	
151	
153	
153	
156	
156	
160	
160	
163	
163	
165	
166	
167	
168	
170	
173	
174	
175	
178	
180	
181	
181	
185	
186	
189	
190	
192	
194	
195	
195	
197	
199	
200	
202	
205	
205	
208	
210	
213	
215	
216	
220	
221	
223	
224	
225	
229	
230	
232	
234	
510	
514	
518	
522	
527	
529	
531	
533	
537	
541	
544	
549	
552	
554	
558	
560	
563	
567	
570	
574	
579	
582	
587	
593	
596	
602	
605	
609	
613	
618	
621	
626	
629	
632	
636	
641	
645	
651	
654	
659	
663	
666	
671	
676	
679	
682	
686	
690	
692	
695	
698	
701	
705	
707	
710	
713	
716	
719	
723	
725	
729	
730	
733	
736	
738	
743	
743	
745	
748	
749	
751	
752	
754	
755	
759	
760	
761	
762	
763	
766	
768	
769	
771	
771	
773	
776	
777	
777	
780	
780	
781	
781	
782	
784	
785	
786	
787	
789	
792	
794	
3289	
3295	
3299	
3300	
3303	
3307	
3315	
3318	
3321	
3323	
3328	
3338	
3342	
3344	
3346	
3350	
3350	
3352	
3356	
3360	
3364	
3367	
3371	
3379	
3386	
3387	
3388	
3392	
3397	
3401	
3404	
3413	
3421	
3426	
3431	
3434	
3437	
3440	
3442	
3445	
3448	
3450	
3455	
3455	
3458	
3461	
3465	
3470	
3474	
3478	
3478	
3480	
3482	
3483	
3486	
3486	
3487	
3494	
3495	
3497	
3502	
3508	
3511	
3513	
3519	
3525	
3531	
3531	
3533	
3537	
3540	
3542	
3544	
3548	
3550	
3555	
3560	
3561	
3565	
3566	
3572	
3574	
3575	
3579	
3581	
3582	
3585	
3585	
3586	
3589	
3592	
3595	
3596	
3598	
3603	
3603	
3604	
3604	
3606	
3607	
3076	
3077	
3080	
3082	
3083	
3086	
3088	
3088	
3090	
3092	
3093	
3096	
3098	
3099	
3101	
3101	
3104	
3105	
3105	
3106	
3109	
3110	
3111	
3112	
3113	
3114	
3114	
3115	
3116	
3118	
3120	
3122	
3122	
3123	
3123	
3124	
3125	
3127	
3128	
3133	
3134	
3134	
3135	
3137	
3137	
3138	
3140	
3142	
3144	
3145	
3146	
3146	
3151	
3151	
3154	
3157	
3160	
3160	
3160	
3164	
3166	
3167	
3167	
3169	
3170	
3172	
3172	
3177	
3179	
3182	
3183	
3184	
3185	
3191	
3193	
3195	
3196	
3197	
3198	
3201	
3202	
3203	
3204	
3206	
3208	
3209	
3211	
3212	
3212	
3215	
3217	
3217	
3220	
3222	
3223	
3226	
3228	
3228	
3230	
3231	
