n_interc	
0	
0	
0	
0	
0	
0	
0	
0	
0	
0	
0	
0	
0	
0	
0	
0	
0	
0	
0	
0	
0	
0	
0	
0	
0	
0	
0	
0	
0	
0	
0	
0	
0	
0	
0	
0	
0	
0	
0	
0	
0	
0	
0	
0	
0	
0	
0	
0	
0	
0	
0	
0	
0	
0	
0	
0	
0	
0	
0	
1	
1	
1	
1	
1	
1	
1	
1	
1	
2	
3	
3	
3	
3	
3	
4	
4	
4	
4	
4	
4	
4	
4	
4	
4	
5	
6	
6	
6	
7	
7	
7	
7	
7	
7	
7	
7	
7	
8	
8	
8	
73	
75	
77	
79	
80	
84	
84	
86	
87	
89	
92	
94	
95	
97	
98	
100	
101	
103	
105	
105	
109	
110	
111	
112	
114	
115	
118	
120	
123	
124	
126	
127	
128	
130	
132	
134	
136	
137	
140	
142	
142	
146	
147	
150	
151	
153	
155	
159	
160	
161	
163	
165	
168	
169	
170	
172	
174	
174	
177	
179	
179	
183	
184	
187	
188	
191	
192	
193	
196	
197	
200	
202	
203	
205	
207	
210	
212	
213	
215	
216	
218	
220	
221	
223	
224	
225	
227	
228	
230	
232	
235	
235	
238	
240	
242	
243	
244	
246	
250	
251	
549	
554	
559	
562	
566	
568	
571	
577	
582	
585	
590	
593	
598	
604	
608	
611	
613	
618	
623	
626	
632	
637	
641	
644	
647	
650	
654	
657	
660	
665	
669	
672	
675	
679	
683	
685	
687	
690	
694	
696	
698	
701	
704	
707	
710	
712	
715	
717	
721	
723	
726	
728	
731	
733	
735	
738	
739	
742	
745	
745	
748	
750	
754	
756	
759	
760	
763	
764	
764	
766	
768	
768	
769	
770	
773	
775	
775	
777	
778	
778	
780	
780	
781	
783	
783	
784	
784	
786	
788	
788	
789	
790	
790	
792	
793	
793	
793	
796	
796	
797	
3316	
3319	
3327	
3330	
3332	
3332	
3338	
3343	
3344	
3350	
3352	
3355	
3356	
3361	
3364	
3369	
3371	
3377	
3383	
3386	
3389	
3392	
3396	
3399	
3400	
3400	
3406	
3408	
3409	
3417	
3421	
3429	
3430	
3433	
3437	
3439	
3442	
3445	
3446	
3449	
3453	
3453	
3458	
3459	
3460	
3462	
3466	
3469	
3471	
3472	
3476	
3478	
3482	
3485	
3487	
3489	
3493	
3497	
3499	
3502	
3507	
3509	
3511	
3514	
3516	
3518	
3520	
3522	
3525	
3531	
3531	
3533	
3536	
3539	
3542	
3543	
3547	
3548	
3554	
3556	
3556	
3557	
3559	
3560	
3561	
3565	
3566	
3566	
3569	
3571	
3571	
3574	
3575	
3577	
3579	
3582	
3583	
3585	
3586	
3588	
3056	
3057	
3058	
3058	
3059	
3059	
3062	
3063	
3064	
3068	
3068	
3070	
3070	
3072	
3072	
3073	
3074	
3076	
3077	
3078	
3079	
3079	
3079	
3081	
3082	
3085	
3089	
3090	
3090	
3092	
3096	
3099	
3100	
3100	
3100	
3101	
3102	
3103	
3106	
3107	
3109	
3112	
3113	
3116	
3117	
3118	
3119	
3121	
3124	
3124	
3125	
3129	
3131	
3131	
3131	
3134	
3134	
3136	
3136	
3139	
3141	
3141	
3142	
3143	
3145	
3145	
3145	
3145	
3146	
3147	
3147	
3148	
3151	
3152	
3153	
3157	
3157	
3159	
3160	
3161	
3163	
3164	
3164	
3166	
3166	
3171	
3173	
3174	
3175	
3175	
3176	
3179	
3180	
3180	
3180	
3181	
3183	
3185	
3187	
3187	
